Image name,neutral,happiness,surprise,sadness,anger,disgust,fear,contempt,unknown,NF
S010_004_00000017.png,0,0,0,0,10,0,0,0,0,0
S010_004_00000018.png,0,0,0,0,10,0,0,0,0,0
S010_004_00000019.png,0,0,0,0,10,0,0,0,0,0
S011_004_00000019.png,0,0,0,0,10,0,0,0,0,0
S011_004_00000020.png,0,0,0,0,10,0,0,0,0,0
S011_004_00000021.png,0,0,0,0,10,0,0,0,0,0
S014_003_00000028.png,0,0,0,0,10,0,0,0,0,0
S014_003_00000029.png,0,0,0,0,10,0,0,0,0,0
S014_003_00000030.png,0,0,0,0,10,0,0,0,0,0
S022_005_00000030.png,0,0,0,0,10,0,0,0,0,0
S022_005_00000031.png,0,0,0,0,10,0,0,0,0,0
S022_005_00000032.png,0,0,0,0,10,0,0,0,0,0
S026_003_00000013.png,0,0,0,0,10,0,0,0,0,0
S026_003_00000014.png,0,0,0,0,10,0,0,0,0,0
S026_003_00000015.png,0,0,0,0,10,0,0,0,0,0
S028_001_00000022.png,0,0,0,0,10,0,0,0,0,0
S028_001_00000023.png,0,0,0,0,10,0,0,0,0,0
S028_001_00000024.png,0,0,0,0,10,0,0,0,0,0
S029_001_00000017.png,0,0,0,0,10,0,0,0,0,0
S029_001_00000018.png,0,0,0,0,10,0,0,0,0,0
S029_001_00000019.png,0,0,0,0,10,0,0,0,0,0
S032_003_00000015.png,0,0,0,0,10,0,0,0,0,0
S032_003_00000016.png,0,0,0,0,10,0,0,0,0,0
S032_003_00000017.png,0,0,0,0,10,0,0,0,0,0
S034_003_00000025.png,0,0,0,0,10,0,0,0,0,0
S034_003_00000026.png,0,0,0,0,10,0,0,0,0,0
S034_003_00000027.png,0,0,0,0,10,0,0,0,0,0
S037_003_00000020.png,0,0,0,0,10,0,0,0,0,0
S037_003_00000021.png,0,0,0,0,10,0,0,0,0,0
S037_003_00000022.png,0,0,0,0,10,0,0,0,0,0
S042_004_00000018.png,0,0,0,0,10,0,0,0,0,0
S042_004_00000019.png,0,0,0,0,10,0,0,0,0,0
S042_004_00000020.png,0,0,0,0,10,0,0,0,0,0
S045_005_00000028.png,0,0,0,0,10,0,0,0,0,0
S045_005_00000029.png,0,0,0,0,10,0,0,0,0,0
S045_005_00000030.png,0,0,0,0,10,0,0,0,0,0
S050_004_00000019.png,0,0,0,0,10,0,0,0,0,0
S050_004_00000020.png,0,0,0,0,10,0,0,0,0,0
S050_004_00000021.png,0,0,0,0,10,0,0,0,0,0
S055_004_00000026.png,0,0,0,0,10,0,0,0,0,0
S055_004_00000027.png,0,0,0,0,10,0,0,0,0,0
S055_004_00000028.png,0,0,0,0,10,0,0,0,0,0
S058_005_00000008.png,0,0,0,0,10,0,0,0,0,0
S058_005_00000009.png,0,0,0,0,10,0,0,0,0,0
S058_005_00000010.png,0,0,0,0,10,0,0,0,0,0
S066_005_00000009.png,0,0,0,0,10,0,0,0,0,0
S066_005_00000010.png,0,0,0,0,10,0,0,0,0,0
S066_005_00000011.png,0,0,0,0,10,0,0,0,0,0
S067_004_00000021.png,0,0,0,0,10,0,0,0,0,0
S067_004_00000022.png,0,0,0,0,10,0,0,0,0,0
S067_004_00000023.png,0,0,0,0,10,0,0,0,0,0
S071_004_00000026.png,0,0,0,0,10,0,0,0,0,0
S071_004_00000027.png,0,0,0,0,10,0,0,0,0,0
S071_004_00000028.png,0,0,0,0,10,0,0,0,0,0
S072_005_00000017.png,0,0,0,0,10,0,0,0,0,0
S072_005_00000018.png,0,0,0,0,10,0,0,0,0,0
S072_005_00000019.png,0,0,0,0,10,0,0,0,0,0
S075_008_00000010.png,0,0,0,0,10,0,0,0,0,0
S075_008_00000011.png,0,0,0,0,10,0,0,0,0,0
S075_008_00000012.png,0,0,0,0,10,0,0,0,0,0
S082_005_00000015.png,0,0,0,0,10,0,0,0,0,0
S082_005_00000016.png,0,0,0,0,10,0,0,0,0,0
S082_005_00000017.png,0,0,0,0,10,0,0,0,0,0
S087_007_00000014.png,0,0,0,0,10,0,0,0,0,0
S087_007_00000015.png,0,0,0,0,10,0,0,0,0,0
S087_007_00000016.png,0,0,0,0,10,0,0,0,0,0
S089_003_00000034.png,0,0,0,0,10,0,0,0,0,0
S089_003_00000035.png,0,0,0,0,10,0,0,0,0,0
S089_003_00000036.png,0,0,0,0,10,0,0,0,0,0
S090_007_00000012.png,0,0,0,0,10,0,0,0,0,0
S090_007_00000013.png,0,0,0,0,10,0,0,0,0,0
S090_007_00000014.png,0,0,0,0,10,0,0,0,0,0
S092_003_00000012.png,0,0,0,0,10,0,0,0,0,0
S092_003_00000013.png,0,0,0,0,10,0,0,0,0,0
S092_003_00000014.png,0,0,0,0,10,0,0,0,0,0
S100_005_00000021.png,0,0,0,0,10,0,0,0,0,0
S100_005_00000022.png,0,0,0,0,10,0,0,0,0,0
S100_005_00000023.png,0,0,0,0,10,0,0,0,0,0
S109_003_00000015.png,0,0,0,0,10,0,0,0,0,0
S109_003_00000016.png,0,0,0,0,10,0,0,0,0,0
S109_003_00000017.png,0,0,0,0,10,0,0,0,0,0
S111_006_00000008.png,0,0,0,0,10,0,0,0,0,0
S111_006_00000009.png,0,0,0,0,10,0,0,0,0,0
S111_006_00000010.png,0,0,0,0,10,0,0,0,0,0
S112_005_00000015.png,0,0,0,0,10,0,0,0,0,0
S112_005_00000016.png,0,0,0,0,10,0,0,0,0,0
S112_005_00000017.png,0,0,0,0,10,0,0,0,0,0
S113_008_00000021.png,0,0,0,0,10,0,0,0,0,0
S113_008_00000022.png,0,0,0,0,10,0,0,0,0,0
S113_008_00000023.png,0,0,0,0,10,0,0,0,0,0
S117_006_00000008.png,0,0,0,0,10,0,0,0,0,0
S117_006_00000009.png,0,0,0,0,10,0,0,0,0,0
S117_006_00000010.png,0,0,0,0,10,0,0,0,0,0
S119_008_00000016.png,0,0,0,0,10,0,0,0,0,0
S119_008_00000017.png,0,0,0,0,10,0,0,0,0,0
S119_008_00000018.png,0,0,0,0,10,0,0,0,0,0
S126_008_00000027.png,0,0,0,0,10,0,0,0,0,0
S126_008_00000028.png,0,0,0,0,10,0,0,0,0,0
S126_008_00000029.png,0,0,0,0,10,0,0,0,0,0
S127_010_00000016.png,0,0,0,0,10,0,0,0,0,0
S127_010_00000017.png,0,0,0,0,10,0,0,0,0,0
S127_010_00000018.png,0,0,0,0,10,0,0,0,0,0
S129_006_00000008.png,0,0,0,0,10,0,0,0,0,0
S129_006_00000009.png,0,0,0,0,10,0,0,0,0,0
S129_006_00000010.png,0,0,0,0,10,0,0,0,0,0
S130_007_00000018.png,0,0,0,0,10,0,0,0,0,0
S130_007_00000019.png,0,0,0,0,10,0,0,0,0,0
S130_007_00000020.png,0,0,0,0,10,0,0,0,0,0
S133_003_00000045.png,0,0,0,0,10,0,0,0,0,0
S133_003_00000046.png,0,0,0,0,10,0,0,0,0,0
S133_003_00000047.png,0,0,0,0,10,0,0,0,0,0
S134_003_00000009.png,0,0,0,0,10,0,0,0,0,0
S134_003_00000010.png,0,0,0,0,10,0,0,0,0,0
S134_003_00000011.png,0,0,0,0,10,0,0,0,0,0
S136_005_00000008.png,0,0,0,0,10,0,0,0,0,0
S136_005_00000009.png,0,0,0,0,10,0,0,0,0,0
S136_005_00000010.png,0,0,0,0,10,0,0,0,0,0
S501_001_00000065.png,0,0,0,0,10,0,0,0,0,0
S501_001_00000066.png,0,0,0,0,10,0,0,0,0,0
S501_001_00000067.png,0,0,0,0,10,0,0,0,0,0
S502_001_00000014.png,0,0,0,0,10,0,0,0,0,0
S502_001_00000015.png,0,0,0,0,10,0,0,0,0,0
S502_001_00000016.png,0,0,0,0,10,0,0,0,0,0
S503_001_00000069.png,0,0,0,0,10,0,0,0,0,0
S503_001_00000070.png,0,0,0,0,10,0,0,0,0,0
S503_001_00000071.png,0,0,0,0,10,0,0,0,0,0
S504_001_00000020.png,0,0,0,0,10,0,0,0,0,0
S504_001_00000021.png,0,0,0,0,10,0,0,0,0,0
S504_001_00000022.png,0,0,0,0,10,0,0,0,0,0
S506_001_00000038.png,0,0,0,0,10,0,0,0,0,0
S506_001_00000039.png,0,0,0,0,10,0,0,0,0,0
S506_001_00000040.png,0,0,0,0,10,0,0,0,0,0
S999_001_00000016.png,0,0,0,0,10,0,0,0,0,0
S999_001_00000017.png,0,0,0,0,10,0,0,0,0,0
S999_001_00000018.png,0,0,0,0,10,0,0,0,0,0
S138_008_00000007.png,0,0,0,0,0,0,0,0,0,0
S138_008_00000008.png,0,0,0,0,0,0,0,0,0,0
S138_008_00000009.png,0,0,0,0,0,0,0,0,0,0
S139_002_00000011.png,0,0,0,0,0,0,0,0,0,0
S139_002_00000012.png,0,0,0,0,0,0,0,0,0,0
S139_002_00000013.png,0,0,0,0,0,0,0,0,0,0
S147_002_00000011.png,0,0,0,0,0,0,0,0,0,0
S147_002_00000012.png,0,0,0,0,0,0,0,0,0,0
S147_002_00000013.png,0,0,0,0,0,0,0,0,0,0
S148_002_00000013.png,0,0,0,0,0,0,0,0,0,0
S148_002_00000014.png,0,0,0,0,0,0,0,0,0,0
S148_002_00000015.png,0,0,0,0,0,0,0,0,0,0
S149_002_00000011.png,0,0,0,0,0,0,0,0,0,0
S149_002_00000012.png,0,0,0,0,0,0,0,0,0,0
S149_002_00000013.png,0,0,0,0,0,0,0,0,0,0
S151_002_00000027.png,0,0,0,0,0,0,0,0,0,0
S151_002_00000028.png,0,0,0,0,0,0,0,0,0,0
S151_002_00000029.png,0,0,0,0,0,0,0,0,0,0
S154_002_00000011.png,0,0,0,0,0,0,0,0,0,0
S154_002_00000012.png,0,0,0,0,0,0,0,0,0,0
S154_002_00000013.png,0,0,0,0,0,0,0,0,0,0
S155_002_00000010.png,0,0,0,0,0,0,0,0,0,0
S155_002_00000011.png,0,0,0,0,0,0,0,0,0,0
S155_002_00000012.png,0,0,0,0,0,0,0,0,0,0
S156_002_00000019.png,0,0,0,0,0,0,0,0,0,0
S156_002_00000020.png,0,0,0,0,0,0,0,0,0,0
S156_002_00000021.png,0,0,0,0,0,0,0,0,0,0
S157_002_00000009.png,0,0,0,0,0,0,0,0,0,0
S157_002_00000010.png,0,0,0,0,0,0,0,0,0,0
S157_002_00000011.png,0,0,0,0,0,0,0,0,0,0
S158_002_00000009.png,0,0,0,0,0,0,0,0,0,0
S158_002_00000010.png,0,0,0,0,0,0,0,0,0,0
S158_002_00000011.png,0,0,0,0,0,0,0,0,0,0
S160_006_00000008.png,0,0,0,0,0,0,0,0,0,0
S160_006_00000009.png,0,0,0,0,0,0,0,0,0,0
S160_006_00000010.png,0,0,0,0,0,0,0,0,0,0
S502_002_00000007.png,0,0,0,0,0,0,0,0,0,0
S502_002_00000008.png,0,0,0,0,0,0,0,0,0,0
S502_002_00000009.png,0,0,0,0,0,0,0,0,0,0
S503_002_00000006.png,0,0,0,0,0,0,0,0,0,0
S503_002_00000007.png,0,0,0,0,0,0,0,0,0,0
S503_002_00000008.png,0,0,0,0,0,0,0,0,0,0
S504_002_00000007.png,0,0,0,0,0,0,0,0,0,0
S504_002_00000008.png,0,0,0,0,0,0,0,0,0,0
S504_002_00000009.png,0,0,0,0,0,0,0,0,0,0
S505_002_00000019.png,0,0,0,0,0,0,0,0,0,0
S505_002_00000020.png,0,0,0,0,0,0,0,0,0,0
S505_002_00000021.png,0,0,0,0,0,0,0,0,0,0
S506_002_00000007.png,0,0,0,0,0,0,0,0,0,0
S506_002_00000008.png,0,0,0,0,0,0,0,0,0,0
S506_002_00000009.png,0,0,0,0,0,0,0,0,0,0
S895_002_00000005.png,0,0,0,0,0,0,0,0,0,0
S895_002_00000006.png,0,0,0,0,0,0,0,0,0,0
S895_002_00000007.png,0,0,0,0,0,0,0,0,0,0
S005_001_00000009.png,0,0,0,0,0,0,0,0,0,0
S005_001_00000010.png,0,0,0,0,0,0,0,0,0,0
S005_001_00000011.png,0,0,0,0,0,0,0,0,0,0
S011_005_00000018.png,0,0,0,0,0,0,0,0,0,0
S011_005_00000019.png,0,0,0,0,0,0,0,0,0,0
S011_005_00000020.png,0,0,0,0,0,0,0,0,0,0
S022_006_00000015.png,0,0,0,0,0,0,0,0,0,0
S022_006_00000016.png,0,0,0,0,0,0,0,0,0,0
S022_006_00000017.png,0,0,0,0,0,0,0,0,0,0
S032_005_00000014.png,0,0,0,0,0,0,0,0,0,0
S032_005_00000015.png,0,0,0,0,0,0,0,0,0,0
S032_005_00000016.png,0,0,0,0,0,0,0,0,0,0
S035_005_00000017.png,0,0,0,0,0,0,0,0,0,0
S035_005_00000018.png,0,0,0,0,0,0,0,0,0,0
S035_005_00000019.png,0,0,0,0,0,0,0,0,0,0
S044_006_00000017.png,0,0,0,0,0,0,0,0,0,0
S044_006_00000018.png,0,0,0,0,0,0,0,0,0,0
S044_006_00000019.png,0,0,0,0,0,0,0,0,0,0
S045_004_00000013.png,0,0,0,0,0,0,0,0,0,0
S045_004_00000014.png,0,0,0,0,0,0,0,0,0,0
S045_004_00000015.png,0,0,0,0,0,0,0,0,0,0
S046_004_00000015.png,0,0,0,0,0,0,0,0,0,0
S046_004_00000016.png,0,0,0,0,0,0,0,0,0,0
S046_004_00000017.png,0,0,0,0,0,0,0,0,0,0
S051_003_00000016.png,0,0,0,0,0,0,0,0,0,0
S051_003_00000017.png,0,0,0,0,0,0,0,0,0,0
S051_003_00000018.png,0,0,0,0,0,0,0,0,0,0
S052_006_00000011.png,0,0,0,0,0,0,0,0,0,0
S052_006_00000012.png,0,0,0,0,0,0,0,0,0,0
S052_006_00000013.png,0,0,0,0,0,0,0,0,0,0
S054_004_00000022.png,0,0,0,0,0,0,0,0,0,0
S054_004_00000023.png,0,0,0,0,0,0,0,0,0,0
S054_004_00000024.png,0,0,0,0,0,0,0,0,0,0
S055_003_00000007.png,0,0,0,0,0,0,0,0,0,0
S055_003_00000008.png,0,0,0,0,0,0,0,0,0,0
S055_003_00000009.png,0,0,0,0,0,0,0,0,0,0
S056_002_00000008.png,0,0,0,0,0,0,0,0,0,0
S056_002_00000009.png,0,0,0,0,0,0,0,0,0,0
S056_002_00000010.png,0,0,0,0,0,0,0,0,0,0
S057_003_00000013.png,0,0,0,0,0,0,0,0,0,0
S057_003_00000014.png,0,0,0,0,0,0,0,0,0,0
S057_003_00000015.png,0,0,0,0,0,0,0,0,0,0
S058_006_00000016.png,0,0,0,0,0,0,0,0,0,0
S058_006_00000017.png,0,0,0,0,0,0,0,0,0,0
S058_006_00000018.png,0,0,0,0,0,0,0,0,0,0
S060_005_00000019.png,0,0,0,0,0,0,0,0,0,0
S060_005_00000020.png,0,0,0,0,0,0,0,0,0,0
S060_005_00000021.png,0,0,0,0,0,0,0,0,0,0
S061_004_00000020.png,0,0,0,0,0,0,0,0,0,0
S061_004_00000021.png,0,0,0,0,0,0,0,0,0,0
S061_004_00000022.png,0,0,0,0,0,0,0,0,0,0
S062_005_00000027.png,0,0,0,0,0,0,0,0,0,0
S062_005_00000028.png,0,0,0,0,0,0,0,0,0,0
S062_005_00000029.png,0,0,0,0,0,0,0,0,0,0
S065_005_00000006.png,0,0,0,0,0,0,0,0,0,0
S065_005_00000007.png,0,0,0,0,0,0,0,0,0,0
S065_005_00000008.png,0,0,0,0,0,0,0,0,0,0
S067_006_00000009.png,0,0,0,0,0,0,0,0,0,0
S067_006_00000010.png,0,0,0,0,0,0,0,0,0,0
S067_006_00000011.png,0,0,0,0,0,0,0,0,0,0
S068_005_00000019.png,0,0,0,0,0,0,0,0,0,0
S068_005_00000020.png,0,0,0,0,0,0,0,0,0,0
S068_005_00000021.png,0,0,0,0,0,0,0,0,0,0
S069_003_00000009.png,0,0,0,0,0,0,0,0,0,0
S069_003_00000010.png,0,0,0,0,0,0,0,0,0,0
S069_003_00000011.png,0,0,0,0,0,0,0,0,0,0
S070_005_00000014.png,0,0,0,0,0,0,0,0,0,0
S070_005_00000015.png,0,0,0,0,0,0,0,0,0,0
S070_005_00000016.png,0,0,0,0,0,0,0,0,0,0
S071_006_00000012.png,0,0,0,0,0,0,0,0,0,0
S071_006_00000013.png,0,0,0,0,0,0,0,0,0,0
S071_006_00000014.png,0,0,0,0,0,0,0,0,0,0
S073_006_00000012.png,0,0,0,0,0,0,0,0,0,0
S073_006_00000013.png,0,0,0,0,0,0,0,0,0,0
S073_006_00000014.png,0,0,0,0,0,0,0,0,0,0
S074_004_00000016.png,0,0,0,0,0,0,0,0,0,0
S074_004_00000017.png,0,0,0,0,0,0,0,0,0,0
S074_004_00000018.png,0,0,0,0,0,0,0,0,0,0
S075_005_00000010.png,0,0,0,0,0,0,0,0,0,0
S075_005_00000011.png,0,0,0,0,0,0,0,0,0,0
S075_005_00000012.png,0,0,0,0,0,0,0,0,0,0
S076_005_00000010.png,0,0,0,0,0,0,0,0,0,0
S076_005_00000011.png,0,0,0,0,0,0,0,0,0,0
S076_005_00000012.png,0,0,0,0,0,0,0,0,0,0
S077_006_00000012.png,0,0,0,0,0,0,0,0,0,0
S077_006_00000013.png,0,0,0,0,0,0,0,0,0,0
S077_006_00000014.png,0,0,0,0,0,0,0,0,0,0
S078_007_00000011.png,0,0,0,0,0,0,0,0,0,0
S078_007_00000012.png,0,0,0,0,0,0,0,0,0,0
S078_007_00000013.png,0,0,0,0,0,0,0,0,0,0
S079_002_00000010.png,0,0,0,0,0,0,0,0,0,0
S079_002_00000011.png,0,0,0,0,0,0,0,0,0,0
S079_002_00000012.png,0,0,0,0,0,0,0,0,0,0
S080_008_00000007.png,0,0,0,0,0,0,0,0,0,0
S080_008_00000008.png,0,0,0,0,0,0,0,0,0,0
S080_008_00000009.png,0,0,0,0,0,0,0,0,0,0
S081_008_00000009.png,0,0,0,0,0,0,0,0,0,0
S081_008_00000010.png,0,0,0,0,0,0,0,0,0,0
S081_008_00000011.png,0,0,0,0,0,0,0,0,0,0
S082_007_00000008.png,0,0,0,0,0,0,0,0,0,0
S082_007_00000009.png,0,0,0,0,0,0,0,0,0,0
S082_007_00000010.png,0,0,0,0,0,0,0,0,0,0
S085_004_00000015.png,0,0,0,0,0,0,0,0,0,0
S085_004_00000016.png,0,0,0,0,0,0,0,0,0,0
S085_004_00000017.png,0,0,0,0,0,0,0,0,0,0
S087_004_00000010.png,0,0,0,0,0,0,0,0,0,0
S087_004_00000011.png,0,0,0,0,0,0,0,0,0,0
S087_004_00000012.png,0,0,0,0,0,0,0,0,0,0
S088_004_00000018.png,0,0,0,0,0,0,0,0,0,0
S088_004_00000019.png,0,0,0,0,0,0,0,0,0,0
S088_004_00000020.png,0,0,0,0,0,0,0,0,0,0
S090_006_00000009.png,0,0,0,0,0,0,0,0,0,0
S090_006_00000010.png,0,0,0,0,0,0,0,0,0,0
S090_006_00000011.png,0,0,0,0,0,0,0,0,0,0
S095_006_00000011.png,0,0,0,0,0,0,0,0,0,0
S095_006_00000012.png,0,0,0,0,0,0,0,0,0,0
S095_006_00000013.png,0,0,0,0,0,0,0,0,0,0
S096_003_00000010.png,0,0,0,0,0,0,0,0,0,0
S096_003_00000011.png,0,0,0,0,0,0,0,0,0,0
S096_003_00000012.png,0,0,0,0,0,0,0,0,0,0
S097_004_00000028.png,0,0,0,0,0,0,0,0,0,0
S097_004_00000029.png,0,0,0,0,0,0,0,0,0,0
S097_004_00000030.png,0,0,0,0,0,0,0,0,0,0
S098_003_00000011.png,0,0,0,0,0,0,0,0,0,0
S098_003_00000012.png,0,0,0,0,0,0,0,0,0,0
S098_003_00000013.png,0,0,0,0,0,0,0,0,0,0
S099_007_00000010.png,0,0,0,0,0,0,0,0,0,0
S099_007_00000011.png,0,0,0,0,0,0,0,0,0,0
S099_007_00000012.png,0,0,0,0,0,0,0,0,0,0
S102_009_00000013.png,0,0,0,0,0,0,0,0,0,0
S102_009_00000014.png,0,0,0,0,0,0,0,0,0,0
S102_009_00000015.png,0,0,0,0,0,0,0,0,0,0
S105_008_00000008.png,0,0,0,0,0,0,0,0,0,0
S105_008_00000009.png,0,0,0,0,0,0,0,0,0,0
S105_008_00000010.png,0,0,0,0,0,0,0,0,0,0
S106_004_00000006.png,0,0,0,0,0,0,0,0,0,0
S106_004_00000007.png,0,0,0,0,0,0,0,0,0,0
S106_004_00000008.png,0,0,0,0,0,0,0,0,0,0
S107_005_00000009.png,0,0,0,0,0,0,0,0,0,0
S107_005_00000010.png,0,0,0,0,0,0,0,0,0,0
S107_005_00000011.png,0,0,0,0,0,0,0,0,0,0
S108_006_00000018.png,0,0,0,0,0,0,0,0,0,0
S108_006_00000019.png,0,0,0,0,0,0,0,0,0,0
S108_006_00000020.png,0,0,0,0,0,0,0,0,0,0
S109_005_00000012.png,0,0,0,0,0,0,0,0,0,0
S109_005_00000013.png,0,0,0,0,0,0,0,0,0,0
S109_005_00000014.png,0,0,0,0,0,0,0,0,0,0
S111_007_00000012.png,0,0,0,0,0,0,0,0,0,0
S111_007_00000013.png,0,0,0,0,0,0,0,0,0,0
S111_007_00000014.png,0,0,0,0,0,0,0,0,0,0
S116_006_00000005.png,0,0,0,0,0,0,0,0,0,0
S116_006_00000006.png,0,0,0,0,0,0,0,0,0,0
S116_006_00000007.png,0,0,0,0,0,0,0,0,0,0
S124_006_00000009.png,0,0,0,0,0,0,0,0,0,0
S124_006_00000010.png,0,0,0,0,0,0,0,0,0,0
S124_006_00000011.png,0,0,0,0,0,0,0,0,0,0
S125_008_00000008.png,0,0,0,0,0,0,0,0,0,0
S125_008_00000009.png,0,0,0,0,0,0,0,0,0,0
S125_008_00000010.png,0,0,0,0,0,0,0,0,0,0
S128_004_00000011.png,0,0,0,0,0,0,0,0,0,0
S128_004_00000012.png,0,0,0,0,0,0,0,0,0,0
S128_004_00000013.png,0,0,0,0,0,0,0,0,0,0
S129_011_00000016.png,0,0,0,0,0,0,0,0,0,0
S129_011_00000017.png,0,0,0,0,0,0,0,0,0,0
S129_011_00000018.png,0,0,0,0,0,0,0,0,0,0
S130_012_00000009.png,0,0,0,0,0,0,0,0,0,0
S130_012_00000010.png,0,0,0,0,0,0,0,0,0,0
S130_012_00000011.png,0,0,0,0,0,0,0,0,0,0
S131_010_00000016.png,0,0,0,0,0,0,0,0,0,0
S131_010_00000017.png,0,0,0,0,0,0,0,0,0,0
S131_010_00000018.png,0,0,0,0,0,0,0,0,0,0
S132_005_00000014.png,0,0,0,0,0,0,0,0,0,0
S132_005_00000015.png,0,0,0,0,0,0,0,0,0,0
S132_005_00000016.png,0,0,0,0,0,0,0,0,0,0
S134_008_00000011.png,0,0,0,0,0,0,0,0,0,0
S134_008_00000012.png,0,0,0,0,0,0,0,0,0,0
S134_008_00000013.png,0,0,0,0,0,0,0,0,0,0
S011_003_00000012.png,0,0,0,0,0,0,0,0,0,0
S011_003_00000013.png,0,0,0,0,0,0,0,0,0,0
S011_003_00000014.png,0,0,0,0,0,0,0,0,0,0
S032_004_00000012.png,0,0,0,0,0,0,0,0,0,0
S032_004_00000013.png,0,0,0,0,0,0,0,0,0,0
S032_004_00000014.png,0,0,0,0,0,0,0,0,0,0
S046_003_00000014.png,0,0,0,0,0,0,0,0,0,0
S046_003_00000015.png,0,0,0,0,0,0,0,0,0,0
S046_003_00000016.png,0,0,0,0,0,0,0,0,0,0
S050_001_00000015.png,0,0,0,0,0,0,0,0,0,0
S050_001_00000016.png,0,0,0,0,0,0,0,0,0,0
S050_001_00000017.png,0,0,0,0,0,0,0,0,0,0
S054_002_00000013.png,0,0,0,0,0,0,0,0,0,0
S054_002_00000014.png,0,0,0,0,0,0,0,0,0,0
S054_002_00000015.png,0,0,0,0,0,0,0,0,0,0
S055_006_00000006.png,0,0,0,0,0,0,0,0,0,0
S055_006_00000007.png,0,0,0,0,0,0,0,0,0,0
S055_006_00000008.png,0,0,0,0,0,0,0,0,0,0
S059_002_00000015.png,0,0,0,0,0,0,0,0,0,0
S059_002_00000016.png,0,0,0,0,0,0,0,0,0,0
S059_002_00000017.png,0,0,0,0,0,0,0,0,0,0
S062_001_00000015.png,0,0,0,0,0,0,0,0,0,0
S062_001_00000016.png,0,0,0,0,0,0,0,0,0,0
S062_001_00000017.png,0,0,0,0,0,0,0,0,0,0
S065_002_00000020.png,0,0,0,0,0,0,0,0,0,0
S065_002_00000021.png,0,0,0,0,0,0,0,0,0,0
S065_002_00000022.png,0,0,0,0,0,0,0,0,0,0
S068_004_00000008.png,0,0,0,0,0,0,0,0,0,0
S068_004_00000009.png,0,0,0,0,0,0,0,0,0,0
S068_004_00000010.png,0,0,0,0,0,0,0,0,0,0
S074_001_00000018.png,0,0,0,0,0,0,0,0,0,0
S074_001_00000019.png,0,0,0,0,0,0,0,0,0,0
S074_001_00000020.png,0,0,0,0,0,0,0,0,0,0
S084_002_00000021.png,0,0,0,0,0,0,0,0,0,0
S084_002_00000022.png,0,0,0,0,0,0,0,0,0,0
S084_002_00000023.png,0,0,0,0,0,0,0,0,0,0
S091_001_00000013.png,0,0,0,0,0,0,0,0,0,0
S091_001_00000014.png,0,0,0,0,0,0,0,0,0,0
S091_001_00000015.png,0,0,0,0,0,0,0,0,0,0
S102_003_00000014.png,0,0,0,0,0,0,0,0,0,0
S102_003_00000015.png,0,0,0,0,0,0,0,0,0,0
S102_003_00000016.png,0,0,0,0,0,0,0,0,0,0
S117_003_00000012.png,0,0,0,0,0,0,0,0,0,0
S117_003_00000013.png,0,0,0,0,0,0,0,0,0,0
S117_003_00000014.png,0,0,0,0,0,0,0,0,0,0
S119_003_00000022.png,0,0,0,0,0,0,0,0,0,0
S119_003_00000023.png,0,0,0,0,0,0,0,0,0,0
S119_003_00000024.png,0,0,0,0,0,0,0,0,0,0
S124_003_00000009.png,0,0,0,0,0,0,0,0,0,0
S124_003_00000010.png,0,0,0,0,0,0,0,0,0,0
S124_003_00000011.png,0,0,0,0,0,0,0,0,0,0
S125_006_00000020.png,0,0,0,0,0,0,0,0,0,0
S125_006_00000021.png,0,0,0,0,0,0,0,0,0,0
S125_006_00000022.png,0,0,0,0,0,0,0,0,0,0
S132_003_00000021.png,0,0,0,0,0,0,0,0,0,0
S132_003_00000022.png,0,0,0,0,0,0,0,0,0,0
S132_003_00000023.png,0,0,0,0,0,0,0,0,0,0
S138_001_00000010.png,0,0,0,0,0,0,0,0,0,0
S138_001_00000011.png,0,0,0,0,0,0,0,0,0,0
S138_001_00000012.png,0,0,0,0,0,0,0,0,0,0
S501_004_00000054.png,0,0,0,0,0,0,0,0,0,0
S501_004_00000055.png,0,0,0,0,0,0,0,0,0,0
S501_004_00000056.png,0,0,0,0,0,0,0,0,0,0
S502_004_00000050.png,0,0,0,0,0,0,0,0,0,0
S502_004_00000051.png,0,0,0,0,0,0,0,0,0,0
S502_004_00000052.png,0,0,0,0,0,0,0,0,0,0
S504_004_00000013.png,0,0,0,0,0,0,0,0,0,0
S504_004_00000014.png,0,0,0,0,0,0,0,0,0,0
S504_004_00000015.png,0,0,0,0,0,0,0,0,0,0
S506_004_00000036.png,0,0,0,0,0,0,0,0,0,0
S506_004_00000037.png,0,0,0,0,0,0,0,0,0,0
S506_004_00000038.png,0,0,0,0,0,0,0,0,0,0
S999_003_00000053.png,0,0,0,0,0,0,0,0,0,0
S999_003_00000054.png,0,0,0,0,0,0,0,0,0,0
S999_003_00000055.png,0,0,0,0,0,0,0,0,0,0
S010_006_00000013.png,0,10,0,0,0,0,0,0,0,0
S010_006_00000014.png,0,10,0,0,0,0,0,0,0,0
S010_006_00000015.png,0,10,0,0,0,0,0,0,0,0
S011_006_00000011.png,0,10,0,0,0,0,0,0,0,0
S011_006_00000012.png,0,10,0,0,0,0,0,0,0,0
S011_006_00000013.png,0,10,0,0,0,0,0,0,0,0
S014_005_00000015.png,0,10,0,0,0,0,0,0,0,0
S014_005_00000016.png,0,10,0,0,0,0,0,0,0,0
S014_005_00000017.png,0,10,0,0,0,0,0,0,0,0
S026_006_00000011.png,0,10,0,0,0,0,0,0,0,0
S026_006_00000012.png,0,10,0,0,0,0,0,0,0,0
S026_006_00000013.png,0,10,0,0,0,0,0,0,0,0
S032_006_00000014.png,0,10,0,0,0,0,0,0,0,0
S032_006_00000015.png,0,10,0,0,0,0,0,0,0,0
S032_006_00000016.png,0,10,0,0,0,0,0,0,0,0
S034_005_00000008.png,0,10,0,0,0,0,0,0,0,0
S034_005_00000009.png,0,10,0,0,0,0,0,0,0,0
S034_005_00000010.png,0,10,0,0,0,0,0,0,0,0
S035_006_00000016.png,0,10,0,0,0,0,0,0,0,0
S035_006_00000017.png,0,10,0,0,0,0,0,0,0,0
S035_006_00000018.png,0,10,0,0,0,0,0,0,0,0
S037_006_00000019.png,0,10,0,0,0,0,0,0,0,0
S037_006_00000020.png,0,10,0,0,0,0,0,0,0,0
S037_006_00000021.png,0,10,0,0,0,0,0,0,0,0
S042_006_00000015.png,0,10,0,0,0,0,0,0,0,0
S042_006_00000016.png,0,10,0,0,0,0,0,0,0,0
S042_006_00000017.png,0,10,0,0,0,0,0,0,0,0
S044_003_00000012.png,0,10,0,0,0,0,0,0,0,0
S044_003_00000013.png,0,10,0,0,0,0,0,0,0,0
S044_003_00000014.png,0,10,0,0,0,0,0,0,0,0
S050_006_00000021.png,0,10,0,0,0,0,0,0,0,0
S050_006_00000022.png,0,10,0,0,0,0,0,0,0,0
S050_006_00000023.png,0,10,0,0,0,0,0,0,0,0
S052_004_00000031.png,0,10,0,0,0,0,0,0,0,0
S052_004_00000032.png,0,10,0,0,0,0,0,0,0,0
S052_004_00000033.png,0,10,0,0,0,0,0,0,0,0
S053_004_00000022.png,0,10,0,0,0,0,0,0,0,0
S053_004_00000023.png,0,10,0,0,0,0,0,0,0,0
S053_004_00000024.png,0,10,0,0,0,0,0,0,0,0
S055_005_00000043.png,0,10,0,0,0,0,0,0,0,0
S055_005_00000044.png,0,10,0,0,0,0,0,0,0,0
S055_005_00000045.png,0,10,0,0,0,0,0,0,0,0
S056_004_00000018.png,0,10,0,0,0,0,0,0,0,0
S056_004_00000019.png,0,10,0,0,0,0,0,0,0,0
S056_004_00000020.png,0,10,0,0,0,0,0,0,0,0
S057_006_00000031.png,0,10,0,0,0,0,0,0,0,0
S057_006_00000032.png,0,10,0,0,0,0,0,0,0,0
S057_006_00000033.png,0,10,0,0,0,0,0,0,0,0
S060_002_00000024.png,0,10,0,0,0,0,0,0,0,0
S060_002_00000025.png,0,10,0,0,0,0,0,0,0,0
S060_002_00000026.png,0,10,0,0,0,0,0,0,0,0
S061_002_00000013.png,0,10,0,0,0,0,0,0,0,0
S061_002_00000014.png,0,10,0,0,0,0,0,0,0,0
S061_002_00000015.png,0,10,0,0,0,0,0,0,0,0
S062_004_00000022.png,0,10,0,0,0,0,0,0,0,0
S062_004_00000023.png,0,10,0,0,0,0,0,0,0,0
S062_004_00000024.png,0,10,0,0,0,0,0,0,0,0
S063_002_00000021.png,0,10,0,0,0,0,0,0,0,0
S063_002_00000022.png,0,10,0,0,0,0,0,0,0,0
S063_002_00000023.png,0,10,0,0,0,0,0,0,0,0
S064_003_00000023.png,0,10,0,0,0,0,0,0,0,0
S064_003_00000024.png,0,10,0,0,0,0,0,0,0,0
S064_003_00000025.png,0,10,0,0,0,0,0,0,0,0
S065_004_00000026.png,0,10,0,0,0,0,0,0,0,0
S065_004_00000027.png,0,10,0,0,0,0,0,0,0,0
S065_004_00000028.png,0,10,0,0,0,0,0,0,0,0
S066_003_00000010.png,0,10,0,0,0,0,0,0,0,0
S066_003_00000011.png,0,10,0,0,0,0,0,0,0,0
S066_003_00000012.png,0,10,0,0,0,0,0,0,0,0
S067_005_00000020.png,0,10,0,0,0,0,0,0,0,0
S067_005_00000021.png,0,10,0,0,0,0,0,0,0,0
S067_005_00000022.png,0,10,0,0,0,0,0,0,0,0
S068_002_00000013.png,0,10,0,0,0,0,0,0,0,0
S068_002_00000014.png,0,10,0,0,0,0,0,0,0,0
S068_002_00000015.png,0,10,0,0,0,0,0,0,0,0
S069_004_00000015.png,0,10,0,0,0,0,0,0,0,0
S069_004_00000016.png,0,10,0,0,0,0,0,0,0,0
S069_004_00000017.png,0,10,0,0,0,0,0,0,0,0
S070_003_00000015.png,0,10,0,0,0,0,0,0,0,0
S070_003_00000016.png,0,10,0,0,0,0,0,0,0,0
S070_003_00000017.png,0,10,0,0,0,0,0,0,0,0
S071_005_00000019.png,0,10,0,0,0,0,0,0,0,0
S071_005_00000020.png,0,10,0,0,0,0,0,0,0,0
S071_005_00000021.png,0,10,0,0,0,0,0,0,0,0
S072_006_00000020.png,0,10,0,0,0,0,0,0,0,0
S072_006_00000021.png,0,10,0,0,0,0,0,0,0,0
S072_006_00000022.png,0,10,0,0,0,0,0,0,0,0
S074_005_00000041.png,0,10,0,0,0,0,0,0,0,0
S074_005_00000042.png,0,10,0,0,0,0,0,0,0,0
S074_005_00000043.png,0,10,0,0,0,0,0,0,0,0
S075_006_00000023.png,0,10,0,0,0,0,0,0,0,0
S075_006_00000024.png,0,10,0,0,0,0,0,0,0,0
S075_006_00000025.png,0,10,0,0,0,0,0,0,0,0
S076_006_00000017.png,0,10,0,0,0,0,0,0,0,0
S076_006_00000018.png,0,10,0,0,0,0,0,0,0,0
S076_006_00000019.png,0,10,0,0,0,0,0,0,0,0
S078_004_00000025.png,0,10,0,0,0,0,0,0,0,0
S078_004_00000026.png,0,10,0,0,0,0,0,0,0,0
S078_004_00000027.png,0,10,0,0,0,0,0,0,0,0
S079_004_00000024.png,0,10,0,0,0,0,0,0,0,0
S079_004_00000025.png,0,10,0,0,0,0,0,0,0,0
S079_004_00000026.png,0,10,0,0,0,0,0,0,0,0
S083_003_00000017.png,0,10,0,0,0,0,0,0,0,0
S083_003_00000018.png,0,10,0,0,0,0,0,0,0,0
S083_003_00000019.png,0,10,0,0,0,0,0,0,0,0
S085_002_00000012.png,0,10,0,0,0,0,0,0,0,0
S085_002_00000013.png,0,10,0,0,0,0,0,0,0,0
S085_002_00000014.png,0,10,0,0,0,0,0,0,0,0
S086_002_00000013.png,0,10,0,0,0,0,0,0,0,0
S086_002_00000014.png,0,10,0,0,0,0,0,0,0,0
S086_002_00000015.png,0,10,0,0,0,0,0,0,0,0
S087_005_00000010.png,0,10,0,0,0,0,0,0,0,0
S087_005_00000011.png,0,10,0,0,0,0,0,0,0,0
S087_005_00000012.png,0,10,0,0,0,0,0,0,0,0
S089_002_00000019.png,0,10,0,0,0,0,0,0,0,0
S089_002_00000020.png,0,10,0,0,0,0,0,0,0,0
S089_002_00000021.png,0,10,0,0,0,0,0,0,0,0
S091_003_00000019.png,0,10,0,0,0,0,0,0,0,0
S091_003_00000020.png,0,10,0,0,0,0,0,0,0,0
S091_003_00000021.png,0,10,0,0,0,0,0,0,0,0
S092_004_00000022.png,0,10,0,0,0,0,0,0,0,0
S092_004_00000023.png,0,10,0,0,0,0,0,0,0,0
S092_004_00000024.png,0,10,0,0,0,0,0,0,0,0
S093_004_00000014.png,0,10,0,0,0,0,0,0,0,0
S093_004_00000015.png,0,10,0,0,0,0,0,0,0,0
S093_004_00000016.png,0,10,0,0,0,0,0,0,0,0
S094_004_00000010.png,0,10,0,0,0,0,0,0,0,0
S094_004_00000011.png,0,10,0,0,0,0,0,0,0,0
S094_004_00000012.png,0,10,0,0,0,0,0,0,0,0
S095_007_00000019.png,0,10,0,0,0,0,0,0,0,0
S095_007_00000020.png,0,10,0,0,0,0,0,0,0,0
S095_007_00000021.png,0,10,0,0,0,0,0,0,0,0
S096_004_00000009.png,0,10,0,0,0,0,0,0,0,0
S096_004_00000010.png,0,10,0,0,0,0,0,0,0,0
S096_004_00000011.png,0,10,0,0,0,0,0,0,0,0
S097_006_00000017.png,0,10,0,0,0,0,0,0,0,0
S097_006_00000018.png,0,10,0,0,0,0,0,0,0,0
S097_006_00000019.png,0,10,0,0,0,0,0,0,0,0
S098_004_00000013.png,0,10,0,0,0,0,0,0,0,0
S098_004_00000014.png,0,10,0,0,0,0,0,0,0,0
S098_004_00000015.png,0,10,0,0,0,0,0,0,0,0
S099_004_00000013.png,0,10,0,0,0,0,0,0,0,0
S099_004_00000014.png,0,10,0,0,0,0,0,0,0,0
S099_004_00000015.png,0,10,0,0,0,0,0,0,0,0
S100_006_00000014.png,0,10,0,0,0,0,0,0,0,0
S100_006_00000015.png,0,10,0,0,0,0,0,0,0,0
S100_006_00000016.png,0,10,0,0,0,0,0,0,0,0
S106_006_00000009.png,0,10,0,0,0,0,0,0,0,0
S106_006_00000010.png,0,10,0,0,0,0,0,0,0,0
S106_006_00000011.png,0,10,0,0,0,0,0,0,0,0
S108_008_00000011.png,0,10,0,0,0,0,0,0,0,0
S108_008_00000012.png,0,10,0,0,0,0,0,0,0,0
S108_008_00000013.png,0,10,0,0,0,0,0,0,0,0
S109_006_00000013.png,0,10,0,0,0,0,0,0,0,0
S109_006_00000014.png,0,10,0,0,0,0,0,0,0,0
S109_006_00000015.png,0,10,0,0,0,0,0,0,0,0
S114_006_00000021.png,0,10,0,0,0,0,0,0,0,0
S114_006_00000022.png,0,10,0,0,0,0,0,0,0,0
S114_006_00000023.png,0,10,0,0,0,0,0,0,0,0
S115_008_00000015.png,0,10,0,0,0,0,0,0,0,0
S115_008_00000016.png,0,10,0,0,0,0,0,0,0,0
S115_008_00000017.png,0,10,0,0,0,0,0,0,0,0
S116_007_00000015.png,0,10,0,0,0,0,0,0,0,0
S116_007_00000016.png,0,10,0,0,0,0,0,0,0,0
S116_007_00000017.png,0,10,0,0,0,0,0,0,0,0
S124_007_00000022.png,0,10,0,0,0,0,0,0,0,0
S124_007_00000023.png,0,10,0,0,0,0,0,0,0,0
S124_007_00000024.png,0,10,0,0,0,0,0,0,0,0
S125_005_00000011.png,0,10,0,0,0,0,0,0,0,0
S125_005_00000012.png,0,10,0,0,0,0,0,0,0,0
S125_005_00000013.png,0,10,0,0,0,0,0,0,0,0
S127_004_00000014.png,0,10,0,0,0,0,0,0,0,0
S127_004_00000015.png,0,10,0,0,0,0,0,0,0,0
S127_004_00000016.png,0,10,0,0,0,0,0,0,0,0
S128_011_00000014.png,0,10,0,0,0,0,0,0,0,0
S128_011_00000015.png,0,10,0,0,0,0,0,0,0,0
S128_011_00000016.png,0,10,0,0,0,0,0,0,0,0
S129_012_00000009.png,0,10,0,0,0,0,0,0,0,0
S129_012_00000010.png,0,10,0,0,0,0,0,0,0,0
S129_012_00000011.png,0,10,0,0,0,0,0,0,0,0
S130_013_00000013.png,0,10,0,0,0,0,0,0,0,0
S130_013_00000014.png,0,10,0,0,0,0,0,0,0,0
S130_013_00000015.png,0,10,0,0,0,0,0,0,0,0
S131_006_00000020.png,0,10,0,0,0,0,0,0,0,0
S131_006_00000021.png,0,10,0,0,0,0,0,0,0,0
S131_006_00000022.png,0,10,0,0,0,0,0,0,0,0
S132_006_00000021.png,0,10,0,0,0,0,0,0,0,0
S132_006_00000022.png,0,10,0,0,0,0,0,0,0,0
S132_006_00000023.png,0,10,0,0,0,0,0,0,0,0
S133_010_00000012.png,0,10,0,0,0,0,0,0,0,0
S133_010_00000013.png,0,10,0,0,0,0,0,0,0,0
S133_010_00000014.png,0,10,0,0,0,0,0,0,0,0
S134_004_00000013.png,0,10,0,0,0,0,0,0,0,0
S134_004_00000014.png,0,10,0,0,0,0,0,0,0,0
S134_004_00000015.png,0,10,0,0,0,0,0,0,0,0
S135_012_00000018.png,0,10,0,0,0,0,0,0,0,0
S135_012_00000019.png,0,10,0,0,0,0,0,0,0,0
S135_012_00000020.png,0,10,0,0,0,0,0,0,0,0
S136_006_00000018.png,0,10,0,0,0,0,0,0,0,0
S136_006_00000019.png,0,10,0,0,0,0,0,0,0,0
S136_006_00000020.png,0,10,0,0,0,0,0,0,0,0
S137_011_00000018.png,0,10,0,0,0,0,0,0,0,0
S137_011_00000019.png,0,10,0,0,0,0,0,0,0,0
S137_011_00000020.png,0,10,0,0,0,0,0,0,0,0
S138_005_00000014.png,0,10,0,0,0,0,0,0,0,0
S138_005_00000015.png,0,10,0,0,0,0,0,0,0,0
S138_005_00000016.png,0,10,0,0,0,0,0,0,0,0
S011_002_00000020.png,0,0,0,10,0,0,0,0,0,0
S011_002_00000021.png,0,0,0,10,0,0,0,0,0,0
S011_002_00000022.png,0,0,0,10,0,0,0,0,0,0
S014_002_00000014.png,0,0,0,10,0,0,0,0,0,0
S014_002_00000015.png,0,0,0,10,0,0,0,0,0,0
S014_002_00000016.png,0,0,0,10,0,0,0,0,0,0
S026_002_00000014.png,0,0,0,10,0,0,0,0,0,0
S026_002_00000015.png,0,0,0,10,0,0,0,0,0,0
S026_002_00000016.png,0,0,0,10,0,0,0,0,0,0
S042_002_00000014.png,0,0,0,10,0,0,0,0,0,0
S042_002_00000015.png,0,0,0,10,0,0,0,0,0,0
S042_002_00000016.png,0,0,0,10,0,0,0,0,0,0
S046_001_00000023.png,0,0,0,10,0,0,0,0,0,0
S046_001_00000024.png,0,0,0,10,0,0,0,0,0,0
S046_001_00000025.png,0,0,0,10,0,0,0,0,0,0
S064_004_00000012.png,0,0,0,10,0,0,0,0,0,0
S064_004_00000013.png,0,0,0,10,0,0,0,0,0,0
S064_004_00000014.png,0,0,0,10,0,0,0,0,0,0
S066_004_00000008.png,0,0,0,10,0,0,0,0,0,0
S066_004_00000009.png,0,0,0,10,0,0,0,0,0,0
S066_004_00000010.png,0,0,0,10,0,0,0,0,0,0
S071_002_00000018.png,0,0,0,10,0,0,0,0,0,0
S071_002_00000019.png,0,0,0,10,0,0,0,0,0,0
S071_002_00000020.png,0,0,0,10,0,0,0,0,0,0
S080_005_00000011.png,0,0,0,10,0,0,0,0,0,0
S080_005_00000012.png,0,0,0,10,0,0,0,0,0,0
S080_005_00000013.png,0,0,0,10,0,0,0,0,0,0
S081_002_00000022.png,0,0,0,10,0,0,0,0,0,0
S081_002_00000023.png,0,0,0,10,0,0,0,0,0,0
S081_002_00000024.png,0,0,0,10,0,0,0,0,0,0
S093_001_00000018.png,0,0,0,10,0,0,0,0,0,0
S093_001_00000019.png,0,0,0,10,0,0,0,0,0,0
S093_001_00000020.png,0,0,0,10,0,0,0,0,0,0
S095_010_00000012.png,0,0,0,10,0,0,0,0,0,0
S095_010_00000013.png,0,0,0,10,0,0,0,0,0,0
S095_010_00000014.png,0,0,0,10,0,0,0,0,0,0
S106_002_00000014.png,0,0,0,10,0,0,0,0,0,0
S106_002_00000015.png,0,0,0,10,0,0,0,0,0,0
S106_002_00000016.png,0,0,0,10,0,0,0,0,0,0
S108_005_00000020.png,0,0,0,10,0,0,0,0,0,0
S108_005_00000021.png,0,0,0,10,0,0,0,0,0,0
S108_005_00000022.png,0,0,0,10,0,0,0,0,0,0
S113_003_00000013.png,0,0,0,10,0,0,0,0,0,0
S113_003_00000014.png,0,0,0,10,0,0,0,0,0,0
S113_003_00000015.png,0,0,0,10,0,0,0,0,0,0
S115_004_00000015.png,0,0,0,10,0,0,0,0,0,0
S115_004_00000016.png,0,0,0,10,0,0,0,0,0,0
S115_004_00000017.png,0,0,0,10,0,0,0,0,0,0
S125_001_00000012.png,0,0,0,10,0,0,0,0,0,0
S125_001_00000013.png,0,0,0,10,0,0,0,0,0,0
S125_001_00000014.png,0,0,0,10,0,0,0,0,0,0
S130_009_00000017.png,0,0,0,10,0,0,0,0,0,0
S130_009_00000018.png,0,0,0,10,0,0,0,0,0,0
S130_009_00000019.png,0,0,0,10,0,0,0,0,0,0
S131_003_00000022.png,0,0,0,10,0,0,0,0,0,0
S131_003_00000023.png,0,0,0,10,0,0,0,0,0,0
S131_003_00000024.png,0,0,0,10,0,0,0,0,0,0
S132_002_00000016.png,0,0,0,10,0,0,0,0,0,0
S132_002_00000017.png,0,0,0,10,0,0,0,0,0,0
S132_002_00000018.png,0,0,0,10,0,0,0,0,0,0
S136_003_00000012.png,0,0,0,10,0,0,0,0,0,0
S136_003_00000013.png,0,0,0,10,0,0,0,0,0,0
S136_003_00000014.png,0,0,0,10,0,0,0,0,0,0
S137_005_00000025.png,0,0,0,10,0,0,0,0,0,0
S137_005_00000026.png,0,0,0,10,0,0,0,0,0,0
S137_005_00000027.png,0,0,0,10,0,0,0,0,0,0
S138_007_00000009.png,0,0,0,10,0,0,0,0,0,0
S138_007_00000010.png,0,0,0,10,0,0,0,0,0,0
S138_007_00000011.png,0,0,0,10,0,0,0,0,0,0
S501_006_00000039.png,0,0,0,10,0,0,0,0,0,0
S501_006_00000040.png,0,0,0,10,0,0,0,0,0,0
S501_006_00000041.png,0,0,0,10,0,0,0,0,0,0
S503_006_00000018.png,0,0,0,10,0,0,0,0,0,0
S503_006_00000019.png,0,0,0,10,0,0,0,0,0,0
S503_006_00000020.png,0,0,0,10,0,0,0,0,0,0
S504_006_00000016.png,0,0,0,10,0,0,0,0,0,0
S504_006_00000017.png,0,0,0,10,0,0,0,0,0,0
S504_006_00000018.png,0,0,0,10,0,0,0,0,0,0
S505_006_00000017.png,0,0,0,10,0,0,0,0,0,0
S505_006_00000018.png,0,0,0,10,0,0,0,0,0,0
S505_006_00000019.png,0,0,0,10,0,0,0,0,0,0
S506_006_00000040.png,0,0,0,10,0,0,0,0,0,0
S506_006_00000041.png,0,0,0,10,0,0,0,0,0,0
S506_006_00000042.png,0,0,0,10,0,0,0,0,0,0
S010_002_00000012.png,0,0,10,0,0,0,0,0,0,0
S010_002_00000013.png,0,0,10,0,0,0,0,0,0,0
S010_002_00000014.png,0,0,10,0,0,0,0,0,0,0
S011_001_00000014.png,0,0,10,0,0,0,0,0,0,0
S011_001_00000015.png,0,0,10,0,0,0,0,0,0,0
S011_001_00000016.png,0,0,10,0,0,0,0,0,0,0
S014_001_00000027.png,0,0,10,0,0,0,0,0,0,0
S014_001_00000028.png,0,0,10,0,0,0,0,0,0,0
S014_001_00000029.png,0,0,10,0,0,0,0,0,0,0
S022_001_00000028.png,0,0,10,0,0,0,0,0,0,0
S022_001_00000029.png,0,0,10,0,0,0,0,0,0,0
S022_001_00000030.png,0,0,10,0,0,0,0,0,0,0
S026_001_00000013.png,0,0,10,0,0,0,0,0,0,0
S026_001_00000014.png,0,0,10,0,0,0,0,0,0,0
S026_001_00000015.png,0,0,10,0,0,0,0,0,0,0
S032_001_00000020.png,0,0,10,0,0,0,0,0,0,0
S032_001_00000021.png,0,0,10,0,0,0,0,0,0,0
S032_001_00000022.png,0,0,10,0,0,0,0,0,0,0
S034_001_00000027.png,0,0,10,0,0,0,0,0,0,0
S034_001_00000028.png,0,0,10,0,0,0,0,0,0,0
S034_001_00000029.png,0,0,10,0,0,0,0,0,0,0
S035_001_00000013.png,0,0,10,0,0,0,0,0,0,0
S035_001_00000014.png,0,0,10,0,0,0,0,0,0,0
S035_001_00000015.png,0,0,10,0,0,0,0,0,0,0
S037_001_00000018.png,0,0,10,0,0,0,0,0,0,0
S037_001_00000019.png,0,0,10,0,0,0,0,0,0,0
S037_001_00000020.png,0,0,10,0,0,0,0,0,0,0
S042_001_00000017.png,0,0,10,0,0,0,0,0,0,0
S042_001_00000018.png,0,0,10,0,0,0,0,0,0,0
S042_001_00000019.png,0,0,10,0,0,0,0,0,0,0
S044_001_00000022.png,0,0,10,0,0,0,0,0,0,0
S044_001_00000023.png,0,0,10,0,0,0,0,0,0,0
S044_001_00000024.png,0,0,10,0,0,0,0,0,0,0
S046_002_00000004.png,0,0,10,0,0,0,0,0,0,0
S046_002_00000005.png,0,0,10,0,0,0,0,0,0,0
S046_002_00000006.png,0,0,10,0,0,0,0,0,0,0
S050_002_00000016.png,0,0,10,0,0,0,0,0,0,0
S050_002_00000017.png,0,0,10,0,0,0,0,0,0,0
S050_002_00000018.png,0,0,10,0,0,0,0,0,0,0
S051_002_00000017.png,0,0,10,0,0,0,0,0,0,0
S051_002_00000018.png,0,0,10,0,0,0,0,0,0,0
S051_002_00000019.png,0,0,10,0,0,0,0,0,0,0
S052_001_00000013.png,0,0,10,0,0,0,0,0,0,0
S052_001_00000014.png,0,0,10,0,0,0,0,0,0,0
S052_001_00000015.png,0,0,10,0,0,0,0,0,0,0
S053_001_00000021.png,0,0,10,0,0,0,0,0,0,0
S053_001_00000022.png,0,0,10,0,0,0,0,0,0,0
S053_001_00000023.png,0,0,10,0,0,0,0,0,0,0
S054_003_00000005.png,0,0,10,0,0,0,0,0,0,0
S054_003_00000006.png,0,0,10,0,0,0,0,0,0,0
S054_003_00000007.png,0,0,10,0,0,0,0,0,0,0
S055_001_00000010.png,0,0,10,0,0,0,0,0,0,0
S055_001_00000011.png,0,0,10,0,0,0,0,0,0,0
S055_001_00000012.png,0,0,10,0,0,0,0,0,0,0
S056_003_00000008.png,0,0,10,0,0,0,0,0,0,0
S056_003_00000009.png,0,0,10,0,0,0,0,0,0,0
S056_003_00000010.png,0,0,10,0,0,0,0,0,0,0
S057_001_00000017.png,0,0,10,0,0,0,0,0,0,0
S057_001_00000018.png,0,0,10,0,0,0,0,0,0,0
S057_001_00000019.png,0,0,10,0,0,0,0,0,0,0
S058_001_00000018.png,0,0,10,0,0,0,0,0,0,0
S058_001_00000019.png,0,0,10,0,0,0,0,0,0,0
S058_001_00000020.png,0,0,10,0,0,0,0,0,0,0
S059_001_00000016.png,0,0,10,0,0,0,0,0,0,0
S059_001_00000017.png,0,0,10,0,0,0,0,0,0,0
S059_001_00000018.png,0,0,10,0,0,0,0,0,0,0
S060_003_00000016.png,0,0,10,0,0,0,0,0,0,0
S060_003_00000017.png,0,0,10,0,0,0,0,0,0,0
S060_003_00000018.png,0,0,10,0,0,0,0,0,0,0
S061_001_00000010.png,0,0,10,0,0,0,0,0,0,0
S061_001_00000011.png,0,0,10,0,0,0,0,0,0,0
S061_001_00000012.png,0,0,10,0,0,0,0,0,0,0
S062_002_00000014.png,0,0,10,0,0,0,0,0,0,0
S062_002_00000015.png,0,0,10,0,0,0,0,0,0,0
S062_002_00000016.png,0,0,10,0,0,0,0,0,0,0
S063_001_00000011.png,0,0,10,0,0,0,0,0,0,0
S063_001_00000012.png,0,0,10,0,0,0,0,0,0,0
S063_001_00000013.png,0,0,10,0,0,0,0,0,0,0
S064_001_00000010.png,0,0,10,0,0,0,0,0,0,0
S064_001_00000011.png,0,0,10,0,0,0,0,0,0,0
S064_001_00000012.png,0,0,10,0,0,0,0,0,0,0
S065_003_00000020.png,0,0,10,0,0,0,0,0,0,0
S065_003_00000021.png,0,0,10,0,0,0,0,0,0,0
S065_003_00000022.png,0,0,10,0,0,0,0,0,0,0
S066_002_00000020.png,0,0,10,0,0,0,0,0,0,0
S066_002_00000021.png,0,0,10,0,0,0,0,0,0,0
S066_002_00000022.png,0,0,10,0,0,0,0,0,0,0
S067_002_00000012.png,0,0,10,0,0,0,0,0,0,0
S067_002_00000013.png,0,0,10,0,0,0,0,0,0,0
S067_002_00000014.png,0,0,10,0,0,0,0,0,0,0
S068_003_00000012.png,0,0,10,0,0,0,0,0,0,0
S068_003_00000013.png,0,0,10,0,0,0,0,0,0,0
S068_003_00000014.png,0,0,10,0,0,0,0,0,0,0
S069_002_00000012.png,0,0,10,0,0,0,0,0,0,0
S069_002_00000013.png,0,0,10,0,0,0,0,0,0,0
S069_002_00000014.png,0,0,10,0,0,0,0,0,0,0
S070_002_00000014.png,0,0,10,0,0,0,0,0,0,0
S070_002_00000015.png,0,0,10,0,0,0,0,0,0,0
S070_002_00000016.png,0,0,10,0,0,0,0,0,0,0
S071_001_00000011.png,0,0,10,0,0,0,0,0,0,0
S071_001_00000012.png,0,0,10,0,0,0,0,0,0,0
S071_001_00000013.png,0,0,10,0,0,0,0,0,0,0
S073_001_00000011.png,0,0,10,0,0,0,0,0,0,0
S073_001_00000012.png,0,0,10,0,0,0,0,0,0,0
S073_001_00000013.png,0,0,10,0,0,0,0,0,0,0
S074_002_00000014.png,0,0,10,0,0,0,0,0,0,0
S074_002_00000015.png,0,0,10,0,0,0,0,0,0,0
S074_002_00000016.png,0,0,10,0,0,0,0,0,0,0
S075_002_00000012.png,0,0,10,0,0,0,0,0,0,0
S075_002_00000013.png,0,0,10,0,0,0,0,0,0,0
S075_002_00000014.png,0,0,10,0,0,0,0,0,0,0
S076_001_00000015.png,0,0,10,0,0,0,0,0,0,0
S076_001_00000016.png,0,0,10,0,0,0,0,0,0,0
S076_001_00000017.png,0,0,10,0,0,0,0,0,0,0
S077_001_00000026.png,0,0,10,0,0,0,0,0,0,0
S077_001_00000027.png,0,0,10,0,0,0,0,0,0,0
S077_001_00000028.png,0,0,10,0,0,0,0,0,0,0
S078_001_00000031.png,0,0,10,0,0,0,0,0,0,0
S078_001_00000032.png,0,0,10,0,0,0,0,0,0,0
S078_001_00000033.png,0,0,10,0,0,0,0,0,0,0
S079_001_00000010.png,0,0,10,0,0,0,0,0,0,0
S079_001_00000011.png,0,0,10,0,0,0,0,0,0,0
S079_001_00000012.png,0,0,10,0,0,0,0,0,0,0
S080_001_00000016.png,0,0,10,0,0,0,0,0,0,0
S080_001_00000017.png,0,0,10,0,0,0,0,0,0,0
S080_001_00000018.png,0,0,10,0,0,0,0,0,0,0
S081_001_00000017.png,0,0,10,0,0,0,0,0,0,0
S081_001_00000018.png,0,0,10,0,0,0,0,0,0,0
S081_001_00000019.png,0,0,10,0,0,0,0,0,0,0
S082_001_00000013.png,0,0,10,0,0,0,0,0,0,0
S082_001_00000014.png,0,0,10,0,0,0,0,0,0,0
S082_001_00000015.png,0,0,10,0,0,0,0,0,0,0
S084_001_00000008.png,0,0,10,0,0,0,0,0,0,0
S084_001_00000009.png,0,0,10,0,0,0,0,0,0,0
S084_001_00000010.png,0,0,10,0,0,0,0,0,0,0
S085_003_00000011.png,0,0,10,0,0,0,0,0,0,0
S085_003_00000012.png,0,0,10,0,0,0,0,0,0,0
S085_003_00000013.png,0,0,10,0,0,0,0,0,0,0
S086_001_00000017.png,0,0,10,0,0,0,0,0,0,0
S086_001_00000018.png,0,0,10,0,0,0,0,0,0,0
S086_001_00000019.png,0,0,10,0,0,0,0,0,0,0
S087_001_00000009.png,0,0,10,0,0,0,0,0,0,0
S087_001_00000010.png,0,0,10,0,0,0,0,0,0,0
S087_001_00000011.png,0,0,10,0,0,0,0,0,0,0
S088_001_00000015.png,0,0,10,0,0,0,0,0,0,0
S088_001_00000016.png,0,0,10,0,0,0,0,0,0,0
S088_001_00000017.png,0,0,10,0,0,0,0,0,0,0
S089_001_00000014.png,0,0,10,0,0,0,0,0,0,0
S089_001_00000015.png,0,0,10,0,0,0,0,0,0,0
S089_001_00000016.png,0,0,10,0,0,0,0,0,0,0
S090_002_00000009.png,0,0,10,0,0,0,0,0,0,0
S090_002_00000010.png,0,0,10,0,0,0,0,0,0,0
S090_002_00000011.png,0,0,10,0,0,0,0,0,0,0
S092_001_00000015.png,0,0,10,0,0,0,0,0,0,0
S092_001_00000016.png,0,0,10,0,0,0,0,0,0,0
S092_001_00000017.png,0,0,10,0,0,0,0,0,0,0
S094_001_00000008.png,0,0,10,0,0,0,0,0,0,0
S094_001_00000009.png,0,0,10,0,0,0,0,0,0,0
S094_001_00000010.png,0,0,10,0,0,0,0,0,0,0
S095_001_00000014.png,0,0,10,0,0,0,0,0,0,0
S095_001_00000015.png,0,0,10,0,0,0,0,0,0,0
S095_001_00000016.png,0,0,10,0,0,0,0,0,0,0
S096_001_00000005.png,0,0,10,0,0,0,0,0,0,0
S096_001_00000006.png,0,0,10,0,0,0,0,0,0,0
S096_001_00000007.png,0,0,10,0,0,0,0,0,0,0
S097_001_00000019.png,0,0,10,0,0,0,0,0,0,0
S097_001_00000020.png,0,0,10,0,0,0,0,0,0,0
S097_001_00000021.png,0,0,10,0,0,0,0,0,0,0
S099_001_00000012.png,0,0,10,0,0,0,0,0,0,0
S099_001_00000013.png,0,0,10,0,0,0,0,0,0,0
S099_001_00000014.png,0,0,10,0,0,0,0,0,0,0
S100_002_00000013.png,0,0,10,0,0,0,0,0,0,0
S100_002_00000014.png,0,0,10,0,0,0,0,0,0,0
S100_002_00000015.png,0,0,10,0,0,0,0,0,0,0
S101_002_00000017.png,0,0,10,0,0,0,0,0,0,0
S101_002_00000018.png,0,0,10,0,0,0,0,0,0,0
S101_002_00000019.png,0,0,10,0,0,0,0,0,0,0
S102_002_00000016.png,0,0,10,0,0,0,0,0,0,0
S102_002_00000017.png,0,0,10,0,0,0,0,0,0,0
S102_002_00000018.png,0,0,10,0,0,0,0,0,0,0
S107_001_00000008.png,0,0,10,0,0,0,0,0,0,0
S107_001_00000009.png,0,0,10,0,0,0,0,0,0,0
S107_001_00000010.png,0,0,10,0,0,0,0,0,0,0
S110_001_00000011.png,0,0,10,0,0,0,0,0,0,0
S110_001_00000012.png,0,0,10,0,0,0,0,0,0,0
S110_001_00000013.png,0,0,10,0,0,0,0,0,0,0
S111_001_00000012.png,0,0,10,0,0,0,0,0,0,0
S111_001_00000013.png,0,0,10,0,0,0,0,0,0,0
S111_001_00000014.png,0,0,10,0,0,0,0,0,0,0
S113_001_00000010.png,0,0,10,0,0,0,0,0,0,0
S113_001_00000011.png,0,0,10,0,0,0,0,0,0,0
S113_001_00000012.png,0,0,10,0,0,0,0,0,0,0
S114_001_00000016.png,0,0,10,0,0,0,0,0,0,0
S114_001_00000017.png,0,0,10,0,0,0,0,0,0,0
S114_001_00000018.png,0,0,10,0,0,0,0,0,0,0
S115_001_00000006.png,0,0,10,0,0,0,0,0,0,0
S115_001_00000007.png,0,0,10,0,0,0,0,0,0,0
S115_001_00000008.png,0,0,10,0,0,0,0,0,0,0
S116_001_00000012.png,0,0,10,0,0,0,0,0,0,0
S116_001_00000013.png,0,0,10,0,0,0,0,0,0,0
S116_001_00000014.png,0,0,10,0,0,0,0,0,0,0
S117_001_00000012.png,0,0,10,0,0,0,0,0,0,0
S117_001_00000013.png,0,0,10,0,0,0,0,0,0,0
S117_001_00000014.png,0,0,10,0,0,0,0,0,0,0
S119_001_00000009.png,0,0,10,0,0,0,0,0,0,0
S119_001_00000010.png,0,0,10,0,0,0,0,0,0,0
S119_001_00000011.png,0,0,10,0,0,0,0,0,0,0
S122_001_00000010.png,0,0,10,0,0,0,0,0,0,0
S122_001_00000011.png,0,0,10,0,0,0,0,0,0,0
S122_001_00000012.png,0,0,10,0,0,0,0,0,0,0
S124_001_00000012.png,0,0,10,0,0,0,0,0,0,0
S124_001_00000013.png,0,0,10,0,0,0,0,0,0,0
S124_001_00000014.png,0,0,10,0,0,0,0,0,0,0
S125_007_00000007.png,0,0,10,0,0,0,0,0,0,0
S125_007_00000008.png,0,0,10,0,0,0,0,0,0,0
S125_007_00000009.png,0,0,10,0,0,0,0,0,0,0
S126_004_00000010.png,0,0,10,0,0,0,0,0,0,0
S126_004_00000011.png,0,0,10,0,0,0,0,0,0,0
S126_004_00000012.png,0,0,10,0,0,0,0,0,0,0
S127_001_00000015.png,0,0,10,0,0,0,0,0,0,0
S127_001_00000016.png,0,0,10,0,0,0,0,0,0,0
S127_001_00000017.png,0,0,10,0,0,0,0,0,0,0
S129_002_00000009.png,0,0,10,0,0,0,0,0,0,0
S129_002_00000010.png,0,0,10,0,0,0,0,0,0,0
S129_002_00000011.png,0,0,10,0,0,0,0,0,0,0
S130_001_00000016.png,0,0,10,0,0,0,0,0,0,0
S130_001_00000017.png,0,0,10,0,0,0,0,0,0,0
S130_001_00000018.png,0,0,10,0,0,0,0,0,0,0
S131_001_00000014.png,0,0,10,0,0,0,0,0,0,0
S131_001_00000015.png,0,0,10,0,0,0,0,0,0,0
S131_001_00000016.png,0,0,10,0,0,0,0,0,0,0
S132_008_00000008.png,0,0,10,0,0,0,0,0,0,0
S132_008_00000009.png,0,0,10,0,0,0,0,0,0,0
S132_008_00000010.png,0,0,10,0,0,0,0,0,0,0
S133_009_00000004.png,0,0,10,0,0,0,0,0,0,0
S133_009_00000005.png,0,0,10,0,0,0,0,0,0,0
S133_009_00000006.png,0,0,10,0,0,0,0,0,0,0
S135_001_00000037.png,0,0,10,0,0,0,0,0,0,0
S135_001_00000038.png,0,0,10,0,0,0,0,0,0,0
S135_001_00000039.png,0,0,10,0,0,0,0,0,0,0
S136_001_00000017.png,0,0,10,0,0,0,0,0,0,0
S136_001_00000018.png,0,0,10,0,0,0,0,0,0,0
S136_001_00000019.png,0,0,10,0,0,0,0,0,0,0
S137_001_00000012.png,0,0,10,0,0,0,0,0,0,0
S137_001_00000013.png,0,0,10,0,0,0,0,0,0,0
S137_001_00000014.png,0,0,10,0,0,0,0,0,0,0
S138_004_00000011.png,0,0,10,0,0,0,0,0,0,0
S138_004_00000012.png,0,0,10,0,0,0,0,0,0,0
S138_004_00000013.png,0,0,10,0,0,0,0,0,0,0
fer0000000.png,4,0,0,1,3,2,0,0,0,0
fer0000001.png,6,0,1,1,0,0,0,0,2,0
fer0000002.png,5,0,0,3,1,0,0,0,1,0
fer0000003.png,4,0,0,4,1,0,0,0,1,0
fer0000004.png,9,0,0,1,0,0,0,0,0,0
fer0000005.png,6,0,0,1,0,0,1,1,1,0
fer0000006.png,2,0,0,8,0,0,0,0,0,0
fer0000007.png,0,10,0,0,0,0,0,0,0,0
fer0000008.png,0,10,0,0,0,0,0,0,0,0
fer0000009.png,0,0,6,0,0,0,4,0,0,0
fer0000010.png,2,0,0,0,8,0,0,0,0,0
fer0000011.png,10,0,0,0,0,0,0,0,0,0
fer0000012.png,5,0,0,3,0,0,0,0,2,0
fer0000013.png,9,0,0,1,0,0,0,0,0,0
fer0000014.png,0,10,0,0,0,0,0,0,0,0
fer0000015.png,0,0,6,0,1,0,3,0,0,0
fer0000016.png,4,6,0,0,0,0,0,0,0,0
fer0000018.png,1,0,2,4,2,0,0,0,1,0
fer0000019.png,6,1,0,0,3,0,0,0,0,0
fer0000020.png,5,0,0,4,0,0,0,0,1,0
fer0000021.png,1,0,1,2,0,0,5,0,1,0
fer0000022.png,1,0,1,1,7,0,0,0,0,0
fer0000024.png,2,7,0,0,0,0,0,1,0,0
fer0000025.png,0,10,0,0,0,0,0,0,0,0
fer0000026.png,4,2,4,0,0,0,0,0,0,0
fer0000027.png,0,0,0,0,7,1,0,0,2,0
fer0000028.png,1,7,0,0,0,2,0,0,0,0
fer0000029.png,0,1,6,0,0,0,3,0,0,0
fer0000030.png,0,9,0,0,0,1,0,0,0,0
fer0000031.png,10,0,0,0,0,0,0,0,0,0
fer0000032.png,0,9,0,0,0,0,0,0,1,0
fer0000033.png,10,0,0,0,0,0,0,0,0,0
fer0000034.png,0,10,0,0,0,0,0,0,0,0
fer0000035.png,9,0,0,0,0,0,0,1,0,0
fer0000036.png,8,0,0,0,0,0,0,1,1,0
fer0000037.png,10,0,0,0,0,0,0,0,0,0
fer0000038.png,1,0,1,0,8,0,0,0,0,0
fer0000039.png,1,8,1,0,0,0,0,0,0,0
fer0000040.png,2,0,0,5,1,1,0,1,0,0
fer0000041.png,3,7,0,0,0,0,0,0,0,0
fer0000042.png,4,0,0,5,0,0,0,0,1,0
fer0000043.png,0,0,0,0,8,0,0,0,2,0
fer0000044.png,7,0,0,3,0,0,0,0,0,0
fer0000045.png,1,0,6,0,0,0,1,0,2,0
fer0000046.png,0,10,0,0,0,0,0,0,0,0
fer0000047.png,10,0,0,0,0,0,0,0,0,0
fer0000048.png,6,0,0,3,0,0,0,0,1,0
fer0000049.png,2,0,0,8,0,0,0,0,0,0
fer0000050.png,7,0,0,2,1,0,0,0,0,0
fer0000051.png,1,0,3,1,0,0,5,0,0,0
fer0000052.png,2,2,3,1,0,1,1,0,0,0
fer0000053.png,9,1,0,0,0,0,0,0,0,0
fer0000054.png,0,0,0,10,0,0,0,0,0,0
fer0000055.png,1,3,6,0,0,0,0,0,0,0
fer0000056.png,6,0,0,0,1,0,1,1,1,0
fer0000057.png,1,9,0,0,0,0,0,0,0,0
fer0000058.png,8,0,0,2,0,0,0,0,0,0
fer0000059.png,8,0,2,0,0,0,0,0,0,0
fer0000060.png,0,0,9,0,0,0,1,0,0,0
fer0000061.png,1,9,0,0,0,0,0,0,0,0
fer0000062.png,0,0,0,9,0,0,0,0,1,0
fer0000063.png,0,7,3,0,0,0,0,0,0,0
fer0000064.png,9,1,0,0,0,0,0,0,0,0
fer0000065.png,6,4,0,0,0,0,0,0,0,0
fer0000066.png,0,10,0,0,0,0,0,0,0,0
fer0000067.png,1,0,1,0,7,0,0,0,1,0
fer0000068.png,5,0,0,1,1,0,1,0,2,0
fer0000069.png,4,0,0,6,0,0,0,0,0,0
fer0000070.png,4,0,0,1,2,0,0,1,2,0
fer0000071.png,3,0,1,5,0,0,0,0,1,0
fer0000072.png,2,1,2,1,0,0,4,0,0,0
fer0000073.png,1,4,0,0,4,0,0,0,1,0
fer0000074.png,7,0,0,0,0,0,0,2,1,0
fer0000075.png,0,0,0,0,10,0,0,0,0,0
fer0000076.png,6,0,0,2,1,1,0,0,0,0
fer0000077.png,0,0,8,0,0,0,2,0,0,0
fer0000078.png,6,0,0,0,3,0,0,0,1,0
fer0000079.png,0,10,0,0,0,0,0,0,0,0
fer0000080.png,2,0,8,0,0,0,0,0,0,0
fer0000081.png,0,10,0,0,0,0,0,0,0,0
fer0000082.png,5,0,1,0,0,0,0,0,4,0
fer0000083.png,4,0,0,6,0,0,0,0,0,0
fer0000084.png,10,0,0,0,0,0,0,0,0,0
fer0000085.png,3,0,0,5,0,0,0,0,2,0
fer0000086.png,3,5,0,0,0,0,0,2,0,0
fer0000087.png,0,2,6,0,0,0,0,0,2,0
fer0000088.png,5,0,0,2,1,0,0,1,1,0
fer0000089.png,4,5,0,0,1,0,0,0,0,0
fer0000090.png,5,0,0,0,4,0,0,0,1,0
fer0000091.png,4,0,0,4,0,0,1,0,1,0
fer0000092.png,0,7,0,0,2,0,0,1,0,0
fer0000093.png,9,0,0,1,0,0,0,0,0,0
fer0000094.png,6,0,0,2,0,0,2,0,0,0
fer0000095.png,0,0,2,0,0,0,8,0,0,0
fer0000096.png,0,8,1,0,0,0,0,0,1,0
fer0000097.png,8,0,0,2,0,0,0,0,0,0
fer0000098.png,0,10,0,0,0,0,0,0,0,0
fer0000099.png,1,9,0,0,0,0,0,0,0,0
fer0000100.png,5,0,5,0,0,0,0,0,0,0
fer0000101.png,7,1,0,1,0,0,0,0,1,0
fer0000102.png,0,9,0,0,0,1,0,0,0,0
fer0000103.png,7,0,1,1,1,0,0,0,0,0
fer0000104.png,0,10,0,0,0,0,0,0,0,0
fer0000105.png,8,0,0,1,0,0,0,0,1,0
fer0000106.png,0,0,4,0,6,0,0,0,0,0
fer0000107.png,1,0,8,0,0,0,1,0,0,0
fer0000108.png,1,9,0,0,0,0,0,0,0,0
fer0000109.png,0,1,0,9,0,0,0,0,0,0
fer0000110.png,2,7,1,0,0,0,0,0,0,0
fer0000111.png,9,0,0,1,0,0,0,0,0,0
fer0000112.png,4,0,0,1,4,0,0,1,0,0
fer0000113.png,10,0,0,0,0,0,0,0,0,0
fer0000114.png,2,0,0,8,0,0,0,0,0,0
fer0000115.png,7,0,0,0,1,0,0,0,2,0
fer0000116.png,2,0,0,0,6,2,0,0,0,0
fer0000117.png,1,9,0,0,0,0,0,0,0,0
fer0000118.png,6,4,0,0,0,0,0,0,0,0
fer0000119.png,0,0,0,0,10,0,0,0,0,0
fer0000120.png,3,0,0,7,0,0,0,0,0,0
fer0000121.png,6,2,1,0,0,0,0,0,1,0
fer0000122.png,4,0,0,2,2,0,0,0,2,0
fer0000123.png,0,10,0,0,0,0,0,0,0,0
fer0000124.png,1,8,0,0,0,0,0,0,1,0
fer0000125.png,4,0,0,2,0,1,0,1,2,0
fer0000126.png,6,0,0,2,0,0,0,2,0,0
fer0000127.png,0,0,10,0,0,0,0,0,0,0
fer0000128.png,5,0,0,4,0,0,0,0,1,0
fer0000129.png,0,0,0,10,0,0,0,0,0,0
fer0000130.png,4,0,0,6,0,0,0,0,0,0
fer0000131.png,1,0,2,1,0,0,5,1,0,0
fer0000132.png,4,6,0,0,0,0,0,0,0,0
fer0000133.png,5,0,0,0,1,0,0,4,0,0
fer0000134.png,8,0,0,2,0,0,0,0,0,0
fer0000135.png,8,0,0,0,0,0,0,1,1,0
fer0000136.png,1,0,2,0,7,0,0,0,0,0
fer0000137.png,5,1,0,3,0,0,0,0,1,0
fer0000138.png,1,6,3,0,0,0,0,0,0,0
fer0000139.png,4,0,0,4,0,0,0,1,1,0
fer0000140.png,7,3,0,0,0,0,0,0,0,0
fer0000141.png,0,10,0,0,0,0,0,0,0,0
fer0000142.png,0,9,0,0,0,0,0,0,1,0
fer0000143.png,0,9,1,0,0,0,0,0,0,0
fer0000144.png,0,10,0,0,0,0,0,0,0,0
fer0000145.png,4,2,1,0,0,0,0,1,2,0
fer0000146.png,0,0,1,0,7,0,0,0,2,0
fer0000147.png,5,0,0,4,0,1,0,0,0,0
fer0000148.png,0,0,9,0,0,0,1,0,0,0
fer0000149.png,0,1,2,3,2,0,2,0,0,0
fer0000150.png,3,0,0,1,5,1,0,0,0,0
fer0000151.png,6,3,0,0,0,0,0,1,0,0
fer0000152.png,0,10,0,0,0,0,0,0,0,0
fer0000153.png,6,0,0,2,1,1,0,0,0,0
fer0000154.png,0,0,8,0,1,0,1,0,0,0
fer0000155.png,0,9,0,0,0,0,0,1,0,0
fer0000156.png,2,0,0,1,3,2,0,0,2,0
fer0000157.png,7,0,0,2,1,0,0,0,0,0
fer0000158.png,0,0,0,10,0,0,0,0,0,0
fer0000159.png,0,0,10,0,0,0,0,0,0,0
fer0000160.png,6,0,0,1,2,1,0,0,0,0
fer0000161.png,0,10,0,0,0,0,0,0,0,0
fer0000162.png,3,3,0,2,0,0,0,0,2,0
fer0000163.png,9,0,0,0,0,0,0,0,1,0
fer0000164.png,0,10,0,0,0,0,0,0,0,0
fer0000165.png,8,0,0,2,0,0,0,0,0,0
fer0000166.png,0,10,0,0,0,0,0,0,0,0
fer0000167.png,7,1,0,2,0,0,0,0,0,0
fer0000168.png,8,0,0,0,1,0,0,0,1,0
fer0000170.png,4,0,0,6,0,0,0,0,0,0
fer0000171.png,7,0,0,0,2,0,0,1,0,0
fer0000172.png,5,0,0,5,0,0,0,0,0,0
fer0000173.png,8,0,0,1,0,0,0,0,1,0
fer0000174.png,0,2,8,0,0,0,0,0,0,0
fer0000175.png,0,0,10,0,0,0,0,0,0,0
fer0000176.png,5,2,0,1,0,0,0,1,1,0
fer0000177.png,0,0,7,1,0,0,2,0,0,0
fer0000178.png,0,0,0,0,10,0,0,0,0,0
fer0000179.png,0,7,0,0,0,0,0,2,1,0
fer0000180.png,1,0,8,0,0,0,1,0,0,0
fer0000181.png,0,10,0,0,0,0,0,0,0,0
fer0000182.png,7,0,0,1,0,0,0,1,1,0
fer0000183.png,0,0,3,0,3,0,3,0,1,0
fer0000184.png,6,0,0,1,2,0,0,1,0,0
fer0000185.png,1,1,0,3,4,0,0,0,1,0
fer0000186.png,0,10,0,0,0,0,0,0,0,0
fer0000187.png,7,0,1,0,0,0,0,1,1,0
fer0000188.png,4,0,0,2,2,0,0,0,2,0
fer0000189.png,0,0,1,1,0,0,6,0,2,0
fer0000190.png,0,0,8,0,0,0,2,0,0,0
fer0000191.png,0,3,6,0,0,0,0,0,1,0
fer0000192.png,0,0,8,0,0,0,2,0,0,0
fer0000193.png,1,3,6,0,0,0,0,0,0,0
fer0000194.png,8,0,0,1,0,0,0,0,1,0
fer0000195.png,0,10,0,0,0,0,0,0,0,0
fer0000196.png,3,0,2,1,1,0,0,0,3,0
fer0000197.png,9,0,0,0,1,0,0,0,0,0
fer0000198.png,1,0,7,0,0,0,2,0,0,0
fer0000199.png,3,0,0,6,0,0,0,0,1,0
fer0000200.png,2,0,0,6,0,0,0,1,1,0
fer0000201.png,2,0,0,4,3,0,0,1,0,0
fer0000202.png,9,0,0,1,0,0,0,0,0,0
fer0000203.png,2,0,0,7,1,0,0,0,0,0
fer0000204.png,0,0,8,0,0,0,2,0,0,0
fer0000205.png,0,10,0,0,0,0,0,0,0,0
fer0000206.png,0,10,0,0,0,0,0,0,0,0
fer0000207.png,0,0,7,0,0,0,3,0,0,0
fer0000208.png,4,0,3,0,1,0,1,0,1,0
fer0000209.png,0,10,0,0,0,0,0,0,0,0
fer0000210.png,10,0,0,0,0,0,0,0,0,0
fer0000211.png,3,0,0,5,1,0,0,0,1,0
fer0000212.png,0,10,0,0,0,0,0,0,0,0
fer0000213.png,0,10,0,0,0,0,0,0,0,0
fer0000214.png,1,9,0,0,0,0,0,0,0,0
fer0000215.png,0,6,1,2,0,0,0,1,0,0
fer0000216.png,6,3,0,0,0,0,0,1,0,0
fer0000217.png,1,9,0,0,0,0,0,0,0,0
fer0000218.png,0,9,1,0,0,0,0,0,0,0
fer0000219.png,3,3,0,0,0,0,0,4,0,0
fer0000220.png,8,0,0,0,1,0,0,1,0,0
fer0000221.png,8,0,1,0,0,0,0,0,1,0
fer0000222.png,5,4,0,0,0,0,0,0,1,0
fer0000223.png,0,0,10,0,0,0,0,0,0,0
fer0000224.png,4,0,0,0,6,0,0,0,0,0
fer0000225.png,10,0,0,0,0,0,0,0,0,0
fer0000226.png,4,1,5,0,0,0,0,0,0,0
fer0000227.png,9,0,1,0,0,0,0,0,0,0
fer0000228.png,0,2,0,3,2,2,0,0,1,0
fer0000229.png,0,0,10,0,0,0,0,0,0,0
fer0000230.png,2,0,0,7,1,0,0,0,0,0
fer0000231.png,0,9,0,0,0,1,0,0,0,0
fer0000232.png,1,0,0,0,9,0,0,0,0,0
fer0000233.png,1,9,0,0,0,0,0,0,0,0
fer0000234.png,8,0,0,1,1,0,0,0,0,0
fer0000235.png,7,0,0,1,2,0,0,0,0,0
fer0000236.png,0,0,10,0,0,0,0,0,0,0
fer0000237.png,2,1,0,7,0,0,0,0,0,0
fer0000238.png,6,0,1,3,0,0,0,0,0,0
fer0000239.png,0,10,0,0,0,0,0,0,0,0
fer0000240.png,1,0,0,9,0,0,0,0,0,0
fer0000241.png,0,0,1,0,9,0,0,0,0,0
fer0000242.png,10,0,0,0,0,0,0,0,0,0
fer0000243.png,3,0,4,0,0,0,2,0,1,0
fer0000244.png,4,0,1,0,5,0,0,0,0,0
fer0000245.png,10,0,0,0,0,0,0,0,0,0
fer0000246.png,0,10,0,0,0,0,0,0,0,0
fer0000247.png,3,0,0,0,6,0,0,1,0,0
fer0000248.png,6,0,1,2,0,0,0,1,0,0
fer0000249.png,10,0,0,0,0,0,0,0,0,0
fer0000250.png,2,0,5,0,1,1,0,0,1,0
fer0000251.png,2,0,7,1,0,0,0,0,0,0
fer0000252.png,0,9,0,0,1,0,0,0,0,0
fer0000253.png,0,10,0,0,0,0,0,0,0,0
fer0000254.png,0,3,2,0,4,0,1,0,0,0
fer0000255.png,1,3,6,0,0,0,0,0,0,0
fer0000256.png,0,1,9,0,0,0,0,0,0,0
fer0000257.png,2,1,0,2,3,0,0,0,2,0
fer0000258.png,0,3,4,0,2,0,0,0,1,0
fer0000259.png,0,0,6,0,0,0,4,0,0,0
fer0000260.png,8,1,0,0,1,0,0,0,0,0
fer0000261.png,9,0,0,0,0,0,0,1,0,0
fer0000262.png,5,0,0,1,2,0,0,1,1,0
fer0000263.png,0,0,0,10,0,0,0,0,0,0
fer0000264.png,0,10,0,0,0,0,0,0,0,0
fer0000265.png,6,0,0,2,1,0,0,1,0,0
fer0000266.png,0,2,0,4,4,0,0,0,0,0
fer0000267.png,10,0,0,0,0,0,0,0,0,0
fer0000268.png,0,0,10,0,0,0,0,0,0,0
fer0000269.png,0,1,0,2,4,0,2,0,1,0
fer0000270.png,8,0,0,1,0,0,0,1,0,0
fer0000271.png,8,1,0,1,0,0,0,0,0,0
fer0000272.png,6,0,0,3,0,0,0,1,0,0
fer0000273.png,8,0,0,1,0,0,0,0,1,0
fer0000274.png,0,0,0,1,9,0,0,0,0,0
fer0000275.png,3,0,5,1,0,0,1,0,0,0
fer0000276.png,0,10,0,0,0,0,0,0,0,0
fer0000277.png,7,0,0,2,0,0,0,1,0,0
fer0000278.png,1,0,8,0,0,0,1,0,0,0
fer0000279.png,6,0,0,0,0,0,0,1,3,0
fer0000280.png,7,0,0,1,2,0,0,0,0,0
fer0000281.png,0,7,2,0,0,1,0,0,0,0
fer0000282.png,0,9,1,0,0,0,0,0,0,0
fer0000283.png,0,10,0,0,0,0,0,0,0,0
fer0000284.png,0,10,0,0,0,0,0,0,0,0
fer0000285.png,5,1,2,2,0,0,0,0,0,0
fer0000286.png,0,9,1,0,0,0,0,0,0,0
fer0000287.png,8,0,0,0,0,0,1,0,1,0
fer0000288.png,5,0,0,0,4,0,0,0,1,0
fer0000289.png,8,2,0,0,0,0,0,0,0,0
fer0000290.png,0,9,0,0,0,1,0,0,0,0
fer0000291.png,1,0,3,2,1,0,1,0,2,0
fer0000292.png,5,0,0,5,0,0,0,0,0,0
fer0000293.png,2,3,0,0,4,1,0,0,0,0
fer0000294.png,3,0,0,0,4,0,0,3,0,0
fer0000295.png,0,10,0,0,0,0,0,0,0,0
fer0000296.png,0,1,0,6,2,0,0,0,1,0
fer0000297.png,8,0,0,1,1,0,0,0,0,0
fer0000298.png,1,0,0,1,2,3,1,1,1,0
fer0000299.png,0,0,1,0,0,0,9,0,0,0
fer0000300.png,5,0,0,1,3,0,0,0,1,0
fer0000301.png,1,0,8,0,0,0,1,0,0,0
fer0000302.png,1,9,0,0,0,0,0,0,0,0
fer0000303.png,0,0,10,0,0,0,0,0,0,0
fer0000304.png,3,0,0,6,0,0,0,0,1,0
fer0000305.png,3,1,0,4,0,0,0,2,0,0
fer0000306.png,0,1,2,0,6,0,1,0,0,0
fer0000307.png,4,0,0,3,0,0,0,0,3,0
fer0000308.png,0,10,0,0,0,0,0,0,0,0
fer0000309.png,4,0,0,4,0,0,0,0,2,0
fer0000310.png,9,0,0,0,0,0,0,0,1,0
fer0000311.png,9,0,0,1,0,0,0,0,0,0
fer0000312.png,4,0,0,6,0,0,0,0,0,0
fer0000313.png,1,0,0,6,1,0,0,0,2,0
fer0000314.png,0,9,1,0,0,0,0,0,0,0
fer0000315.png,1,0,8,0,1,0,0,0,0,0
fer0000316.png,5,2,0,0,1,0,0,0,2,0
fer0000317.png,0,0,0,10,0,0,0,0,0,0
fer0000318.png,0,0,10,0,0,0,0,0,0,0
fer0000319.png,9,0,0,1,0,0,0,0,0,0
fer0000320.png,0,0,0,10,0,0,0,0,0,0
fer0000321.png,0,0,6,0,0,0,3,0,1,0
fer0000322.png,9,0,0,0,1,0,0,0,0,0
fer0000323.png,0,10,0,0,0,0,0,0,0,0
fer0000324.png,0,10,0,0,0,0,0,0,0,0
fer0000325.png,0,10,0,0,0,0,0,0,0,0
fer0000326.png,0,5,5,0,0,0,0,0,0,0
fer0000327.png,1,4,5,0,0,0,0,0,0,0
fer0000328.png,4,0,6,0,0,0,0,0,0,0
fer0000329.png,0,0,10,0,0,0,0,0,0,0
fer0000330.png,0,10,0,0,0,0,0,0,0,0
fer0000331.png,0,0,7,0,0,0,2,0,1,0
fer0000332.png,0,10,0,0,0,0,0,0,0,0
fer0000333.png,0,10,0,0,0,0,0,0,0,0
fer0000334.png,0,10,0,0,0,0,0,0,0,0
fer0000335.png,0,1,9,0,0,0,0,0,0,0
fer0000336.png,9,0,0,0,0,0,0,1,0,0
fer0000337.png,8,0,0,0,2,0,0,0,0,0
fer0000338.png,1,0,0,9,0,0,0,0,0,0
fer0000339.png,0,1,0,3,0,0,4,0,2,0
fer0000340.png,4,0,0,6,0,0,0,0,0,0
fer0000341.png,1,0,0,1,8,0,0,0,0,0
fer0000342.png,8,0,0,2,0,0,0,0,0,0
fer0000343.png,3,4,0,0,0,0,0,2,1,0
fer0000344.png,0,0,9,0,1,0,0,0,0,0
fer0000345.png,8,0,1,0,0,0,0,0,1,0
fer0000346.png,10,0,0,0,0,0,0,0,0,0
fer0000347.png,1,9,0,0,0,0,0,0,0,0
fer0000348.png,1,0,0,2,7,0,0,0,0,0
fer0000349.png,0,0,0,10,0,0,0,0,0,0
fer0000350.png,0,7,1,0,2,0,0,0,0,0
fer0000351.png,1,0,0,5,0,3,0,0,1,0
fer0000352.png,3,0,0,0,4,2,0,0,1,0
fer0000353.png,0,4,6,0,0,0,0,0,0,0
fer0000354.png,0,1,0,0,8,1,0,0,0,0
fer0000355.png,0,10,0,0,0,0,0,0,0,0
fer0000356.png,0,1,9,0,0,0,0,0,0,0
fer0000357.png,2,0,0,6,1,0,0,1,0,0
fer0000358.png,3,0,0,7,0,0,0,0,0,0
fer0000359.png,5,0,3,1,0,0,0,0,1,0
fer0000360.png,10,0,0,0,0,0,0,0,0,0
fer0000361.png,0,0,10,0,0,0,0,0,0,0
fer0000362.png,3,0,0,7,0,0,0,0,0,0
fer0000363.png,0,10,0,0,0,0,0,0,0,0
fer0000364.png,0,0,1,0,5,0,3,0,1,0
fer0000365.png,0,10,0,0,0,0,0,0,0,0
fer0000366.png,0,0,9,0,0,0,1,0,0,0
fer0000367.png,2,0,0,7,0,0,0,0,1,0
fer0000368.png,1,0,0,0,8,0,0,1,0,0
fer0000369.png,0,5,4,0,0,0,0,0,1,0
fer0000370.png,0,10,0,0,0,0,0,0,0,0
fer0000371.png,0,0,0,0,0,0,9,1,0,0
fer0000372.png,9,0,0,1,0,0,0,0,0,0
fer0000373.png,0,0,2,0,8,0,0,0,0,0
fer0000374.png,4,0,0,3,0,0,0,0,3,0
fer0000375.png,9,0,0,0,0,0,0,0,1,0
fer0000376.png,4,0,0,3,3,0,0,0,0,0
fer0000377.png,1,6,0,1,0,0,0,0,2,0
fer0000378.png,5,0,4,1,0,0,0,0,0,0
fer0000379.png,1,9,0,0,0,0,0,0,0,0
fer0000380.png,0,1,9,0,0,0,0,0,0,0
fer0000381.png,8,1,0,0,0,0,1,0,0,0
fer0000382.png,6,0,0,3,0,0,0,1,0,0
fer0000383.png,1,9,0,0,0,0,0,0,0,0
fer0000384.png,1,0,1,7,0,0,0,0,1,0
fer0000385.png,4,0,0,3,0,0,1,0,2,0
fer0000386.png,1,0,0,0,7,1,0,1,0,0
fer0000387.png,1,0,0,1,4,4,0,0,0,0
fer0000388.png,7,0,0,0,1,0,0,1,1,0
fer0000389.png,4,0,0,4,1,0,0,0,1,0
fer0000390.png,2,0,0,7,0,0,0,0,1,0
fer0000391.png,0,0,10,0,0,0,0,0,0,0
fer0000392.png,6,0,3,0,0,0,0,0,1,0
fer0000393.png,7,1,0,0,0,0,0,1,1,0
fer0000394.png,8,0,0,2,0,0,0,0,0,0
fer0000395.png,8,0,0,2,0,0,0,0,0,0
fer0000396.png,9,0,0,1,0,0,0,0,0,0
fer0000397.png,4,0,2,1,2,0,1,0,0,0
fer0000398.png,10,0,0,0,0,0,0,0,0,0
fer0000399.png,0,0,0,10,0,0,0,0,0,0
fer0000400.png,3,7,0,0,0,0,0,0,0,0
fer0000401.png,5,0,1,2,0,0,1,0,1,0
fer0000402.png,1,0,0,6,0,1,1,1,0,0
fer0000403.png,1,0,0,0,6,0,0,1,2,0
fer0000404.png,10,0,0,0,0,0,0,0,0,0
fer0000405.png,0,10,0,0,0,0,0,0,0,0
fer0000406.png,8,0,0,1,0,0,0,0,1,0
fer0000407.png,1,6,3,0,0,0,0,0,0,0
fer0000408.png,0,0,0,7,1,1,0,1,0,0
fer0000409.png,1,1,2,0,5,0,0,0,1,0
fer0000410.png,1,0,7,0,0,0,1,0,1,0
fer0000411.png,1,1,1,0,6,0,0,0,1,0
fer0000412.png,0,0,7,0,0,0,3,0,0,0
fer0000413.png,0,0,0,10,0,0,0,0,0,0
fer0000414.png,8,1,1,0,0,0,0,0,0,0
fer0000415.png,0,0,0,7,0,2,0,0,1,0
fer0000416.png,1,5,4,0,0,0,0,0,0,0
fer0000417.png,5,0,0,1,0,0,0,0,4,0
fer0000418.png,10,0,0,0,0,0,0,0,0,0
fer0000419.png,5,0,0,1,2,1,0,0,1,0
fer0000420.png,0,0,4,1,3,1,0,0,1,0
fer0000421.png,5,0,0,4,0,0,0,0,1,0
fer0000422.png,4,0,0,1,0,0,0,3,2,0
fer0000423.png,0,0,4,1,1,0,3,0,1,0
fer0000424.png,1,0,7,0,0,0,2,0,0,0
fer0000425.png,0,0,0,9,0,1,0,0,0,0
fer0000426.png,7,0,0,3,0,0,0,0,0,0
fer0000427.png,4,0,0,6,0,0,0,0,0,0
fer0000428.png,0,1,0,7,1,0,1,0,0,0
fer0000429.png,2,0,0,7,0,0,0,0,1,0
fer0000430.png,6,0,0,2,2,0,0,0,0,0
fer0000431.png,5,0,0,2,0,0,0,1,2,0
fer0000432.png,3,0,3,1,0,0,1,0,2,0
fer0000433.png,2,0,2,0,5,0,0,0,1,0
fer0000434.png,0,0,8,1,0,0,1,0,0,0
fer0000435.png,0,10,0,0,0,0,0,0,0,0
fer0000436.png,0,10,0,0,0,0,0,0,0,0
fer0000437.png,0,0,10,0,0,0,0,0,0,0
fer0000438.png,0,10,0,0,0,0,0,0,0,0
fer0000439.png,0,10,0,0,0,0,0,0,0,0
fer0000440.png,7,0,0,3,0,0,0,0,0,0
fer0000441.png,10,0,0,0,0,0,0,0,0,0
fer0000442.png,0,0,9,0,0,0,1,0,0,0
fer0000443.png,5,5,0,0,0,0,0,0,0,0
fer0000444.png,0,10,0,0,0,0,0,0,0,0
fer0000445.png,0,6,4,0,0,0,0,0,0,0
fer0000446.png,5,0,0,3,1,0,0,0,1,0
fer0000447.png,3,0,0,6,1,0,0,0,0,0
fer0000448.png,7,0,2,0,0,0,1,0,0,0
fer0000449.png,0,10,0,0,0,0,0,0,0,0
fer0000450.png,4,0,1,0,4,0,0,0,1,0
fer0000451.png,1,1,2,0,6,0,0,0,0,0
fer0000452.png,0,10,0,0,0,0,0,0,0,0
fer0000453.png,8,0,0,1,0,0,0,0,1,0
fer0000454.png,1,1,3,0,2,0,0,0,3,0
fer0000455.png,0,10,0,0,0,0,0,0,0,0
fer0000456.png,8,0,0,1,0,0,0,1,0,0
fer0000457.png,0,10,0,0,0,0,0,0,0,0
fer0000458.png,10,0,0,0,0,0,0,0,0,0
fer0000459.png,1,0,3,1,0,0,1,0,4,0
fer0000460.png,9,0,0,1,0,0,0,0,0,0
fer0000461.png,6,0,0,4,0,0,0,0,0,0
fer0000462.png,0,9,0,1,0,0,0,0,0,0
fer0000463.png,3,0,1,0,6,0,0,0,0,0
fer0000464.png,0,10,0,0,0,0,0,0,0,0
fer0000465.png,7,0,0,3,0,0,0,0,0,0
fer0000466.png,8,0,0,1,0,0,0,0,1,0
fer0000467.png,9,0,0,0,0,0,0,1,0,0
fer0000468.png,7,2,0,0,0,1,0,0,0,0
fer0000469.png,0,0,1,1,7,0,0,1,0,0
fer0000470.png,0,0,8,0,0,0,2,0,0,0
fer0000471.png,0,10,0,0,0,0,0,0,0,0
fer0000472.png,0,0,0,6,1,2,0,0,1,0
fer0000473.png,0,0,7,1,0,0,2,0,0,0
fer0000474.png,2,0,0,4,1,2,0,1,0,0
fer0000475.png,0,2,2,0,6,0,0,0,0,0
fer0000476.png,0,1,0,9,0,0,0,0,0,0
fer0000477.png,4,4,0,0,0,0,0,0,2,0
fer0000478.png,0,0,2,0,7,0,1,0,0,0
fer0000479.png,0,0,9,0,0,0,1,0,0,0
fer0000480.png,0,0,0,0,2,5,0,1,2,0
fer0000481.png,10,0,0,0,0,0,0,0,0,0
fer0000482.png,2,0,0,8,0,0,0,0,0,0
fer0000483.png,7,0,0,3,0,0,0,0,0,0
fer0000484.png,0,10,0,0,0,0,0,0,0,0
fer0000485.png,3,0,0,6,1,0,0,0,0,0
fer0000486.png,0,10,0,0,0,0,0,0,0,0
fer0000487.png,0,0,8,0,0,0,2,0,0,0
fer0000488.png,0,6,2,0,1,0,0,0,1,0
fer0000489.png,8,0,0,1,0,0,1,0,0,0
fer0000490.png,7,3,0,0,0,0,0,0,0,0
fer0000491.png,0,2,7,0,0,0,1,0,0,0
fer0000492.png,10,0,0,0,0,0,0,0,0,0
fer0000493.png,5,0,4,0,0,0,1,0,0,0
fer0000494.png,0,10,0,0,0,0,0,0,0,0
fer0000495.png,3,0,0,1,0,1,0,5,0,0
fer0000496.png,0,0,10,0,0,0,0,0,0,0
fer0000497.png,5,0,3,2,0,0,0,0,0,0
fer0000498.png,6,0,0,0,4,0,0,0,0,0
fer0000499.png,7,0,0,2,0,0,0,0,1,0
fer0000500.png,9,1,0,0,0,0,0,0,0,0
fer0000501.png,5,0,0,0,4,0,0,0,1,0
fer0000502.png,6,0,0,0,0,2,0,0,2,0
fer0000503.png,4,0,0,5,0,0,0,0,1,0
fer0000504.png,7,0,0,1,2,0,0,0,0,0
fer0000505.png,0,0,10,0,0,0,0,0,0,0
fer0000506.png,10,0,0,0,0,0,0,0,0,0
fer0000507.png,7,0,0,1,0,0,0,1,1,0
fer0000508.png,1,0,9,0,0,0,0,0,0,0
fer0000509.png,0,10,0,0,0,0,0,0,0,0
fer0000510.png,0,10,0,0,0,0,0,0,0,0
fer0000511.png,5,0,0,4,0,0,0,0,1,0
fer0000512.png,4,0,0,5,0,0,0,0,1,0
fer0000513.png,4,0,0,4,0,1,0,0,1,0
fer0000514.png,1,0,0,8,0,1,0,0,0,0
fer0000515.png,2,0,3,0,2,0,3,0,0,0
fer0000516.png,0,0,10,0,0,0,0,0,0,0
fer0000517.png,0,2,3,0,2,0,0,0,3,0
fer0000518.png,6,0,0,4,0,0,0,0,0,0
fer0000519.png,5,0,3,0,2,0,0,0,0,0
fer0000520.png,4,0,0,5,0,1,0,0,0,0
fer0000521.png,0,0,9,0,0,0,1,0,0,0
fer0000522.png,0,4,3,1,0,0,0,0,2,0
fer0000523.png,3,0,0,5,2,0,0,0,0,0
fer0000524.png,0,0,6,0,2,1,1,0,0,0
fer0000525.png,0,10,0,0,0,0,0,0,0,0
fer0000526.png,8,0,1,0,0,0,0,0,1,0
fer0000527.png,0,1,8,0,0,0,0,0,1,0
fer0000528.png,1,1,0,8,0,0,0,0,0,0
fer0000529.png,0,10,0,0,0,0,0,0,0,0
fer0000530.png,2,8,0,0,0,0,0,0,0,0
fer0000531.png,0,0,1,3,0,3,2,0,1,0
fer0000532.png,1,1,0,7,0,0,0,0,1,0
fer0000533.png,10,0,0,0,0,0,0,0,0,0
fer0000534.png,6,0,0,4,0,0,0,0,0,0
fer0000535.png,0,10,0,0,0,0,0,0,0,0
fer0000536.png,1,0,0,6,1,1,0,0,1,0
fer0000537.png,0,10,0,0,0,0,0,0,0,0
fer0000538.png,1,9,0,0,0,0,0,0,0,0
fer0000539.png,9,1,0,0,0,0,0,0,0,0
fer0000540.png,10,0,0,0,0,0,0,0,0,0
fer0000541.png,6,0,0,4,0,0,0,0,0,0
fer0000542.png,10,0,0,0,0,0,0,0,0,0
fer0000543.png,0,0,4,0,0,0,6,0,0,0
fer0000544.png,7,0,0,0,1,0,0,0,2,0
fer0000545.png,9,1,0,0,0,0,0,0,0,0
fer0000546.png,2,3,5,0,0,0,0,0,0,0
fer0000547.png,5,0,1,3,0,1,0,0,0,0
fer0000548.png,1,0,0,6,1,0,0,0,2,0
fer0000549.png,9,0,0,1,0,0,0,0,0,0
fer0000550.png,8,1,0,1,0,0,0,0,0,0
fer0000551.png,0,10,0,0,0,0,0,0,0,0
fer0000552.png,0,0,9,0,1,0,0,0,0,0
fer0000553.png,4,1,0,3,0,0,0,1,1,0
fer0000554.png,0,1,0,9,0,0,0,0,0,0
fer0000555.png,8,0,0,1,0,0,0,0,1,0
fer0000556.png,0,0,0,1,8,0,0,0,1,0
fer0000557.png,4,0,0,4,0,2,0,0,0,0
fer0000558.png,2,1,0,4,2,0,0,0,1,0
fer0000559.png,2,8,0,0,0,0,0,0,0,0
fer0000560.png,0,6,4,0,0,0,0,0,0,0
fer0000561.png,0,0,0,0,7,3,0,0,0,0
fer0000562.png,0,0,0,2,8,0,0,0,0,0
fer0000563.png,7,3,0,0,0,0,0,0,0,0
fer0000564.png,2,0,0,8,0,0,0,0,0,0
fer0000565.png,4,4,1,0,1,0,0,0,0,0
fer0000566.png,0,10,0,0,0,0,0,0,0,0
fer0000567.png,0,10,0,0,0,0,0,0,0,0
fer0000568.png,8,0,0,1,0,1,0,0,0,0
fer0000569.png,0,8,2,0,0,0,0,0,0,0
fer0000570.png,0,10,0,0,0,0,0,0,0,0
fer0000571.png,1,0,0,0,0,0,0,8,1,0
fer0000572.png,1,9,0,0,0,0,0,0,0,0
fer0000573.png,7,0,0,0,2,0,0,0,1,0
fer0000574.png,5,0,0,4,1,0,0,0,0,0
fer0000575.png,1,0,0,7,0,1,0,0,1,0
fer0000576.png,1,0,7,0,0,0,2,0,0,0
fer0000577.png,2,1,0,5,0,0,0,0,2,0
fer0000578.png,0,0,0,10,0,0,0,0,0,0
fer0000579.png,1,0,6,0,1,1,1,0,0,0
fer0000580.png,0,2,6,0,1,0,1,0,0,0
fer0000581.png,0,0,8,0,0,0,2,0,0,0
fer0000582.png,3,6,0,0,0,0,0,0,1,0
fer0000583.png,1,9,0,0,0,0,0,0,0,0
fer0000584.png,0,10,0,0,0,0,0,0,0,0
fer0000585.png,9,0,0,0,0,0,0,0,1,0
fer0000586.png,2,7,0,0,0,0,1,0,0,0
fer0000587.png,0,7,2,0,1,0,0,0,0,0
fer0000588.png,3,0,0,5,0,0,0,0,2,0
fer0000589.png,7,0,2,0,0,0,1,0,0,0
fer0000590.png,6,0,0,3,0,0,0,1,0,0
fer0000591.png,0,0,2,0,5,0,2,0,1,0
fer0000592.png,0,10,0,0,0,0,0,0,0,0
fer0000593.png,0,0,7,0,2,0,1,0,0,0
fer0000594.png,7,3,0,0,0,0,0,0,0,0
fer0000595.png,0,0,0,0,8,2,0,0,0,0
fer0000596.png,1,4,0,2,0,0,0,0,3,0
fer0000597.png,2,0,4,0,0,0,4,0,0,0
fer0000598.png,4,0,1,1,1,1,0,1,1,0
fer0000599.png,6,0,0,4,0,0,0,0,0,0
fer0000600.png,4,0,0,5,0,0,0,1,0,0
fer0000601.png,8,0,0,0,1,0,0,0,1,0
fer0000602.png,6,0,1,0,0,0,0,0,3,0
fer0000603.png,0,2,1,3,0,0,0,0,4,0
fer0000604.png,0,10,0,0,0,0,0,0,0,0
fer0000605.png,0,1,0,9,0,0,0,0,0,0
fer0000606.png,8,0,0,1,0,1,0,0,0,0
fer0000607.png,1,9,0,0,0,0,0,0,0,0
fer0000608.png,2,0,2,5,0,0,0,0,1,0
fer0000609.png,4,0,0,3,1,1,0,1,0,0
fer0000610.png,6,0,1,0,2,1,0,0,0,0
fer0000611.png,0,9,0,1,0,0,0,0,0,0
fer0000612.png,1,0,0,9,0,0,0,0,0,0
fer0000613.png,8,1,0,1,0,0,0,0,0,0
fer0000614.png,5,0,0,4,0,0,0,0,1,0
fer0000615.png,10,0,0,0,0,0,0,0,0,0
fer0000616.png,7,0,0,1,2,0,0,0,0,0
fer0000617.png,8,0,1,1,0,0,0,0,0,0
fer0000618.png,0,10,0,0,0,0,0,0,0,0
fer0000619.png,0,0,9,0,0,0,1,0,0,0
fer0000620.png,10,0,0,0,0,0,0,0,0,0
fer0000621.png,0,10,0,0,0,0,0,0,0,0
fer0000622.png,3,0,0,3,4,0,0,0,0,0
fer0000623.png,3,1,0,4,2,0,0,0,0,0
fer0000624.png,0,9,1,0,0,0,0,0,0,0
fer0000625.png,9,0,0,1,0,0,0,0,0,0
fer0000626.png,10,0,0,0,0,0,0,0,0,0
fer0000627.png,0,10,0,0,0,0,0,0,0,0
fer0000628.png,9,1,0,0,0,0,0,0,0,0
fer0000629.png,1,1,0,7,0,0,0,0,1,0
fer0000630.png,2,1,6,0,0,0,0,0,1,0
fer0000632.png,0,1,4,0,2,0,3,0,0,0
fer0000633.png,0,10,0,0,0,0,0,0,0,0
fer0000634.png,4,0,0,0,2,1,0,0,3,0
fer0000635.png,1,9,0,0,0,0,0,0,0,0
fer0000636.png,3,0,6,0,0,0,0,0,1,0
fer0000638.png,0,0,3,5,0,0,1,0,1,0
fer0000639.png,2,8,0,0,0,0,0,0,0,0
fer0000640.png,6,1,0,0,0,0,0,1,2,0
fer0000641.png,10,0,0,0,0,0,0,0,0,0
fer0000642.png,8,0,0,1,0,1,0,0,0,0
fer0000643.png,1,9,0,0,0,0,0,0,0,0
fer0000644.png,2,1,6,0,0,1,0,0,0,0
fer0000645.png,1,0,8,0,0,0,0,0,1,0
fer0000646.png,0,10,0,0,0,0,0,0,0,0
fer0000647.png,10,0,0,0,0,0,0,0,0,0
fer0000648.png,3,1,0,2,0,0,2,0,2,0
fer0000649.png,9,0,0,1,0,0,0,0,0,0
fer0000650.png,0,0,10,0,0,0,0,0,0,0
fer0000651.png,0,10,0,0,0,0,0,0,0,0
fer0000652.png,4,0,0,0,2,0,0,0,4,0
fer0000653.png,2,8,0,0,0,0,0,0,0,0
fer0000654.png,0,1,0,4,2,1,0,0,2,0
fer0000655.png,0,10,0,0,0,0,0,0,0,0
fer0000656.png,0,10,0,0,0,0,0,0,0,0
fer0000657.png,1,9,0,0,0,0,0,0,0,0
fer0000658.png,0,0,9,0,1,0,0,0,0,0
fer0000659.png,6,0,0,2,1,1,0,0,0,0
fer0000660.png,7,0,3,0,0,0,0,0,0,0
fer0000661.png,6,0,1,3,0,0,0,0,0,0
fer0000662.png,0,10,0,0,0,0,0,0,0,0
fer0000663.png,3,1,0,0,6,0,0,0,0,0
fer0000664.png,4,5,1,0,0,0,0,0,0,0
fer0000665.png,0,10,0,0,0,0,0,0,0,0
fer0000666.png,0,10,0,0,0,0,0,0,0,0
fer0000667.png,0,0,2,4,0,0,4,0,0,0
fer0000668.png,0,0,9,0,0,0,1,0,0,0
fer0000669.png,0,1,2,0,7,0,0,0,0,0
fer0000670.png,9,0,0,1,0,0,0,0,0,0
fer0000671.png,5,1,0,3,0,0,0,1,0,0
fer0000672.png,0,10,0,0,0,0,0,0,0,0
fer0000673.png,0,0,10,0,0,0,0,0,0,0
fer0000674.png,1,0,0,5,2,0,2,0,0,0
fer0000675.png,3,0,0,0,6,0,0,0,1,0
fer0000676.png,9,1,0,0,0,0,0,0,0,0
fer0000677.png,6,0,0,2,0,0,0,0,2,0
fer0000678.png,3,0,0,7,0,0,0,0,0,0
fer0000679.png,8,0,0,0,1,0,0,1,0,0
fer0000680.png,0,10,0,0,0,0,0,0,0,0
fer0000681.png,8,0,0,0,0,0,0,0,2,0
fer0000682.png,1,9,0,0,0,0,0,0,0,0
fer0000683.png,0,10,0,0,0,0,0,0,0,0
fer0000684.png,0,1,9,0,0,0,0,0,0,0
fer0000685.png,0,10,0,0,0,0,0,0,0,0
fer0000686.png,6,0,0,3,0,0,0,0,1,0
fer0000687.png,3,0,0,5,1,0,0,0,1,0
fer0000688.png,0,10,0,0,0,0,0,0,0,0
fer0000689.png,0,10,0,0,0,0,0,0,0,0
fer0000690.png,0,0,10,0,0,0,0,0,0,0
fer0000691.png,10,0,0,0,0,0,0,0,0,0
fer0000692.png,9,0,0,1,0,0,0,0,0,0
fer0000693.png,6,0,3,0,0,0,1,0,0,0
fer0000694.png,8,0,0,1,0,0,0,0,1,0
fer0000695.png,9,0,0,0,1,0,0,0,0,0
fer0000696.png,0,0,9,0,1,0,0,0,0,0
fer0000697.png,0,10,0,0,0,0,0,0,0,0
fer0000698.png,1,0,0,1,3,2,0,2,1,0
fer0000699.png,4,0,0,4,0,1,0,0,1,0
fer0000700.png,0,1,0,4,3,0,0,1,1,0
fer0000701.png,4,0,0,5,0,0,0,0,1,0
fer0000702.png,0,0,1,2,7,0,0,0,0,0
fer0000703.png,7,0,0,2,1,0,0,0,0,0
fer0000704.png,0,10,0,0,0,0,0,0,0,0
fer0000705.png,5,0,1,3,0,0,0,0,1,0
fer0000706.png,0,1,9,0,0,0,0,0,0,0
fer0000707.png,3,1,3,0,0,0,0,0,3,0
fer0000708.png,1,0,0,1,0,0,6,0,2,0
fer0000709.png,4,0,0,6,0,0,0,0,0,0
fer0000710.png,1,0,0,8,0,0,1,0,0,0
fer0000711.png,0,10,0,0,0,0,0,0,0,0
fer0000712.png,2,0,1,0,7,0,0,0,0,0
fer0000713.png,6,0,1,3,0,0,0,0,0,0
fer0000714.png,3,0,1,0,4,1,0,0,1,0
fer0000715.png,10,0,0,0,0,0,0,0,0,0
fer0000716.png,1,0,0,8,0,0,1,0,0,0
fer0000717.png,1,0,8,0,0,0,1,0,0,0
fer0000718.png,0,10,0,0,0,0,0,0,0,0
fer0000719.png,0,10,0,0,0,0,0,0,0,0
fer0000720.png,0,10,0,0,0,0,0,0,0,0
fer0000721.png,2,0,2,6,0,0,0,0,0,0
fer0000722.png,4,4,0,0,0,0,0,2,0,0
fer0000723.png,10,0,0,0,0,0,0,0,0,0
fer0000724.png,4,0,3,2,0,0,1,0,0,0
fer0000725.png,1,1,0,5,1,0,0,0,2,0
fer0000726.png,0,10,0,0,0,0,0,0,0,0
fer0000727.png,6,0,0,2,0,0,0,0,2,0
fer0000728.png,6,1,0,2,0,1,0,0,0,0
fer0000729.png,8,0,0,2,0,0,0,0,0,0
fer0000730.png,7,0,0,2,0,0,0,0,1,0
fer0000731.png,7,0,0,3,0,0,0,0,0,0
fer0000732.png,1,9,0,0,0,0,0,0,0,0
fer0000733.png,3,0,0,6,0,0,0,0,1,0
fer0000734.png,0,10,0,0,0,0,0,0,0,0
fer0000735.png,0,10,0,0,0,0,0,0,0,0
fer0000736.png,1,9,0,0,0,0,0,0,0,0
fer0000737.png,5,0,0,4,0,0,1,0,0,0
fer0000738.png,5,0,3,0,0,0,0,1,1,0
fer0000739.png,9,0,0,1,0,0,0,0,0,0
fer0000740.png,1,1,6,0,0,0,0,0,2,0
fer0000741.png,0,1,0,6,2,0,1,0,0,0
fer0000742.png,1,0,2,0,0,0,7,0,0,0
fer0000743.png,1,0,2,7,0,0,0,0,0,0
fer0000744.png,0,0,0,3,0,0,7,0,0,0
fer0000745.png,7,0,0,2,0,0,0,1,0,0
fer0000746.png,4,0,1,1,0,0,0,0,4,0
fer0000747.png,3,0,0,6,0,0,0,0,1,0
fer0000748.png,2,0,7,0,1,0,0,0,0,0
fer0000749.png,2,0,7,0,0,0,0,0,1,0
fer0000750.png,2,0,1,6,0,0,0,0,1,0
fer0000751.png,7,0,0,3,0,0,0,0,0,0
fer0000752.png,0,1,0,0,0,0,0,7,2,0
fer0000753.png,1,0,0,4,3,0,1,0,1,0
fer0000754.png,0,0,0,0,6,3,0,0,1,0
fer0000755.png,6,2,0,0,0,1,0,1,0,0
fer0000756.png,0,0,0,0,6,4,0,0,0,0
fer0000757.png,1,2,5,0,0,0,0,0,2,0
fer0000758.png,1,9,0,0,0,0,0,0,0,0
fer0000759.png,1,0,0,1,2,0,0,6,0,0
fer0000760.png,6,0,0,3,0,0,0,1,0,0
fer0000761.png,0,1,8,0,0,0,0,0,1,0
fer0000762.png,10,0,0,0,0,0,0,0,0,0
fer0000763.png,5,0,0,0,4,0,0,1,0,0
fer0000764.png,5,4,1,0,0,0,0,0,0,0
fer0000765.png,10,0,0,0,0,0,0,0,0,0
fer0000766.png,0,0,3,1,1,0,4,0,1,0
fer0000767.png,3,0,5,0,0,0,0,0,2,0
fer0000768.png,7,0,0,1,1,0,0,0,1,0
fer0000769.png,0,0,10,0,0,0,0,0,0,0
fer0000770.png,4,5,0,0,0,0,0,1,0,0
fer0000771.png,3,0,1,3,0,0,0,0,3,0
fer0000772.png,2,6,2,0,0,0,0,0,0,0
fer0000773.png,0,10,0,0,0,0,0,0,0,0
fer0000774.png,9,0,0,0,0,0,0,0,1,0
fer0000775.png,0,0,10,0,0,0,0,0,0,0
fer0000776.png,0,3,1,0,1,1,0,2,2,0
fer0000777.png,3,0,1,3,0,0,1,0,2,0
fer0000778.png,1,8,1,0,0,0,0,0,0,0
fer0000779.png,8,0,1,1,0,0,0,0,0,0
fer0000780.png,2,0,0,8,0,0,0,0,0,0
fer0000781.png,2,0,5,2,0,0,1,0,0,0
fer0000782.png,3,0,6,0,0,0,1,0,0,0
fer0000783.png,8,0,1,1,0,0,0,0,0,0
fer0000784.png,0,10,0,0,0,0,0,0,0,0
fer0000785.png,8,2,0,0,0,0,0,0,0,0
fer0000786.png,2,8,0,0,0,0,0,0,0,0
fer0000787.png,1,0,5,0,1,0,3,0,0,0
fer0000788.png,5,0,0,3,2,0,0,0,0,0
fer0000789.png,0,10,0,0,0,0,0,0,0,0
fer0000790.png,1,9,0,0,0,0,0,0,0,0
fer0000791.png,9,0,0,0,0,0,0,1,0,0
fer0000792.png,10,0,0,0,0,0,0,0,0,0
fer0000793.png,8,0,1,0,1,0,0,0,0,0
fer0000794.png,4,0,3,1,0,0,2,0,0,0
fer0000795.png,6,0,0,3,0,0,0,0,1,0
fer0000796.png,1,0,0,5,0,0,0,0,4,0
fer0000797.png,0,0,2,0,6,1,0,0,1,0
fer0000798.png,7,0,0,1,1,0,0,0,1,0
fer0000799.png,9,1,0,0,0,0,0,0,0,0
fer0000800.png,1,7,0,1,0,0,0,0,1,0
fer0000801.png,0,10,0,0,0,0,0,0,0,0
fer0000802.png,1,6,2,0,0,1,0,0,0,0
fer0000803.png,2,1,1,0,0,0,3,0,3,0
fer0000804.png,4,0,4,0,0,0,2,0,0,0
fer0000805.png,4,0,0,4,1,1,0,0,0,0
fer0000806.png,3,0,0,3,0,2,0,1,1,0
fer0000807.png,1,9,0,0,0,0,0,0,0,0
fer0000808.png,0,10,0,0,0,0,0,0,0,0
fer0000809.png,1,0,4,0,0,0,5,0,0,0
fer0000810.png,0,0,0,10,0,0,0,0,0,0
fer0000811.png,0,9,0,0,0,1,0,0,0,0
fer0000812.png,1,0,8,0,0,0,1,0,0,0
fer0000813.png,5,0,1,2,0,0,0,0,2,0
fer0000814.png,1,0,0,0,8,0,0,0,1,0
fer0000815.png,0,10,0,0,0,0,0,0,0,0
fer0000816.png,2,0,0,7,0,0,0,0,1,0
fer0000817.png,1,0,9,0,0,0,0,0,0,0
fer0000818.png,1,9,0,0,0,0,0,0,0,0
fer0000819.png,0,10,0,0,0,0,0,0,0,0
fer0000820.png,1,0,0,5,0,0,3,0,1,0
fer0000821.png,0,0,3,0,7,0,0,0,0,0
fer0000822.png,0,0,2,0,7,0,0,0,1,0
fer0000823.png,0,0,0,3,1,2,4,0,0,0
fer0000824.png,0,0,2,0,6,1,0,0,1,0
fer0000825.png,1,9,0,0,0,0,0,0,0,0
fer0000826.png,0,0,0,6,2,0,2,0,0,0
fer0000827.png,0,10,0,0,0,0,0,0,0,0
fer0000828.png,0,10,0,0,0,0,0,0,0,0
fer0000829.png,4,0,0,3,0,0,1,0,2,0
fer0000830.png,5,0,0,4,0,0,0,0,1,0
fer0000831.png,2,0,0,6,0,1,0,0,1,0
fer0000832.png,2,0,0,4,2,1,0,0,1,0
fer0000833.png,0,1,0,0,8,1,0,0,0,0
fer0000834.png,2,0,2,1,0,0,5,0,0,0
fer0000835.png,1,0,9,0,0,0,0,0,0,0
fer0000836.png,10,0,0,0,0,0,0,0,0,0
fer0000837.png,5,0,0,5,0,0,0,0,0,0
fer0000838.png,3,6,0,0,0,0,0,0,1,0
fer0000839.png,7,0,0,1,1,0,0,0,1,0
fer0000840.png,9,0,0,0,1,0,0,0,0,0
fer0000841.png,0,0,6,0,2,0,1,0,1,0
fer0000842.png,3,0,0,6,1,0,0,0,0,0
fer0000843.png,3,0,0,1,1,3,1,1,0,0
fer0000844.png,5,1,0,2,0,0,1,0,1,0
fer0000845.png,9,0,0,0,0,1,0,0,0,0
fer0000846.png,0,8,2,0,0,0,0,0,0,0
fer0000847.png,0,10,0,0,0,0,0,0,0,0
fer0000848.png,3,0,0,5,1,0,0,1,0,0
fer0000849.png,0,5,1,0,4,0,0,0,0,0
fer0000850.png,10,0,0,0,0,0,0,0,0,0
fer0000851.png,2,0,7,0,0,0,0,0,1,0
fer0000852.png,1,1,0,4,4,0,0,0,0,0
fer0000853.png,8,0,0,0,1,0,0,1,0,0
fer0000854.png,0,10,0,0,0,0,0,0,0,0
fer0000855.png,0,0,9,0,0,0,1,0,0,0
fer0000856.png,10,0,0,0,0,0,0,0,0,0
fer0000857.png,0,7,1,0,1,0,0,0,1,0
fer0000858.png,6,0,1,3,0,0,0,0,0,0
fer0000859.png,0,1,1,0,5,1,0,1,1,0
fer0000860.png,0,1,1,0,0,0,7,0,1,0
fer0000861.png,0,9,1,0,0,0,0,0,0,0
fer0000862.png,1,2,0,1,2,2,0,0,2,0
fer0000863.png,0,0,10,0,0,0,0,0,0,0
fer0000864.png,4,0,0,5,0,0,0,1,0,0
fer0000865.png,1,0,1,4,0,1,3,0,0,0
fer0000866.png,5,0,5,0,0,0,0,0,0,0
fer0000867.png,8,0,0,1,0,0,0,0,1,0
fer0000868.png,1,9,0,0,0,0,0,0,0,0
fer0000869.png,0,0,0,4,1,1,4,0,0,0
fer0000870.png,5,0,0,3,0,0,0,0,2,0
fer0000871.png,0,10,0,0,0,0,0,0,0,0
fer0000872.png,8,0,0,2,0,0,0,0,0,0
fer0000873.png,9,0,0,0,1,0,0,0,0,0
fer0000874.png,5,1,1,0,0,0,0,2,1,0
fer0000875.png,6,0,0,0,0,1,0,0,3,0
fer0000876.png,6,0,0,2,0,1,0,1,0,0
fer0000877.png,9,0,0,0,1,0,0,0,0,0
fer0000878.png,0,9,1,0,0,0,0,0,0,0
fer0000879.png,0,0,0,9,1,0,0,0,0,0
fer0000880.png,4,1,0,5,0,0,0,0,0,0
fer0000881.png,1,0,0,0,7,2,0,0,0,0
fer0000882.png,9,0,0,0,0,0,0,0,1,0
fer0000883.png,9,0,0,0,0,0,0,0,1,0
fer0000884.png,0,0,0,4,2,1,0,0,3,0
fer0000885.png,0,2,8,0,0,0,0,0,0,0
fer0000886.png,5,1,4,0,0,0,0,0,0,0
fer0000887.png,7,0,0,1,0,0,1,0,1,0
fer0000888.png,6,0,0,4,0,0,0,0,0,0
fer0000889.png,10,0,0,0,0,0,0,0,0,0
fer0000890.png,3,7,0,0,0,0,0,0,0,0
fer0000891.png,5,0,5,0,0,0,0,0,0,0
fer0000892.png,1,8,0,0,0,0,0,0,1,0
fer0000893.png,5,4,0,0,0,0,0,0,1,0
fer0000894.png,8,0,0,1,1,0,0,0,0,0
fer0000895.png,1,9,0,0,0,0,0,0,0,0
fer0000896.png,1,9,0,0,0,0,0,0,0,0
fer0000897.png,0,0,0,8,0,0,2,0,0,0
fer0000898.png,2,0,0,3,5,0,0,0,0,0
fer0000899.png,6,1,0,0,0,2,0,1,0,0
fer0000900.png,2,0,0,7,1,0,0,0,0,0
fer0000901.png,7,0,0,3,0,0,0,0,0,0
fer0000902.png,0,0,10,0,0,0,0,0,0,0
fer0000903.png,9,0,0,0,0,0,0,1,0,0
fer0000904.png,0,9,0,0,0,0,1,0,0,0
fer0000905.png,0,0,2,0,6,0,2,0,0,0
fer0000906.png,10,0,0,0,0,0,0,0,0,0
fer0000907.png,1,0,2,0,7,0,0,0,0,0
fer0000908.png,4,0,0,0,3,1,0,2,0,0
fer0000909.png,6,0,0,0,0,0,1,0,3,0
fer0000910.png,2,6,0,1,0,0,0,0,1,0
fer0000911.png,4,0,0,3,0,0,0,3,0,0
fer0000912.png,1,0,3,1,0,0,5,0,0,0
fer0000913.png,5,1,2,1,0,0,0,0,1,0
fer0000914.png,6,4,0,0,0,0,0,0,0,0
fer0000915.png,9,1,0,0,0,0,0,0,0,0
fer0000916.png,8,0,0,1,0,0,0,0,1,0
fer0000917.png,6,0,0,4,0,0,0,0,0,0
fer0000918.png,7,0,1,1,0,0,0,0,1,0
fer0000919.png,0,10,0,0,0,0,0,0,0,0
fer0000920.png,1,0,0,9,0,0,0,0,0,0
fer0000921.png,6,2,0,0,0,1,0,1,0,0
fer0000922.png,7,0,2,0,0,0,0,1,0,0
fer0000923.png,7,0,0,0,1,0,1,1,0,0
fer0000924.png,1,9,0,0,0,0,0,0,0,0
fer0000925.png,0,0,1,9,0,0,0,0,0,0
fer0000926.png,3,0,0,1,5,0,0,1,0,0
fer0000927.png,9,0,0,0,0,0,0,1,0,0
fer0000928.png,4,0,0,6,0,0,0,0,0,0
fer0000929.png,9,0,1,0,0,0,0,0,0,0
fer0000930.png,0,0,0,0,10,0,0,0,0,0
fer0000931.png,5,0,0,3,0,0,0,0,2,0
fer0000932.png,2,0,1,3,2,1,0,0,1,0
fer0000933.png,2,1,0,0,7,0,0,0,0,0
fer0000934.png,5,5,0,0,0,0,0,0,0,0
fer0000935.png,9,0,0,0,1,0,0,0,0,0
fer0000936.png,6,0,0,3,0,0,0,1,0,0
fer0000937.png,1,0,1,1,6,0,0,0,1,0
fer0000938.png,0,0,3,0,0,0,6,0,1,0
fer0000939.png,2,0,0,5,0,0,2,0,1,0
fer0000940.png,0,10,0,0,0,0,0,0,0,0
fer0000941.png,0,9,0,1,0,0,0,0,0,0
fer0000942.png,10,0,0,0,0,0,0,0,0,0
fer0000943.png,10,0,0,0,0,0,0,0,0,0
fer0000944.png,1,0,2,0,7,0,0,0,0,0
fer0000945.png,0,0,8,0,0,0,2,0,0,0
fer0000946.png,0,10,0,0,0,0,0,0,0,0
fer0000947.png,8,0,1,0,0,0,0,1,0,0
fer0000948.png,1,1,0,0,7,1,0,0,0,0
fer0000949.png,0,10,0,0,0,0,0,0,0,0
fer0000950.png,0,10,0,0,0,0,0,0,0,0
fer0000951.png,7,0,0,3,0,0,0,0,0,0
fer0000952.png,5,0,0,4,0,0,0,0,1,0
fer0000953.png,5,0,0,2,2,0,0,1,0,0
fer0000954.png,9,0,0,1,0,0,0,0,0,0
fer0000955.png,4,0,0,5,0,0,0,0,1,0
fer0000956.png,7,0,0,2,0,0,0,0,1,0
fer0000957.png,9,0,1,0,0,0,0,0,0,0
fer0000958.png,1,0,6,1,0,0,2,0,0,0
fer0000959.png,7,0,0,1,2,0,0,0,0,0
fer0000960.png,1,1,3,0,4,0,0,0,1,0
fer0000961.png,2,0,1,0,6,0,0,0,1,0
fer0000962.png,1,0,6,0,0,0,3,0,0,0
fer0000963.png,0,0,1,0,8,1,0,0,0,0
fer0000964.png,5,0,1,1,3,0,0,0,0,0
fer0000965.png,8,0,1,0,1,0,0,0,0,0
fer0000966.png,0,10,0,0,0,0,0,0,0,0
fer0000967.png,0,10,0,0,0,0,0,0,0,0
fer0000968.png,10,0,0,0,0,0,0,0,0,0
fer0000969.png,4,1,0,0,3,1,0,0,1,0
fer0000970.png,0,0,3,0,6,0,1,0,0,0
fer0000971.png,1,9,0,0,0,0,0,0,0,0
fer0000972.png,1,1,0,1,3,1,0,2,1,0
fer0000973.png,9,0,0,0,1,0,0,0,0,0
fer0000974.png,2,0,0,6,0,0,0,0,2,0
fer0000975.png,4,0,0,6,0,0,0,0,0,0
fer0000976.png,3,0,0,6,0,0,0,0,1,0
fer0000977.png,9,0,0,1,0,0,0,0,0,0
fer0000978.png,6,0,0,0,3,1,0,0,0,0
fer0000979.png,0,6,4,0,0,0,0,0,0,0
fer0000980.png,3,0,0,5,1,0,0,0,1,0
fer0000981.png,0,0,0,4,3,0,1,0,2,0
fer0000982.png,0,10,0,0,0,0,0,0,0,0
fer0000983.png,1,1,0,0,7,0,0,0,1,0
fer0000984.png,5,1,0,3,0,1,0,0,0,0
fer0000985.png,0,0,0,10,0,0,0,0,0,0
fer0000986.png,5,0,0,4,0,0,0,0,1,0
fer0000987.png,0,10,0,0,0,0,0,0,0,0
fer0000988.png,7,0,0,0,1,0,0,0,2,0
fer0000989.png,8,0,0,1,0,0,0,1,0,0
fer0000990.png,1,9,0,0,0,0,0,0,0,0
fer0000991.png,0,4,6,0,0,0,0,0,0,0
fer0000992.png,0,1,4,2,0,0,1,1,1,0
fer0000993.png,0,10,0,0,0,0,0,0,0,0
fer0000994.png,8,1,0,0,1,0,0,0,0,0
fer0000995.png,0,10,0,0,0,0,0,0,0,0
fer0000996.png,9,0,0,1,0,0,0,0,0,0
fer0000997.png,10,0,0,0,0,0,0,0,0,0
fer0000998.png,9,1,0,0,0,0,0,0,0,0
fer0000999.png,2,1,0,6,0,0,0,1,0,0
fer0001000.png,9,0,0,0,1,0,0,0,0,0
fer0001001.png,2,0,0,7,0,0,0,0,1,0
fer0001002.png,0,10,0,0,0,0,0,0,0,0
fer0001003.png,1,0,7,2,0,0,0,0,0,0
fer0001004.png,0,9,0,0,0,0,0,1,0,0
fer0001005.png,6,0,0,4,0,0,0,0,0,0
fer0001006.png,3,0,0,5,0,0,0,0,2,0
fer0001007.png,6,1,0,1,1,0,0,1,0,0
fer0001008.png,3,0,0,7,0,0,0,0,0,0
fer0001009.png,8,1,0,1,0,0,0,0,0,0
fer0001010.png,0,8,2,0,0,0,0,0,0,0
fer0001011.png,9,0,0,1,0,0,0,0,0,0
fer0001012.png,0,7,3,0,0,0,0,0,0,0
fer0001013.png,0,1,2,1,6,0,0,0,0,0
fer0001014.png,0,0,1,0,9,0,0,0,0,0
fer0001015.png,0,10,0,0,0,0,0,0,0,0
fer0001016.png,1,0,0,1,7,1,0,0,0,0
fer0001017.png,7,0,0,1,0,0,0,0,2,0
fer0001018.png,4,5,0,0,0,0,0,0,1,0
fer0001019.png,9,0,0,0,1,0,0,0,0,0
fer0001020.png,4,0,0,6,0,0,0,0,0,0
fer0001021.png,0,10,0,0,0,0,0,0,0,0
fer0001022.png,3,0,0,3,4,0,0,0,0,0
fer0001023.png,8,0,0,1,1,0,0,0,0,0
fer0001024.png,7,0,0,2,1,0,0,0,0,0
fer0001025.png,0,10,0,0,0,0,0,0,0,0
fer0001026.png,1,0,9,0,0,0,0,0,0,0
fer0001027.png,0,10,0,0,0,0,0,0,0,0
fer0001028.png,2,0,1,5,0,0,1,0,1,0
fer0001029.png,6,2,0,1,0,1,0,0,0,0
fer0001030.png,0,10,0,0,0,0,0,0,0,0
fer0001031.png,0,0,9,0,0,0,1,0,0,0
fer0001032.png,0,0,4,2,0,0,3,0,1,0
fer0001033.png,0,0,0,9,0,0,0,0,1,0
fer0001034.png,0,1,1,0,5,1,0,0,2,0
fer0001035.png,8,1,0,1,0,0,0,0,0,0
fer0001036.png,9,1,0,0,0,0,0,0,0,0
fer0001037.png,5,0,0,1,4,0,0,0,0,0
fer0001038.png,0,0,10,0,0,0,0,0,0,0
fer0001039.png,4,0,0,2,0,0,2,1,1,0
fer0001040.png,2,0,4,0,0,0,3,0,1,0
fer0001041.png,3,0,7,0,0,0,0,0,0,0
fer0001042.png,0,10,0,0,0,0,0,0,0,0
fer0001043.png,1,8,0,0,0,0,0,1,0,0
fer0001044.png,0,10,0,0,0,0,0,0,0,0
fer0001045.png,0,10,0,0,0,0,0,0,0,0
fer0001046.png,0,10,0,0,0,0,0,0,0,0
fer0001047.png,0,8,2,0,0,0,0,0,0,0
fer0001048.png,0,8,2,0,0,0,0,0,0,0
fer0001049.png,0,3,0,0,7,0,0,0,0,0
fer0001050.png,0,10,0,0,0,0,0,0,0,0
fer0001051.png,0,10,0,0,0,0,0,0,0,0
fer0001052.png,6,1,1,1,0,0,0,0,1,0
fer0001053.png,7,0,0,2,0,0,0,0,1,0
fer0001054.png,3,1,5,0,0,0,0,0,1,0
fer0001055.png,0,10,0,0,0,0,0,0,0,0
fer0001056.png,0,10,0,0,0,0,0,0,0,0
fer0001057.png,0,10,0,0,0,0,0,0,0,0
fer0001058.png,7,0,1,0,0,0,0,0,2,0
fer0001059.png,0,2,0,0,7,0,0,0,1,0
fer0001060.png,7,2,0,1,0,0,0,0,0,0
fer0001061.png,1,0,0,0,9,0,0,0,0,0
fer0001062.png,3,0,0,6,0,0,0,0,1,0
fer0001063.png,1,9,0,0,0,0,0,0,0,0
fer0001064.png,0,2,1,0,6,0,0,0,1,0
fer0001065.png,0,1,0,9,0,0,0,0,0,0
fer0001066.png,9,0,1,0,0,0,0,0,0,0
fer0001067.png,6,0,0,3,0,0,0,0,1,0
fer0001068.png,0,0,8,0,0,0,2,0,0,0
fer0001069.png,0,0,1,0,8,1,0,0,0,0
fer0001070.png,0,10,0,0,0,0,0,0,0,0
fer0001071.png,4,0,1,1,1,0,0,1,2,0
fer0001072.png,0,8,0,0,1,0,0,0,1,0
fer0001073.png,2,0,0,8,0,0,0,0,0,0
fer0001074.png,0,10,0,0,0,0,0,0,0,0
fer0001075.png,0,10,0,0,0,0,0,0,0,0
fer0001076.png,1,0,0,8,0,0,0,0,1,0
fer0001077.png,3,0,0,6,0,0,0,0,1,0
fer0001078.png,10,0,0,0,0,0,0,0,0,0
fer0001079.png,0,10,0,0,0,0,0,0,0,0
fer0001080.png,2,8,0,0,0,0,0,0,0,0
fer0001081.png,1,9,0,0,0,0,0,0,0,0
fer0001082.png,1,1,8,0,0,0,0,0,0,0
fer0001083.png,0,10,0,0,0,0,0,0,0,0
fer0001084.png,5,0,0,2,0,0,0,1,2,0
fer0001085.png,1,0,7,0,0,0,2,0,0,0
fer0001086.png,0,10,0,0,0,0,0,0,0,0
fer0001087.png,1,0,0,9,0,0,0,0,0,0
fer0001088.png,3,0,0,5,1,0,0,0,1,0
fer0001089.png,6,0,0,3,0,0,0,0,1,0
fer0001090.png,4,0,0,5,0,0,0,1,0,0
fer0001091.png,10,0,0,0,0,0,0,0,0,0
fer0001092.png,8,0,0,0,0,0,0,1,1,0
fer0001093.png,0,10,0,0,0,0,0,0,0,0
fer0001094.png,2,0,1,6,1,0,0,0,0,0
fer0001095.png,3,5,0,0,0,0,0,2,0,0
fer0001096.png,3,0,5,2,0,0,0,0,0,0
fer0001097.png,0,10,0,0,0,0,0,0,0,0
fer0001098.png,1,0,9,0,0,0,0,0,0,0
fer0001099.png,8,0,0,0,1,0,0,0,1,0
fer0001100.png,0,1,0,2,4,1,0,0,2,0
fer0001101.png,0,10,0,0,0,0,0,0,0,0
fer0001102.png,5,0,2,0,0,0,2,1,0,0
fer0001103.png,9,0,0,0,1,0,0,0,0,0
fer0001104.png,3,0,0,0,5,0,0,2,0,0
fer0001105.png,3,0,2,2,0,1,0,1,1,0
fer0001106.png,3,0,0,5,0,1,0,1,0,0
fer0001107.png,1,0,9,0,0,0,0,0,0,0
fer0001108.png,9,0,0,0,0,0,0,1,0,0
fer0001109.png,0,10,0,0,0,0,0,0,0,0
fer0001110.png,1,0,0,2,3,3,0,0,1,0
fer0001111.png,0,10,0,0,0,0,0,0,0,0
fer0001112.png,7,0,0,3,0,0,0,0,0,0
fer0001113.png,0,0,0,0,0,2,0,8,0,0
fer0001114.png,6,0,0,3,0,0,1,0,0,0
fer0001115.png,0,9,1,0,0,0,0,0,0,0
fer0001116.png,0,0,10,0,0,0,0,0,0,0
fer0001117.png,0,0,2,0,2,1,0,0,5,0
fer0001118.png,1,0,6,0,0,0,1,0,2,0
fer0001119.png,0,10,0,0,0,0,0,0,0,0
fer0001120.png,0,1,1,0,8,0,0,0,0,0
fer0001121.png,0,0,3,0,3,0,3,0,1,0
fer0001122.png,1,0,0,0,6,1,0,0,2,0
fer0001123.png,0,0,0,10,0,0,0,0,0,0
fer0001124.png,6,0,0,4,0,0,0,0,0,0
fer0001125.png,0,1,0,1,2,2,0,3,1,0
fer0001126.png,0,0,4,0,1,0,5,0,0,0
fer0001127.png,2,0,0,2,1,0,0,0,5,0
fer0001128.png,0,6,1,0,0,0,0,0,3,0
fer0001129.png,0,10,0,0,0,0,0,0,0,0
fer0001130.png,4,0,0,2,2,0,0,1,1,0
fer0001131.png,4,0,0,2,1,0,0,1,2,0
fer0001132.png,5,0,0,4,0,0,0,0,1,0
fer0001133.png,1,0,7,0,0,0,1,0,1,0
fer0001134.png,7,0,0,1,0,0,0,0,2,0
fer0001135.png,8,0,0,0,1,0,0,1,0,0
fer0001136.png,0,1,0,9,0,0,0,0,0,0
fer0001137.png,1,0,0,8,0,0,0,1,0,0
fer0001138.png,2,8,0,0,0,0,0,0,0,0
fer0001139.png,0,10,0,0,0,0,0,0,0,0
fer0001140.png,9,0,0,0,0,0,0,0,1,0
fer0001141.png,0,0,6,0,0,0,4,0,0,0
fer0001142.png,2,0,0,6,0,0,0,0,2,0
fer0001143.png,1,0,2,0,7,0,0,0,0,0
fer0001144.png,0,10,0,0,0,0,0,0,0,0
fer0001145.png,4,0,1,1,3,1,0,0,0,0
fer0001146.png,3,0,0,6,1,0,0,0,0,0
fer0001147.png,0,10,0,0,0,0,0,0,0,0
fer0001148.png,1,0,1,4,0,0,4,0,0,0
fer0001149.png,0,6,0,0,1,0,1,0,2,0
fer0001150.png,0,10,0,0,0,0,0,0,0,0
fer0001151.png,3,0,0,3,0,2,0,1,1,0
fer0001152.png,8,0,0,1,0,0,0,0,1,0
fer0001153.png,1,9,0,0,0,0,0,0,0,0
fer0001154.png,5,0,1,3,0,0,0,0,1,0
fer0001155.png,0,0,8,1,0,0,1,0,0,0
fer0001156.png,1,0,0,1,4,1,2,0,1,0
fer0001157.png,1,4,5,0,0,0,0,0,0,0
fer0001158.png,2,0,0,1,5,1,0,0,1,0
fer0001159.png,9,0,0,1,0,0,0,0,0,0
fer0001160.png,0,0,7,0,0,1,0,0,2,0
fer0001161.png,5,0,1,4,0,0,0,0,0,0
fer0001162.png,0,10,0,0,0,0,0,0,0,0
fer0001163.png,3,6,0,0,0,0,0,0,1,0
fer0001164.png,3,0,0,3,1,0,0,0,3,0
fer0001165.png,0,10,0,0,0,0,0,0,0,0
fer0001166.png,0,0,1,1,7,0,0,0,1,0
fer0001167.png,8,0,0,1,1,0,0,0,0,0
fer0001168.png,1,0,0,0,0,0,0,8,1,0
fer0001169.png,2,0,0,4,0,0,3,0,1,0
fer0001170.png,1,0,5,1,0,0,2,0,1,0
fer0001171.png,0,1,0,9,0,0,0,0,0,0
fer0001172.png,0,10,0,0,0,0,0,0,0,0
fer0001173.png,6,0,0,3,0,0,0,0,1,0
fer0001174.png,1,0,4,2,0,0,2,0,1,0
fer0001175.png,0,4,1,0,5,0,0,0,0,0
fer0001176.png,0,3,1,5,1,0,0,0,0,0
fer0001177.png,10,0,0,0,0,0,0,0,0,0
fer0001178.png,0,10,0,0,0,0,0,0,0,0
fer0001179.png,0,0,0,7,0,1,0,1,1,0
fer0001180.png,0,10,0,0,0,0,0,0,0,0
fer0001181.png,8,0,0,2,0,0,0,0,0,0
fer0001182.png,4,0,0,1,2,1,0,1,1,0
fer0001183.png,5,5,0,0,0,0,0,0,0,0
fer0001184.png,0,10,0,0,0,0,0,0,0,0
fer0001185.png,0,10,0,0,0,0,0,0,0,0
fer0001186.png,5,0,0,5,0,0,0,0,0,0
fer0001187.png,3,7,0,0,0,0,0,0,0,0
fer0001188.png,1,6,3,0,0,0,0,0,0,0
fer0001189.png,7,0,0,3,0,0,0,0,0,0
fer0001190.png,0,0,1,0,9,0,0,0,0,0
fer0001191.png,0,0,9,0,0,0,1,0,0,0
fer0001192.png,3,0,0,4,0,0,0,1,2,0
fer0001193.png,8,0,1,0,0,1,0,0,0,0
fer0001194.png,0,10,0,0,0,0,0,0,0,0
fer0001195.png,0,10,0,0,0,0,0,0,0,0
fer0001196.png,3,0,0,1,2,0,0,0,4,0
fer0001197.png,9,0,0,0,1,0,0,0,0,0
fer0001198.png,2,0,0,2,5,1,0,0,0,0
fer0001199.png,1,0,6,0,0,0,2,0,1,0
fer0001200.png,1,9,0,0,0,0,0,0,0,0
fer0001201.png,0,10,0,0,0,0,0,0,0,0
fer0001202.png,2,5,0,0,2,0,0,1,0,0
fer0001203.png,2,8,0,0,0,0,0,0,0,0
fer0001204.png,8,0,0,1,1,0,0,0,0,0
fer0001205.png,0,0,0,10,0,0,0,0,0,0
fer0001206.png,3,0,1,2,0,0,1,0,3,0
fer0001207.png,2,6,0,0,0,0,0,2,0,0
fer0001208.png,4,0,0,3,2,0,0,0,1,0
fer0001209.png,9,0,0,0,1,0,0,0,0,0
fer0001210.png,0,10,0,0,0,0,0,0,0,0
fer0001211.png,4,0,0,1,3,1,0,0,1,0
fer0001212.png,1,0,6,0,0,0,3,0,0,0
fer0001213.png,8,0,0,0,0,0,0,2,0,0
fer0001214.png,3,0,0,0,4,2,0,0,1,0
fer0001215.png,0,10,0,0,0,0,0,0,0,0
fer0001216.png,8,0,0,2,0,0,0,0,0,0
fer0001217.png,0,10,0,0,0,0,0,0,0,0
fer0001218.png,9,0,0,0,0,0,0,0,1,0
fer0001219.png,6,2,0,0,2,0,0,0,0,0
fer0001220.png,10,0,0,0,0,0,0,0,0,0
fer0001221.png,4,0,0,5,0,0,0,0,1,0
fer0001222.png,3,0,4,0,3,0,0,0,0,0
fer0001223.png,0,0,0,1,9,0,0,0,0,0
fer0001224.png,4,0,0,0,5,0,0,0,1,0
fer0001225.png,10,0,0,0,0,0,0,0,0,0
fer0001226.png,1,0,0,7,0,0,1,0,1,0
fer0001227.png,3,0,0,7,0,0,0,0,0,0
fer0001228.png,4,6,0,0,0,0,0,0,0,0
fer0001229.png,0,0,1,8,0,0,1,0,0,0
fer0001230.png,0,2,8,0,0,0,0,0,0,0
fer0001231.png,8,0,0,1,1,0,0,0,0,0
fer0001232.png,6,0,0,2,0,0,0,1,1,0
fer0001233.png,0,2,1,0,7,0,0,0,0,0
fer0001234.png,10,0,0,0,0,0,0,0,0,0
fer0001235.png,0,10,0,0,0,0,0,0,0,0
fer0001236.png,0,1,3,0,2,0,3,0,1,0
fer0001237.png,0,0,10,0,0,0,0,0,0,0
fer0001238.png,0,0,1,2,0,0,7,0,0,0
fer0001239.png,3,3,2,0,0,0,0,0,2,0
fer0001240.png,8,0,0,1,1,0,0,0,0,0
fer0001241.png,3,0,0,5,0,0,0,0,1,1
fer0001242.png,6,0,0,4,0,0,0,0,0,0
fer0001243.png,10,0,0,0,0,0,0,0,0,0
fer0001244.png,0,10,0,0,0,0,0,0,0,0
fer0001245.png,0,0,0,10,0,0,0,0,0,0
fer0001246.png,10,0,0,0,0,0,0,0,0,0
fer0001247.png,1,1,7,0,0,0,1,0,0,0
fer0001248.png,1,0,7,0,1,0,0,0,1,0
fer0001249.png,9,1,0,0,0,0,0,0,0,0
fer0001250.png,2,1,0,0,7,0,0,0,0,0
fer0001251.png,0,0,1,2,0,3,3,0,1,0
fer0001252.png,0,10,0,0,0,0,0,0,0,0
fer0001253.png,1,0,0,0,7,1,0,0,1,0
fer0001254.png,9,0,0,0,0,0,0,0,1,0
fer0001255.png,4,6,0,0,0,0,0,0,0,0
fer0001256.png,1,9,0,0,0,0,0,0,0,0
fer0001257.png,6,1,0,0,0,0,0,1,2,0
fer0001258.png,1,9,0,0,0,0,0,0,0,0
fer0001259.png,0,0,10,0,0,0,0,0,0,0
fer0001260.png,1,9,0,0,0,0,0,0,0,0
fer0001261.png,3,0,0,5,0,0,0,0,2,0
fer0001262.png,6,0,0,0,1,0,0,2,1,0
fer0001263.png,0,0,0,0,2,0,0,7,1,0
fer0001264.png,1,9,0,0,0,0,0,0,0,0
fer0001265.png,1,0,0,2,6,0,0,0,1,0
fer0001266.png,0,0,1,0,5,0,1,0,3,0
fer0001267.png,1,9,0,0,0,0,0,0,0,0
fer0001268.png,1,0,0,7,1,0,0,1,0,0
fer0001269.png,7,0,1,1,1,0,0,0,0,0
fer0001270.png,0,10,0,0,0,0,0,0,0,0
fer0001271.png,2,0,7,1,0,0,0,0,0,0
fer0001272.png,2,0,0,5,0,0,0,0,3,0
fer0001273.png,1,9,0,0,0,0,0,0,0,0
fer0001274.png,3,0,0,6,0,0,0,0,1,0
fer0001275.png,8,0,0,1,1,0,0,0,0,0
fer0001276.png,0,0,9,0,0,0,1,0,0,0
fer0001277.png,8,1,0,1,0,0,0,0,0,0
fer0001278.png,10,0,0,0,0,0,0,0,0,0
fer0001279.png,9,0,0,1,0,0,0,0,0,0
fer0001280.png,0,10,0,0,0,0,0,0,0,0
fer0001281.png,0,9,0,0,0,1,0,0,0,0
fer0001282.png,6,0,0,1,0,0,0,0,3,0
fer0001283.png,0,10,0,0,0,0,0,0,0,0
fer0001284.png,10,0,0,0,0,0,0,0,0,0
fer0001285.png,3,0,0,7,0,0,0,0,0,0
fer0001286.png,0,10,0,0,0,0,0,0,0,0
fer0001287.png,0,0,7,0,0,0,2,0,1,0
fer0001288.png,7,0,0,3,0,0,0,0,0,0
fer0001289.png,1,2,7,0,0,0,0,0,0,0
fer0001290.png,3,0,1,5,0,0,0,0,1,0
fer0001291.png,5,0,0,2,3,0,0,0,0,0
fer0001292.png,1,0,0,9,0,0,0,0,0,0
fer0001293.png,1,8,0,1,0,0,0,0,0,0
fer0001294.png,8,0,0,1,1,0,0,0,0,0
fer0001295.png,0,10,0,0,0,0,0,0,0,0
fer0001296.png,9,0,0,0,1,0,0,0,0,0
fer0001297.png,8,0,0,1,1,0,0,0,0,0
fer0001298.png,8,0,0,2,0,0,0,0,0,0
fer0001299.png,7,0,0,2,0,0,0,0,1,0
fer0001300.png,0,0,5,0,0,0,5,0,0,0
fer0001302.png,9,0,0,1,0,0,0,0,0,0
fer0001303.png,0,0,7,0,2,0,1,0,0,0
fer0001304.png,10,0,0,0,0,0,0,0,0,0
fer0001305.png,6,0,0,3,0,0,0,0,1,0
fer0001306.png,4,0,0,1,5,0,0,0,0,0
fer0001307.png,0,10,0,0,0,0,0,0,0,0
fer0001308.png,1,8,0,1,0,0,0,0,0,0
fer0001309.png,2,0,1,0,7,0,0,0,0,0
fer0001310.png,3,0,0,6,0,0,1,0,0,0
fer0001311.png,8,2,0,0,0,0,0,0,0,0
fer0001312.png,2,0,0,7,0,0,0,0,1,0
fer0001313.png,3,0,0,6,1,0,0,0,0,0
fer0001314.png,0,10,0,0,0,0,0,0,0,0
fer0001315.png,2,0,0,1,2,0,0,5,0,0
fer0001316.png,0,0,8,0,0,0,2,0,0,0
fer0001317.png,8,2,0,0,0,0,0,0,0,0
fer0001318.png,0,0,10,0,0,0,0,0,0,0
fer0001319.png,2,0,1,2,1,0,1,2,1,0
fer0001320.png,0,3,7,0,0,0,0,0,0,0
fer0001321.png,7,0,0,3,0,0,0,0,0,0
fer0001322.png,2,8,0,0,0,0,0,0,0,0
fer0001323.png,9,0,0,0,0,0,0,0,1,0
fer0001324.png,0,4,1,0,0,2,1,0,2,0
fer0001325.png,0,0,7,0,2,0,1,0,0,0
fer0001326.png,6,0,1,2,0,0,0,0,1,0
fer0001327.png,5,0,0,5,0,0,0,0,0,0
fer0001328.png,1,8,0,1,0,0,0,0,0,0
fer0001329.png,10,0,0,0,0,0,0,0,0,0
fer0001330.png,0,0,6,0,0,0,3,0,1,0
fer0001331.png,10,0,0,0,0,0,0,0,0,0
fer0001332.png,0,10,0,0,0,0,0,0,0,0
fer0001333.png,0,10,0,0,0,0,0,0,0,0
fer0001334.png,4,1,1,3,0,0,0,1,0,0
fer0001335.png,7,1,0,0,0,2,0,0,0,0
fer0001336.png,0,0,2,0,8,0,0,0,0,0
fer0001337.png,9,0,0,1,0,0,0,0,0,0
fer0001338.png,0,0,0,0,10,0,0,0,0,0
fer0001339.png,0,10,0,0,0,0,0,0,0,0
fer0001340.png,8,0,0,2,0,0,0,0,0,0
fer0001341.png,0,2,1,1,5,0,0,0,1,0
fer0001342.png,3,0,0,4,1,1,0,0,1,0
fer0001343.png,5,1,0,4,0,0,0,0,0,0
fer0001344.png,6,0,0,1,0,0,0,0,3,0
fer0001345.png,4,6,0,0,0,0,0,0,0,0
fer0001346.png,7,0,1,1,1,0,0,0,0,0
fer0001347.png,6,0,0,0,4,0,0,0,0,0
fer0001348.png,8,1,0,0,0,0,0,0,1,0
fer0001349.png,8,0,0,2,0,0,0,0,0,0
fer0001350.png,10,0,0,0,0,0,0,0,0,0
fer0001351.png,1,0,2,6,0,0,1,0,0,0
fer0001352.png,0,9,1,0,0,0,0,0,0,0
fer0001353.png,0,10,0,0,0,0,0,0,0,0
fer0001354.png,8,0,0,0,1,0,0,1,0,0
fer0001355.png,4,0,0,5,0,0,0,0,1,0
fer0001356.png,6,0,0,1,0,0,0,0,3,0
fer0001357.png,0,3,7,0,0,0,0,0,0,0
fer0001358.png,0,10,0,0,0,0,0,0,0,0
fer0001359.png,0,0,0,10,0,0,0,0,0,0
fer0001360.png,3,0,0,6,0,0,1,0,0,0
fer0001361.png,1,9,0,0,0,0,0,0,0,0
fer0001362.png,1,1,0,8,0,0,0,0,0,0
fer0001363.png,6,0,0,4,0,0,0,0,0,0
fer0001364.png,5,0,1,3,0,0,0,1,0,0
fer0001365.png,1,0,0,0,0,0,8,0,1,0
fer0001366.png,0,10,0,0,0,0,0,0,0,0
fer0001367.png,1,0,6,0,1,0,2,0,0,0
fer0001368.png,8,0,0,0,2,0,0,0,0,0
fer0001369.png,0,10,0,0,0,0,0,0,0,0
fer0001370.png,0,0,0,1,6,0,1,0,2,0
fer0001371.png,0,1,5,0,1,0,2,1,0,0
fer0001372.png,0,0,2,0,8,0,0,0,0,0
fer0001373.png,8,1,0,0,1,0,0,0,0,0
fer0001374.png,3,0,5,0,0,0,0,0,2,0
fer0001375.png,0,4,1,0,5,0,0,0,0,0
fer0001376.png,7,0,0,0,0,0,0,0,3,0
fer0001377.png,3,0,3,0,0,0,4,0,0,0
fer0001378.png,0,9,0,1,0,0,0,0,0,0
fer0001379.png,1,9,0,0,0,0,0,0,0,0
fer0001380.png,1,1,0,8,0,0,0,0,0,0
fer0001381.png,9,0,0,1,0,0,0,0,0,0
fer0001382.png,4,4,1,0,1,0,0,0,0,0
fer0001383.png,0,9,0,0,0,0,0,0,1,0
fer0001384.png,2,0,6,0,0,0,2,0,0,0
fer0001385.png,0,10,0,0,0,0,0,0,0,0
fer0001386.png,3,7,0,0,0,0,0,0,0,0
fer0001387.png,1,0,0,8,0,0,0,0,1,0
fer0001388.png,7,0,0,2,0,0,0,0,1,0
fer0001389.png,4,0,0,5,0,0,0,0,1,0
fer0001390.png,0,1,0,0,9,0,0,0,0,0
fer0001391.png,2,0,1,4,1,0,0,0,2,0
fer0001392.png,0,1,2,0,7,0,0,0,0,0
fer0001393.png,0,6,1,2,0,0,0,0,1,0
fer0001394.png,0,0,2,0,7,0,0,0,1,0
fer0001395.png,0,1,0,1,6,1,0,0,1,0
fer0001396.png,2,0,0,6,0,0,0,1,1,0
fer0001397.png,0,0,9,0,0,0,1,0,0,0
fer0001398.png,0,0,9,0,0,0,1,0,0,0
fer0001399.png,3,0,0,7,0,0,0,0,0,0
fer0001400.png,1,4,5,0,0,0,0,0,0,0
fer0001401.png,1,0,9,0,0,0,0,0,0,0
fer0001402.png,0,9,0,0,0,0,0,1,0,0
fer0001403.png,0,5,0,4,0,1,0,0,0,0
fer0001404.png,2,7,0,1,0,0,0,0,0,0
fer0001405.png,9,0,0,1,0,0,0,0,0,0
fer0001406.png,1,0,0,9,0,0,0,0,0,0
fer0001407.png,4,4,0,1,0,0,0,1,0,0
fer0001408.png,0,0,5,4,0,0,0,0,1,0
fer0001409.png,10,0,0,0,0,0,0,0,0,0
fer0001410.png,2,0,0,0,5,1,0,0,2,0
fer0001411.png,3,3,2,0,0,0,1,0,1,0
fer0001412.png,8,1,0,1,0,0,0,0,0,0
fer0001413.png,5,0,0,1,1,0,0,2,1,0
fer0001414.png,6,0,0,2,2,0,0,0,0,0
fer0001415.png,9,1,0,0,0,0,0,0,0,0
fer0001416.png,0,10,0,0,0,0,0,0,0,0
fer0001417.png,0,10,0,0,0,0,0,0,0,0
fer0001418.png,0,0,0,10,0,0,0,0,0,0
fer0001419.png,0,10,0,0,0,0,0,0,0,0
fer0001420.png,9,0,0,1,0,0,0,0,0,0
fer0001421.png,2,0,0,8,0,0,0,0,0,0
fer0001422.png,4,0,0,4,0,0,0,1,1,0
fer0001423.png,0,7,1,0,0,0,0,1,1,0
fer0001424.png,0,7,1,1,0,1,0,0,0,0
fer0001425.png,6,4,0,0,0,0,0,0,0,0
fer0001426.png,0,10,0,0,0,0,0,0,0,0
fer0001427.png,4,1,0,4,0,0,1,0,0,0
fer0001428.png,0,0,3,0,2,0,4,0,1,0
fer0001429.png,2,0,1,4,0,0,0,0,3,0
fer0001430.png,7,0,2,0,0,0,0,0,1,0
fer0001431.png,4,6,0,0,0,0,0,0,0,0
fer0001432.png,9,0,0,1,0,0,0,0,0,0
fer0001433.png,3,7,0,0,0,0,0,0,0,0
fer0001434.png,2,0,0,7,0,0,0,0,1,0
fer0001435.png,1,0,5,0,0,0,4,0,0,0
fer0001436.png,2,0,0,0,0,0,0,6,2,0
fer0001437.png,7,0,0,1,2,0,0,0,0,0
fer0001438.png,0,10,0,0,0,0,0,0,0,0
fer0001439.png,1,0,0,9,0,0,0,0,0,0
fer0001440.png,0,10,0,0,0,0,0,0,0,0
fer0001441.png,0,2,0,0,8,0,0,0,0,0
fer0001442.png,0,0,0,10,0,0,0,0,0,0
fer0001443.png,8,0,0,0,0,0,0,1,1,0
fer0001444.png,8,0,0,2,0,0,0,0,0,0
fer0001445.png,0,8,2,0,0,0,0,0,0,0
fer0001446.png,8,0,0,0,1,0,0,0,1,0
fer0001447.png,0,2,7,0,0,0,0,0,1,0
fer0001448.png,0,0,1,0,8,0,0,0,1,0
fer0001449.png,0,2,6,0,1,0,0,0,1,0
fer0001450.png,4,0,0,6,0,0,0,0,0,0
fer0001451.png,6,0,0,2,1,0,0,0,1,0
fer0001452.png,1,9,0,0,0,0,0,0,0,0
fer0001453.png,8,0,0,1,1,0,0,0,0,0
fer0001454.png,6,0,1,3,0,0,0,0,0,0
fer0001455.png,1,0,7,0,0,0,2,0,0,0
fer0001456.png,0,0,7,1,0,0,2,0,0,0
fer0001457.png,0,10,0,0,0,0,0,0,0,0
fer0001458.png,6,0,0,1,0,0,0,2,1,0
fer0001459.png,0,0,0,10,0,0,0,0,0,0
fer0001460.png,1,0,0,0,9,0,0,0,0,0
fer0001461.png,8,0,1,0,1,0,0,0,0,0
fer0001462.png,0,0,10,0,0,0,0,0,0,0
fer0001463.png,6,3,0,0,0,0,0,1,0,0
fer0001464.png,2,0,6,1,0,0,0,0,1,0
fer0001465.png,0,0,9,0,0,0,1,0,0,0
fer0001466.png,2,1,1,0,3,2,0,0,1,0
fer0001467.png,0,0,10,0,0,0,0,0,0,0
fer0001468.png,8,0,0,2,0,0,0,0,0,0
fer0001469.png,8,0,0,1,0,0,0,1,0,0
fer0001470.png,8,0,0,0,0,1,0,0,1,0
fer0001471.png,0,3,0,6,0,0,0,0,1,0
fer0001472.png,1,0,7,0,1,0,1,0,0,0
fer0001473.png,0,9,0,1,0,0,0,0,0,0
fer0001474.png,9,0,0,0,0,0,0,0,1,0
fer0001475.png,1,1,2,1,5,0,0,0,0,0
fer0001476.png,0,10,0,0,0,0,0,0,0,0
fer0001477.png,3,1,0,1,3,0,0,0,2,0
fer0001478.png,3,0,0,0,6,0,0,0,1,0
fer0001479.png,6,0,1,2,0,0,0,0,1,0
fer0001480.png,8,0,0,2,0,0,0,0,0,0
fer0001481.png,7,0,0,1,1,0,0,0,1,0
fer0001482.png,0,10,0,0,0,0,0,0,0,0
fer0001483.png,1,0,7,0,0,0,1,0,1,0
fer0001484.png,5,0,0,5,0,0,0,0,0,0
fer0001485.png,0,10,0,0,0,0,0,0,0,0
fer0001486.png,0,9,0,0,0,1,0,0,0,0
fer0001487.png,1,0,9,0,0,0,0,0,0,0
fer0001488.png,1,0,1,0,8,0,0,0,0,0
fer0001489.png,0,10,0,0,0,0,0,0,0,0
fer0001490.png,1,4,0,5,0,0,0,0,0,0
fer0001491.png,4,5,0,0,0,0,0,1,0,0
fer0001492.png,6,0,0,2,2,0,0,0,0,0
fer0001493.png,0,0,10,0,0,0,0,0,0,0
fer0001494.png,2,0,6,0,0,0,0,2,0,0
fer0001495.png,0,10,0,0,0,0,0,0,0,0
fer0001496.png,2,0,3,3,0,1,1,0,0,0
fer0001497.png,0,10,0,0,0,0,0,0,0,0
fer0001498.png,4,0,0,6,0,0,0,0,0,0
fer0001499.png,4,4,0,1,0,0,0,1,0,0
fer0001500.png,4,6,0,0,0,0,0,0,0,0
fer0001501.png,1,0,0,4,0,1,1,2,1,0
fer0001502.png,0,10,0,0,0,0,0,0,0,0
fer0001503.png,0,10,0,0,0,0,0,0,0,0
fer0001504.png,8,0,0,1,0,0,0,0,1,0
fer0001505.png,0,9,0,0,1,0,0,0,0,0
fer0001506.png,7,0,0,0,0,0,0,1,2,0
fer0001507.png,0,0,1,3,0,0,6,0,0,0
fer0001508.png,5,0,0,4,0,0,0,1,0,0
fer0001509.png,7,0,0,2,0,0,0,1,0,0
fer0001510.png,0,10,0,0,0,0,0,0,0,0
fer0001511.png,3,0,0,7,0,0,0,0,0,0
fer0001512.png,0,0,9,0,0,0,1,0,0,0
fer0001513.png,2,0,7,0,0,0,1,0,0,0
fer0001514.png,0,10,0,0,0,0,0,0,0,0
fer0001515.png,0,1,6,0,1,0,2,0,0,0
fer0001516.png,0,0,10,0,0,0,0,0,0,0
fer0001517.png,7,3,0,0,0,0,0,0,0,0
fer0001518.png,0,0,1,1,8,0,0,0,0,0
fer0001519.png,0,0,0,10,0,0,0,0,0,0
fer0001520.png,8,0,0,1,1,0,0,0,0,0
fer0001521.png,0,10,0,0,0,0,0,0,0,0
fer0001522.png,0,10,0,0,0,0,0,0,0,0
fer0001523.png,0,10,0,0,0,0,0,0,0,0
fer0001524.png,6,0,2,1,0,0,1,0,0,0
fer0001525.png,1,9,0,0,0,0,0,0,0,0
fer0001526.png,0,0,8,0,0,0,2,0,0,0
fer0001527.png,9,0,0,1,0,0,0,0,0,0
fer0001528.png,5,0,1,4,0,0,0,0,0,0
fer0001529.png,9,0,0,0,1,0,0,0,0,0
fer0001530.png,1,0,0,8,1,0,0,0,0,0
fer0001531.png,0,4,0,5,1,0,0,0,0,0
fer0001532.png,0,1,0,8,0,1,0,0,0,0
fer0001533.png,0,1,9,0,0,0,0,0,0,0
fer0001534.png,1,3,3,2,0,0,0,0,1,0
fer0001535.png,0,10,0,0,0,0,0,0,0,0
fer0001536.png,1,9,0,0,0,0,0,0,0,0
fer0001537.png,0,10,0,0,0,0,0,0,0,0
fer0001538.png,1,9,0,0,0,0,0,0,0,0
fer0001539.png,0,9,1,0,0,0,0,0,0,0
fer0001540.png,3,0,0,1,1,3,1,1,0,0
fer0001541.png,0,10,0,0,0,0,0,0,0,0
fer0001542.png,2,0,0,0,0,0,8,0,0,0
fer0001543.png,0,10,0,0,0,0,0,0,0,0
fer0001544.png,7,1,0,1,0,1,0,0,0,0
fer0001545.png,0,10,0,0,0,0,0,0,0,0
fer0001546.png,0,10,0,0,0,0,0,0,0,0
fer0001547.png,7,0,0,2,0,0,0,0,1,0
fer0001548.png,6,4,0,0,0,0,0,0,0,0
fer0001549.png,0,1,1,0,4,0,4,0,0,0
fer0001550.png,0,2,8,0,0,0,0,0,0,0
fer0001551.png,8,1,0,1,0,0,0,0,0,0
fer0001552.png,8,0,0,1,0,1,0,0,0,0
fer0001553.png,3,0,1,0,5,0,1,0,0,0
fer0001554.png,1,0,0,8,0,0,1,0,0,0
fer0001555.png,5,0,0,4,0,0,0,0,1,0
fer0001556.png,4,0,0,1,2,1,0,1,1,0
fer0001557.png,0,0,1,7,0,0,0,0,2,0
fer0001558.png,7,0,0,2,0,0,0,1,0,0
fer0001559.png,8,0,0,1,0,1,0,0,0,0
fer0001560.png,6,0,0,4,0,0,0,0,0,0
fer0001561.png,0,3,0,6,0,0,0,0,1,0
fer0001562.png,2,0,1,1,5,0,0,0,1,0
fer0001563.png,5,0,4,0,0,0,0,0,1,0
fer0001564.png,0,0,0,10,0,0,0,0,0,0
fer0001565.png,10,0,0,0,0,0,0,0,0,0
fer0001566.png,0,10,0,0,0,0,0,0,0,0
fer0001567.png,10,0,0,0,0,0,0,0,0,0
fer0001568.png,0,10,0,0,0,0,0,0,0,0
fer0001569.png,7,0,0,2,0,0,0,0,1,0
fer0001570.png,3,0,5,0,0,0,0,0,2,0
fer0001571.png,7,0,0,1,0,0,0,2,0,0
fer0001572.png,0,0,6,0,0,0,4,0,0,0
fer0001573.png,1,1,0,0,7,1,0,0,0,0
fer0001574.png,9,1,0,0,0,0,0,0,0,0
fer0001575.png,0,0,2,1,1,1,4,0,1,0
fer0001576.png,10,0,0,0,0,0,0,0,0,0
fer0001577.png,0,5,5,0,0,0,0,0,0,0
fer0001578.png,3,0,0,7,0,0,0,0,0,0
fer0001579.png,4,2,0,1,0,0,0,1,2,0
fer0001580.png,4,0,4,0,0,0,0,0,2,0
fer0001581.png,0,2,6,0,0,0,1,0,1,0
fer0001582.png,0,0,0,6,3,1,0,0,0,0
fer0001583.png,6,3,0,0,0,0,0,0,1,0
fer0001584.png,0,0,1,0,8,1,0,0,0,0
fer0001585.png,0,1,0,0,1,1,0,6,1,0
fer0001586.png,0,0,0,0,7,2,0,0,1,0
fer0001587.png,8,0,0,2,0,0,0,0,0,0
fer0001588.png,2,7,0,1,0,0,0,0,0,0
fer0001589.png,0,10,0,0,0,0,0,0,0,0
fer0001590.png,1,0,0,7,0,0,0,0,2,0
fer0001591.png,3,1,1,2,1,1,0,1,0,0
fer0001592.png,6,0,2,0,0,0,1,0,1,0
fer0001593.png,0,0,1,1,6,0,1,0,1,0
fer0001594.png,9,0,0,0,0,0,0,0,1,0
fer0001595.png,0,7,1,0,2,0,0,0,0,0
fer0001596.png,4,0,0,3,0,0,0,0,3,0
fer0001597.png,8,0,1,0,0,0,0,0,1,0
fer0001598.png,0,10,0,0,0,0,0,0,0,0
fer0001599.png,0,0,1,2,6,0,0,0,1,0
fer0001600.png,10,0,0,0,0,0,0,0,0,0
fer0001601.png,8,1,0,0,0,0,0,0,1,0
fer0001602.png,9,0,0,0,0,0,0,0,1,0
fer0001603.png,8,0,0,1,1,0,0,0,0,0
fer0001604.png,0,0,0,10,0,0,0,0,0,0
fer0001605.png,8,0,1,0,0,0,0,0,1,0
fer0001606.png,2,0,0,7,0,0,0,0,1,0
fer0001607.png,5,0,1,3,0,0,1,0,0,0
fer0001608.png,9,0,1,0,0,0,0,0,0,0
fer0001609.png,10,0,0,0,0,0,0,0,0,0
fer0001610.png,8,1,1,0,0,0,0,0,0,0
fer0001611.png,0,10,0,0,0,0,0,0,0,0
fer0001612.png,1,0,0,2,0,0,0,5,2,0
fer0001613.png,1,1,8,0,0,0,0,0,0,0
fer0001614.png,8,2,0,0,0,0,0,0,0,0
fer0001615.png,0,0,9,1,0,0,0,0,0,0
fer0001616.png,5,0,1,3,0,0,1,0,0,0
fer0001617.png,2,0,0,8,0,0,0,0,0,0
fer0001618.png,3,0,0,3,2,0,0,0,2,0
fer0001619.png,2,1,4,2,0,0,0,0,1,0
fer0001620.png,0,10,0,0,0,0,0,0,0,0
fer0001621.png,0,9,0,0,0,0,0,0,1,0
fer0001622.png,7,0,0,2,0,0,0,0,1,0
fer0001623.png,5,3,0,0,0,1,0,0,1,0
fer0001624.png,8,0,0,2,0,0,0,0,0,0
fer0001625.png,0,10,0,0,0,0,0,0,0,0
fer0001626.png,0,10,0,0,0,0,0,0,0,0
fer0001627.png,3,0,6,1,0,0,0,0,0,0
fer0001628.png,0,10,0,0,0,0,0,0,0,0
fer0001629.png,0,2,1,0,6,1,0,0,0,0
fer0001630.png,0,0,3,2,3,0,2,0,0,0
fer0001631.png,5,0,1,3,0,0,0,0,1,0
fer0001632.png,1,1,5,2,0,0,1,0,0,0
fer0001633.png,0,0,0,9,1,0,0,0,0,0
fer0001634.png,6,0,0,2,1,1,0,0,0,0
fer0001635.png,9,0,0,1,0,0,0,0,0,0
fer0001636.png,2,8,0,0,0,0,0,0,0,0
fer0001637.png,0,1,0,1,7,0,0,0,1,0
fer0001638.png,0,10,0,0,0,0,0,0,0,0
fer0001639.png,5,0,0,1,2,0,0,0,2,0
fer0001640.png,3,5,1,0,0,0,0,1,0,0
fer0001641.png,0,10,0,0,0,0,0,0,0,0
fer0001642.png,0,8,0,2,0,0,0,0,0,0
fer0001643.png,9,0,0,0,0,0,0,1,0,0
fer0001644.png,2,0,0,8,0,0,0,0,0,0
fer0001645.png,9,0,0,1,0,0,0,0,0,0
fer0001647.png,0,10,0,0,0,0,0,0,0,0
fer0001648.png,1,0,6,0,0,0,3,0,0,0
fer0001649.png,1,0,3,1,0,4,0,0,1,0
fer0001650.png,6,0,0,1,0,0,0,3,0,0
fer0001651.png,0,0,10,0,0,0,0,0,0,0
fer0001652.png,0,0,0,4,0,1,5,0,0,0
fer0001653.png,1,9,0,0,0,0,0,0,0,0
fer0001654.png,9,0,0,1,0,0,0,0,0,0
fer0001655.png,1,0,5,0,0,0,4,0,0,0
fer0001656.png,4,1,0,2,2,0,0,0,1,0
fer0001657.png,10,0,0,0,0,0,0,0,0,0
fer0001658.png,1,0,1,1,7,0,0,0,0,0
fer0001659.png,0,0,0,0,2,5,0,2,1,0
fer0001660.png,1,9,0,0,0,0,0,0,0,0
fer0001661.png,6,0,0,3,0,0,0,0,1,0
fer0001662.png,0,10,0,0,0,0,0,0,0,0
fer0001663.png,0,0,9,0,0,0,1,0,0,0
fer0001664.png,0,0,4,1,2,0,3,0,0,0
fer0001665.png,8,0,0,2,0,0,0,0,0,0
fer0001666.png,4,0,0,4,0,1,0,0,1,0
fer0001667.png,4,1,2,0,0,0,0,0,3,0
fer0001668.png,4,6,0,0,0,0,0,0,0,0
fer0001669.png,8,0,0,0,0,0,0,0,2,0
fer0001670.png,2,0,0,2,0,3,0,0,3,0
fer0001671.png,0,9,0,0,0,1,0,0,0,0
fer0001672.png,1,0,0,0,7,1,0,1,0,0
fer0001673.png,9,1,0,0,0,0,0,0,0,0
fer0001674.png,0,10,0,0,0,0,0,0,0,0
fer0001675.png,0,10,0,0,0,0,0,0,0,0
fer0001676.png,4,0,1,5,0,0,0,0,0,0
fer0001677.png,0,10,0,0,0,0,0,0,0,0
fer0001678.png,0,3,7,0,0,0,0,0,0,0
fer0001679.png,1,0,9,0,0,0,0,0,0,0
fer0001680.png,0,10,0,0,0,0,0,0,0,0
fer0001681.png,8,0,0,2,0,0,0,0,0,0
fer0001682.png,0,10,0,0,0,0,0,0,0,0
fer0001683.png,8,0,0,2,0,0,0,0,0,0
fer0001684.png,9,0,0,1,0,0,0,0,0,0
fer0001685.png,1,7,2,0,0,0,0,0,0,0
fer0001686.png,8,1,0,1,0,0,0,0,0,0
fer0001687.png,6,4,0,0,0,0,0,0,0,0
fer0001688.png,6,3,0,1,0,0,0,0,0,0
fer0001689.png,3,1,0,4,0,0,1,0,1,0
fer0001690.png,9,1,0,0,0,0,0,0,0,0
fer0001691.png,7,2,0,0,0,0,0,1,0,0
fer0001692.png,8,0,0,1,1,0,0,0,0,0
fer0001693.png,6,3,0,1,0,0,0,0,0,0
fer0001694.png,0,8,1,1,0,0,0,0,0,0
fer0001695.png,0,10,0,0,0,0,0,0,0,0
fer0001696.png,0,8,0,2,0,0,0,0,0,0
fer0001697.png,1,9,0,0,0,0,0,0,0,0
fer0001698.png,6,1,2,0,0,0,0,0,1,0
fer0001699.png,2,0,7,0,0,0,0,0,1,0
fer0001700.png,7,0,0,3,0,0,0,0,0,0
fer0001701.png,0,0,5,0,0,0,5,0,0,0
fer0001702.png,0,7,0,1,0,0,0,1,1,0
fer0001703.png,3,0,0,5,0,0,0,1,1,0
fer0001704.png,6,0,0,4,0,0,0,0,0,0
fer0001705.png,0,10,0,0,0,0,0,0,0,0
fer0001706.png,0,10,0,0,0,0,0,0,0,0
fer0001707.png,10,0,0,0,0,0,0,0,0,0
fer0001708.png,1,0,3,0,0,0,6,0,0,0
fer0001709.png,1,1,1,0,7,0,0,0,0,0
fer0001710.png,6,0,0,2,1,0,1,0,0,0
fer0001711.png,7,0,0,2,0,0,0,0,1,0
fer0001712.png,10,0,0,0,0,0,0,0,0,0
fer0001713.png,3,0,0,3,0,1,0,3,0,0
fer0001714.png,4,6,0,0,0,0,0,0,0,0
fer0001715.png,0,0,0,0,9,0,0,0,1,0
fer0001716.png,5,0,0,5,0,0,0,0,0,0
fer0001717.png,0,0,8,0,1,0,1,0,0,0
fer0001718.png,1,0,7,0,0,1,0,0,1,0
fer0001719.png,3,0,1,4,0,0,0,0,2,0
fer0001720.png,2,2,4,0,1,0,1,0,0,0
fer0001721.png,9,0,0,1,0,0,0,0,0,0
fer0001722.png,0,0,0,10,0,0,0,0,0,0
fer0001723.png,0,0,9,0,1,0,0,0,0,0
fer0001724.png,3,1,0,1,4,0,0,0,1,0
fer0001725.png,0,0,1,0,8,0,0,0,1,0
fer0001726.png,1,1,0,4,3,0,1,0,0,0
fer0001727.png,5,0,0,0,5,0,0,0,0,0
fer0001728.png,8,0,0,2,0,0,0,0,0,0
fer0001729.png,2,0,0,0,6,1,0,0,1,0
fer0001730.png,0,10,0,0,0,0,0,0,0,0
fer0001731.png,7,0,0,3,0,0,0,0,0,0
fer0001732.png,4,0,0,5,1,0,0,0,0,0
fer0001733.png,0,0,9,0,0,0,1,0,0,0
fer0001734.png,2,0,0,0,8,0,0,0,0,0
fer0001735.png,8,0,0,2,0,0,0,0,0,0
fer0001736.png,4,0,1,5,0,0,0,0,0,0
fer0001737.png,1,9,0,0,0,0,0,0,0,0
fer0001738.png,6,4,0,0,0,0,0,0,0,0
fer0001739.png,6,0,0,3,0,0,0,0,1,0
fer0001740.png,1,1,0,7,0,0,0,0,1,0
fer0001741.png,0,0,1,1,7,0,0,0,1,0
fer0001742.png,6,2,0,0,1,0,0,0,1,0
fer0001743.png,9,0,0,1,0,0,0,0,0,0
fer0001744.png,0,10,0,0,0,0,0,0,0,0
fer0001745.png,2,0,0,3,1,3,0,1,0,0
fer0001746.png,0,0,9,0,0,0,1,0,0,0
fer0001747.png,0,10,0,0,0,0,0,0,0,0
fer0001748.png,1,1,8,0,0,0,0,0,0,0
fer0001749.png,3,0,0,6,0,0,0,1,0,0
fer0001750.png,6,0,0,3,1,0,0,0,0,0
fer0001751.png,10,0,0,0,0,0,0,0,0,0
fer0001752.png,7,0,0,2,0,0,0,0,1,0
fer0001753.png,7,0,0,2,0,0,0,0,1,0
fer0001754.png,1,0,0,5,1,0,1,0,2,0
fer0001755.png,0,0,10,0,0,0,0,0,0,0
fer0001756.png,5,0,0,4,1,0,0,0,0,0
fer0001757.png,8,1,0,0,0,1,0,0,0,0
fer0001758.png,0,8,2,0,0,0,0,0,0,0
fer0001759.png,0,0,2,2,0,0,6,0,0,0
fer0001760.png,0,4,6,0,0,0,0,0,0,0
fer0001761.png,0,1,0,7,0,0,0,0,2,0
fer0001762.png,2,0,8,0,0,0,0,0,0,0
fer0001763.png,0,10,0,0,0,0,0,0,0,0
fer0001764.png,5,3,0,1,0,0,0,0,1,0
fer0001765.png,0,0,10,0,0,0,0,0,0,0
fer0001766.png,0,10,0,0,0,0,0,0,0,0
fer0001767.png,0,0,0,10,0,0,0,0,0,0
fer0001768.png,0,10,0,0,0,0,0,0,0,0
fer0001769.png,2,0,3,1,0,0,4,0,0,0
fer0001770.png,7,0,0,3,0,0,0,0,0,0
fer0001771.png,0,10,0,0,0,0,0,0,0,0
fer0001772.png,0,10,0,0,0,0,0,0,0,0
fer0001773.png,0,9,0,0,1,0,0,0,0,0
fer0001774.png,0,0,1,7,2,0,0,0,0,0
fer0001775.png,2,0,2,2,1,2,0,0,1,0
fer0001776.png,4,0,0,1,4,0,0,1,0,0
fer0001777.png,0,10,0,0,0,0,0,0,0,0
fer0001778.png,10,0,0,0,0,0,0,0,0,0
fer0001779.png,0,10,0,0,0,0,0,0,0,0
fer0001780.png,0,10,0,0,0,0,0,0,0,0
fer0001781.png,10,0,0,0,0,0,0,0,0,0
fer0001782.png,9,1,0,0,0,0,0,0,0,0
fer0001783.png,10,0,0,0,0,0,0,0,0,0
fer0001784.png,0,10,0,0,0,0,0,0,0,0
fer0001785.png,0,10,0,0,0,0,0,0,0,0
fer0001786.png,6,3,0,1,0,0,0,0,0,0
fer0001787.png,0,10,0,0,0,0,0,0,0,0
fer0001788.png,0,0,1,0,7,0,1,0,1,0
fer0001789.png,7,1,0,2,0,0,0,0,0,0
fer0001790.png,1,5,4,0,0,0,0,0,0,0
fer0001791.png,0,10,0,0,0,0,0,0,0,0
fer0001792.png,2,0,2,1,1,3,0,0,1,0
fer0001793.png,0,0,0,0,10,0,0,0,0,0
fer0001794.png,4,0,0,4,0,1,0,0,1,0
fer0001795.png,0,0,10,0,0,0,0,0,0,0
fer0001796.png,1,0,0,9,0,0,0,0,0,0
fer0001797.png,2,0,0,8,0,0,0,0,0,0
fer0001798.png,0,0,8,0,0,0,2,0,0,0
fer0001799.png,1,2,2,0,0,0,1,0,4,0
fer0001800.png,0,0,2,3,4,1,0,0,0,0
fer0001801.png,0,0,7,0,0,0,3,0,0,0
fer0001802.png,0,10,0,0,0,0,0,0,0,0
fer0001803.png,0,10,0,0,0,0,0,0,0,0
fer0001804.png,1,0,2,2,4,1,0,0,0,0
fer0001805.png,0,9,1,0,0,0,0,0,0,0
fer0001806.png,0,10,0,0,0,0,0,0,0,0
fer0001807.png,0,10,0,0,0,0,0,0,0,0
fer0001808.png,0,4,2,1,3,0,0,0,0,0
fer0001809.png,6,0,0,4,0,0,0,0,0,0
fer0001810.png,0,0,0,7,0,1,0,1,1,0
fer0001811.png,0,10,0,0,0,0,0,0,0,0
fer0001812.png,1,0,0,8,0,0,0,0,1,0
fer0001813.png,1,9,0,0,0,0,0,0,0,0
fer0001814.png,0,9,0,0,0,1,0,0,0,0
fer0001815.png,5,1,0,1,1,1,0,0,1,0
fer0001816.png,0,10,0,0,0,0,0,0,0,0
fer0001817.png,7,0,0,2,0,0,0,1,0,0
fer0001818.png,2,0,6,0,0,0,1,0,1,0
fer0001819.png,2,7,0,1,0,0,0,0,0,0
fer0001820.png,2,0,7,0,0,0,1,0,0,0
fer0001821.png,7,0,3,0,0,0,0,0,0,0
fer0001822.png,0,0,7,0,0,0,2,0,1,0
fer0001823.png,4,0,0,2,2,0,1,0,1,0
fer0001824.png,0,10,0,0,0,0,0,0,0,0
fer0001825.png,7,0,0,3,0,0,0,0,0,0
fer0001826.png,0,10,0,0,0,0,0,0,0,0
fer0001827.png,7,0,1,2,0,0,0,0,0,0
fer0001828.png,6,0,0,0,0,0,0,1,3,0
fer0001829.png,9,1,0,0,0,0,0,0,0,0
fer0001830.png,1,9,0,0,0,0,0,0,0,0
fer0001831.png,7,2,0,0,0,0,0,1,0,0
fer0001832.png,9,0,0,0,0,0,1,0,0,0
fer0001833.png,9,0,0,0,0,1,0,0,0,0
fer0001834.png,3,1,5,0,0,0,0,0,1,0
fer0001835.png,3,0,4,0,0,0,3,0,0,0
fer0001836.png,5,0,3,1,0,0,0,0,1,0
fer0001837.png,6,1,0,3,0,0,0,0,0,0
fer0001838.png,9,0,0,0,0,0,0,0,1,0
fer0001839.png,0,0,2,0,8,0,0,0,0,0
fer0001840.png,6,3,0,0,0,1,0,0,0,0
fer0001841.png,1,0,2,0,2,5,0,0,0,0
fer0001842.png,8,0,0,2,0,0,0,0,0,0
fer0001843.png,0,10,0,0,0,0,0,0,0,0
fer0001844.png,2,0,0,8,0,0,0,0,0,0
fer0001845.png,9,0,0,0,0,0,0,1,0,0
fer0001846.png,0,10,0,0,0,0,0,0,0,0
fer0001847.png,2,1,0,0,7,0,0,0,0,0
fer0001848.png,1,9,0,0,0,0,0,0,0,0
fer0001849.png,5,0,0,5,0,0,0,0,0,0
fer0001850.png,4,0,0,4,1,0,0,0,1,0
fer0001851.png,0,9,0,0,0,1,0,0,0,0
fer0001852.png,8,1,0,0,0,0,0,0,1,0
fer0001853.png,1,0,0,4,1,0,2,2,0,0
fer0001854.png,1,0,0,0,7,1,0,0,1,0
fer0001855.png,1,0,0,5,1,0,0,1,2,0
fer0001856.png,7,0,0,1,2,0,0,0,0,0
fer0001857.png,0,0,9,0,0,0,1,0,0,0
fer0001858.png,0,10,0,0,0,0,0,0,0,0
fer0001859.png,0,9,0,0,0,0,0,0,1,0
fer0001860.png,9,0,0,1,0,0,0,0,0,0
fer0001861.png,8,0,0,0,2,0,0,0,0,0
fer0001862.png,2,0,8,0,0,0,0,0,0,0
fer0001863.png,9,0,0,1,0,0,0,0,0,0
fer0001864.png,0,9,1,0,0,0,0,0,0,0
fer0001865.png,8,0,0,1,1,0,0,0,0,0
fer0001866.png,1,0,3,1,1,0,4,0,0,0
fer0001867.png,0,10,0,0,0,0,0,0,0,0
fer0001868.png,2,8,0,0,0,0,0,0,0,0
fer0001869.png,8,1,0,1,0,0,0,0,0,0
fer0001870.png,0,0,8,0,1,0,1,0,0,0
fer0001871.png,1,0,5,0,0,0,4,0,0,0
fer0001872.png,0,10,0,0,0,0,0,0,0,0
fer0001873.png,10,0,0,0,0,0,0,0,0,0
fer0001874.png,1,8,0,1,0,0,0,0,0,0
fer0001875.png,0,0,0,9,0,0,0,0,1,0
fer0001876.png,1,0,6,0,0,0,3,0,0,0
fer0001877.png,9,0,0,0,1,0,0,0,0,0
fer0001878.png,8,0,1,0,1,0,0,0,0,0
fer0001879.png,3,5,2,0,0,0,0,0,0,0
fer0001880.png,0,10,0,0,0,0,0,0,0,0
fer0001881.png,8,0,0,0,0,0,0,0,2,0
fer0001882.png,10,0,0,0,0,0,0,0,0,0
fer0001883.png,0,10,0,0,0,0,0,0,0,0
fer0001884.png,0,9,0,0,0,0,0,0,1,0
fer0001885.png,1,9,0,0,0,0,0,0,0,0
fer0001886.png,0,10,0,0,0,0,0,0,0,0
fer0001887.png,0,0,2,0,6,0,0,1,1,0
fer0001888.png,5,0,2,0,1,0,0,0,2,0
fer0001889.png,4,0,0,4,2,0,0,0,0,0
fer0001890.png,9,0,0,0,1,0,0,0,0,0
fer0001891.png,0,10,0,0,0,0,0,0,0,0
fer0001892.png,6,0,3,0,1,0,0,0,0,0
fer0001893.png,9,0,0,1,0,0,0,0,0,0
fer0001894.png,2,1,0,7,0,0,0,0,0,0
fer0001895.png,9,0,0,1,0,0,0,0,0,0
fer0001896.png,0,10,0,0,0,0,0,0,0,0
fer0001897.png,6,0,1,0,2,1,0,0,0,0
fer0001898.png,2,6,2,0,0,0,0,0,0,0
fer0001899.png,4,0,0,0,3,0,0,0,3,0
fer0001900.png,3,7,0,0,0,0,0,0,0,0
fer0001901.png,2,0,0,1,4,2,0,0,1,0
fer0001902.png,1,1,8,0,0,0,0,0,0,0
fer0001903.png,0,10,0,0,0,0,0,0,0,0
fer0001904.png,6,0,0,2,1,0,0,0,1,0
fer0001905.png,3,0,3,1,0,0,1,0,2,0
fer0001906.png,0,0,2,0,6,0,2,0,0,0
fer0001907.png,5,2,2,0,0,0,0,0,1,0
fer0001908.png,0,0,1,0,5,0,3,1,0,0
fer0001909.png,1,1,6,1,0,0,1,0,0,0
fer0001910.png,7,0,0,2,0,0,0,1,0,0
fer0001911.png,3,7,0,0,0,0,0,0,0,0
fer0001912.png,0,1,8,0,0,0,0,0,1,0
fer0001913.png,8,1,0,0,0,0,0,0,1,0
fer0001914.png,4,6,0,0,0,0,0,0,0,0
fer0001915.png,6,0,0,4,0,0,0,0,0,0
fer0001916.png,4,0,0,3,0,0,0,1,2,0
fer0001917.png,0,10,0,0,0,0,0,0,0,0
fer0001918.png,0,10,0,0,0,0,0,0,0,0
fer0001919.png,9,0,0,1,0,0,0,0,0,0
fer0001920.png,0,10,0,0,0,0,0,0,0,0
fer0001921.png,7,1,0,0,0,0,0,1,1,0
fer0001922.png,1,0,0,0,9,0,0,0,0,0
fer0001923.png,6,3,0,1,0,0,0,0,0,0
fer0001924.png,6,0,0,2,1,1,0,0,0,0
fer0001925.png,0,0,0,8,2,0,0,0,0,0
fer0001926.png,0,10,0,0,0,0,0,0,0,0
fer0001927.png,0,0,2,2,1,0,4,0,1,0
fer0001928.png,4,0,0,5,1,0,0,0,0,0
fer0001929.png,4,0,0,5,0,0,0,1,0,0
fer0001930.png,0,10,0,0,0,0,0,0,0,0
fer0001931.png,3,0,0,2,2,0,0,1,2,0
fer0001932.png,0,10,0,0,0,0,0,0,0,0
fer0001933.png,0,0,0,9,0,0,0,0,1,0
fer0001934.png,0,10,0,0,0,0,0,0,0,0
fer0001935.png,0,0,0,10,0,0,0,0,0,0
fer0001936.png,0,10,0,0,0,0,0,0,0,0
fer0001937.png,2,0,2,2,0,2,1,1,0,0
fer0001938.png,8,0,0,0,2,0,0,0,0,0
fer0001939.png,1,0,6,0,0,0,3,0,0,0
fer0001940.png,0,8,1,0,0,0,0,0,1,0
fer0001941.png,7,0,0,1,0,0,1,0,1,0
fer0001942.png,6,0,0,1,3,0,0,0,0,0
fer0001943.png,0,0,8,0,1,0,0,0,1,0
fer0001944.png,6,0,0,3,0,0,0,0,1,0
fer0001945.png,0,0,1,8,0,0,1,0,0,0
fer0001946.png,7,1,0,0,0,0,0,1,1,0
fer0001947.png,1,8,0,0,0,0,0,1,0,0
fer0001948.png,8,0,0,2,0,0,0,0,0,0
fer0001949.png,0,0,0,10,0,0,0,0,0,0
fer0001950.png,3,0,4,0,0,0,1,0,2,0
fer0001951.png,1,8,1,0,0,0,0,0,0,0
fer0001952.png,1,9,0,0,0,0,0,0,0,0
fer0001953.png,0,10,0,0,0,0,0,0,0,0
fer0001954.png,1,0,9,0,0,0,0,0,0,0
fer0001955.png,2,3,5,0,0,0,0,0,0,0
fer0001956.png,8,0,1,0,0,0,0,1,0,0
fer0001957.png,3,1,0,3,0,0,0,0,3,0
fer0001958.png,2,0,7,0,0,0,1,0,0,0
fer0001959.png,10,0,0,0,0,0,0,0,0,0
fer0001960.png,0,0,8,0,0,0,2,0,0,0
fer0001961.png,0,8,2,0,0,0,0,0,0,0
fer0001962.png,8,0,0,1,0,0,0,1,0,0
fer0001963.png,5,0,2,0,2,0,0,0,1,0
fer0001964.png,0,0,1,0,9,0,0,0,0,0
fer0001965.png,0,0,0,10,0,0,0,0,0,0
fer0001966.png,0,10,0,0,0,0,0,0,0,0
fer0001967.png,0,10,0,0,0,0,0,0,0,0
fer0001968.png,0,10,0,0,0,0,0,0,0,0
fer0001969.png,10,0,0,0,0,0,0,0,0,0
fer0001970.png,8,2,0,0,0,0,0,0,0,0
fer0001971.png,1,0,0,9,0,0,0,0,0,0
fer0001972.png,0,10,0,0,0,0,0,0,0,0
fer0001973.png,0,0,0,1,1,2,0,5,1,0
fer0001974.png,10,0,0,0,0,0,0,0,0,0
fer0001975.png,0,0,10,0,0,0,0,0,0,0
fer0001976.png,0,10,0,0,0,0,0,0,0,0
fer0001977.png,8,0,0,0,0,0,0,1,1,0
fer0001978.png,4,6,0,0,0,0,0,0,0,0
fer0001979.png,2,2,0,6,0,0,0,0,0,0
fer0001980.png,0,9,0,0,0,0,0,0,1,0
fer0001981.png,0,0,3,0,6,1,0,0,0,0
fer0001982.png,3,0,0,6,0,0,0,0,1,0
fer0001983.png,1,0,0,6,2,0,1,0,0,0
fer0001984.png,7,0,0,2,0,0,0,0,1,0
fer0001985.png,5,0,0,2,1,0,0,1,1,0
fer0001986.png,7,0,0,2,0,0,0,0,1,0
fer0001987.png,8,1,0,0,0,0,0,1,0,0
fer0001988.png,0,0,1,2,0,1,6,0,0,0
fer0001989.png,4,1,0,1,1,0,0,0,3,0
fer0001990.png,1,0,9,0,0,0,0,0,0,0
fer0001991.png,0,10,0,0,0,0,0,0,0,0
fer0001992.png,0,0,1,2,5,0,1,0,1,0
fer0001993.png,8,0,0,0,1,0,0,0,1,0
fer0001994.png,0,3,0,0,7,0,0,0,0,0
fer0001995.png,7,0,3,0,0,0,0,0,0,0
fer0001996.png,5,0,2,0,2,0,0,0,1,0
fer0001997.png,0,0,10,0,0,0,0,0,0,0
fer0001998.png,8,0,1,0,0,0,0,1,0,0
fer0001999.png,0,10,0,0,0,0,0,0,0,0
fer0002000.png,1,0,0,3,2,2,0,0,2,0
fer0002001.png,6,0,0,3,0,0,0,0,1,0
fer0002002.png,0,4,1,0,0,0,5,0,0,0
fer0002003.png,1,0,0,3,3,1,0,0,2,0
fer0002004.png,4,0,0,2,3,0,0,1,0,0
fer0002005.png,3,0,0,6,0,0,0,0,1,0
fer0002006.png,7,0,0,1,0,1,0,1,0,0
fer0002007.png,9,0,0,0,0,0,0,0,1,0
fer0002008.png,7,0,0,1,1,1,0,0,0,0
fer0002009.png,7,0,0,2,0,0,0,0,1,0
fer0002010.png,2,8,0,0,0,0,0,0,0,0
fer0002011.png,8,0,0,2,0,0,0,0,0,0
fer0002012.png,9,0,0,1,0,0,0,0,0,0
fer0002013.png,0,0,10,0,0,0,0,0,0,0
fer0002014.png,2,8,0,0,0,0,0,0,0,0
fer0002015.png,2,0,0,7,0,1,0,0,0,0
fer0002016.png,3,1,6,0,0,0,0,0,0,0
fer0002017.png,3,6,0,1,0,0,0,0,0,0
fer0002018.png,1,2,0,1,2,3,0,0,1,0
fer0002019.png,5,0,0,0,2,0,0,3,0,0
fer0002020.png,0,10,0,0,0,0,0,0,0,0
fer0002021.png,4,0,4,0,0,0,0,0,2,0
fer0002022.png,9,0,0,0,0,1,0,0,0,0
fer0002023.png,0,9,0,0,0,0,0,1,0,0
fer0002024.png,6,0,2,2,0,0,0,0,0,0
fer0002025.png,1,9,0,0,0,0,0,0,0,0
fer0002026.png,2,0,1,6,0,0,0,0,1,0
fer0002027.png,5,0,0,3,0,0,0,1,1,0
fer0002028.png,0,9,0,1,0,0,0,0,0,0
fer0002029.png,9,0,0,1,0,0,0,0,0,0
fer0002030.png,2,0,8,0,0,0,0,0,0,0
fer0002031.png,8,0,0,2,0,0,0,0,0,0
fer0002032.png,3,0,7,0,0,0,0,0,0,0
fer0002033.png,0,0,0,9,1,0,0,0,0,0
fer0002034.png,0,10,0,0,0,0,0,0,0,0
fer0002035.png,7,1,0,1,0,0,0,1,0,0
fer0002036.png,4,0,0,2,0,1,0,2,1,0
fer0002037.png,3,0,0,5,0,1,0,0,1,0
fer0002038.png,0,10,0,0,0,0,0,0,0,0
fer0002039.png,1,0,7,0,0,0,2,0,0,0
fer0002040.png,2,0,0,0,0,6,1,0,1,0
fer0002041.png,0,10,0,0,0,0,0,0,0,0
fer0002042.png,10,0,0,0,0,0,0,0,0,0
fer0002043.png,1,8,0,1,0,0,0,0,0,0
fer0002044.png,5,0,0,0,0,0,0,4,1,0
fer0002045.png,4,0,0,6,0,0,0,0,0,0
fer0002046.png,0,0,0,9,1,0,0,0,0,0
fer0002047.png,0,9,0,0,0,0,0,0,1,0
fer0002048.png,1,0,0,3,1,3,2,0,0,0
fer0002049.png,5,1,0,2,1,1,0,0,0,0
fer0002050.png,6,1,0,1,1,0,0,1,0,0
fer0002051.png,9,0,0,1,0,0,0,0,0,0
fer0002052.png,6,0,0,2,1,0,0,0,1,0
fer0002053.png,1,0,1,0,8,0,0,0,0,0
fer0002054.png,2,0,0,0,6,0,0,0,2,0
fer0002055.png,9,0,0,0,1,0,0,0,0,0
fer0002056.png,0,10,0,0,0,0,0,0,0,0
fer0002057.png,1,9,0,0,0,0,0,0,0,0
fer0002058.png,3,0,0,6,0,0,0,0,1,0
fer0002059.png,8,1,0,0,0,0,0,1,0,0
fer0002060.png,0,9,1,0,0,0,0,0,0,0
fer0002061.png,0,10,0,0,0,0,0,0,0,0
fer0002062.png,0,10,0,0,0,0,0,0,0,0
fer0002063.png,5,0,0,4,0,0,0,0,1,0
fer0002064.png,6,0,0,0,3,0,0,1,0,0
fer0002065.png,8,0,1,0,0,1,0,0,0,0
fer0002066.png,0,10,0,0,0,0,0,0,0,0
fer0002067.png,0,0,0,0,9,1,0,0,0,0
fer0002068.png,5,5,0,0,0,0,0,0,0,0
fer0002069.png,0,0,10,0,0,0,0,0,0,0
fer0002070.png,1,9,0,0,0,0,0,0,0,0
fer0002071.png,1,0,3,0,0,1,4,0,1,0
fer0002072.png,6,1,0,3,0,0,0,0,0,0
fer0002073.png,0,10,0,0,0,0,0,0,0,0
fer0002074.png,2,0,0,7,0,0,0,0,1,0
fer0002075.png,6,1,0,1,0,0,0,0,2,0
fer0002076.png,2,0,0,0,4,1,0,0,3,0
fer0002077.png,5,0,0,2,0,0,0,1,2,0
fer0002078.png,2,0,1,2,0,0,4,0,1,0
fer0002079.png,2,1,0,5,0,0,0,0,2,0
fer0002080.png,0,10,0,0,0,0,0,0,0,0
fer0002081.png,5,0,0,1,2,1,0,1,0,0
fer0002082.png,0,0,2,0,5,0,1,0,2,0
fer0002083.png,9,0,0,0,0,0,0,1,0,0
fer0002084.png,2,0,0,7,0,0,0,1,0,0
fer0002085.png,0,10,0,0,0,0,0,0,0,0
fer0002086.png,0,0,7,0,1,0,2,0,0,0
fer0002087.png,0,0,8,1,0,0,0,0,1,0
fer0002088.png,0,0,4,2,0,0,4,0,0,0
fer0002089.png,9,0,0,0,0,0,0,0,1,0
fer0002090.png,5,0,0,5,0,0,0,0,0,0
fer0002091.png,6,0,1,0,0,0,1,0,2,0
fer0002092.png,7,0,0,2,1,0,0,0,0,0
fer0002093.png,1,9,0,0,0,0,0,0,0,0
fer0002094.png,3,0,0,5,0,1,0,0,1,0
fer0002095.png,6,0,3,0,1,0,0,0,0,0
fer0002096.png,0,0,6,0,0,0,4,0,0,0
fer0002097.png,0,0,0,0,10,0,0,0,0,0
fer0002098.png,0,2,0,7,0,0,0,0,1,0
fer0002099.png,10,0,0,0,0,0,0,0,0,0
fer0002100.png,1,0,0,0,7,1,0,1,0,0
fer0002101.png,7,0,0,3,0,0,0,0,0,0
fer0002102.png,7,0,0,3,0,0,0,0,0,0
fer0002103.png,1,0,0,7,0,1,0,0,1,0
fer0002104.png,7,0,0,2,0,0,0,0,1,0
fer0002105.png,2,0,1,0,4,2,0,0,1,0
fer0002106.png,9,0,0,1,0,0,0,0,0,0
fer0002107.png,6,3,0,0,0,0,0,0,1,0
fer0002108.png,7,0,0,3,0,0,0,0,0,0
fer0002109.png,4,0,1,3,0,0,0,1,1,0
fer0002110.png,2,8,0,0,0,0,0,0,0,0
fer0002111.png,0,4,3,0,0,0,2,0,1,0
fer0002112.png,0,10,0,0,0,0,0,0,0,0
fer0002113.png,0,10,0,0,0,0,0,0,0,0
fer0002114.png,2,2,2,0,4,0,0,0,0,0
fer0002115.png,0,0,2,0,0,0,8,0,0,0
fer0002116.png,0,0,9,0,0,0,1,0,0,0
fer0002117.png,1,6,2,1,0,0,0,0,0,0
fer0002118.png,2,0,1,5,1,0,0,0,1,0
fer0002119.png,8,2,0,0,0,0,0,0,0,0
fer0002120.png,0,10,0,0,0,0,0,0,0,0
fer0002121.png,7,0,0,0,3,0,0,0,0,0
fer0002122.png,0,10,0,0,0,0,0,0,0,0
fer0002123.png,0,1,1,1,6,1,0,0,0,0
fer0002124.png,6,0,0,2,0,0,0,1,1,0
fer0002125.png,9,0,0,0,0,0,0,0,1,0
fer0002126.png,10,0,0,0,0,0,0,0,0,0
fer0002127.png,2,0,8,0,0,0,0,0,0,0
fer0002128.png,5,0,0,1,2,0,0,1,1,0
fer0002129.png,1,0,0,3,0,0,6,0,0,0
fer0002130.png,9,1,0,0,0,0,0,0,0,0
fer0002131.png,5,0,0,4,0,0,1,0,0,0
fer0002132.png,0,8,2,0,0,0,0,0,0,0
fer0002133.png,0,10,0,0,0,0,0,0,0,0
fer0002134.png,1,8,0,1,0,0,0,0,0,0
fer0002135.png,5,4,0,1,0,0,0,0,0,0
fer0002136.png,3,0,0,5,0,0,0,0,2,0
fer0002137.png,2,0,7,0,0,0,1,0,0,0
fer0002138.png,0,10,0,0,0,0,0,0,0,0
fer0002139.png,9,0,0,0,0,0,0,1,0,0
fer0002140.png,6,0,0,2,0,0,0,0,2,0
fer0002141.png,3,7,0,0,0,0,0,0,0,0
fer0002142.png,7,0,0,2,0,0,0,1,0,0
fer0002143.png,0,2,7,0,0,0,0,0,1,0
fer0002144.png,3,0,0,6,0,0,0,0,1,0
fer0002145.png,0,0,0,0,9,0,0,0,1,0
fer0002146.png,5,5,0,0,0,0,0,0,0,0
fer0002147.png,3,2,2,1,0,0,0,1,1,0
fer0002148.png,1,0,0,2,3,2,0,0,2,0
fer0002149.png,0,10,0,0,0,0,0,0,0,0
fer0002150.png,5,0,0,5,0,0,0,0,0,0
fer0002151.png,0,3,3,0,4,0,0,0,0,0
fer0002152.png,9,0,0,0,0,0,0,0,1,0
fer0002153.png,8,0,0,1,0,0,0,1,0,0
fer0002154.png,8,0,0,1,0,0,0,1,0,0
fer0002155.png,10,0,0,0,0,0,0,0,0,0
fer0002156.png,1,9,0,0,0,0,0,0,0,0
fer0002157.png,8,0,0,2,0,0,0,0,0,0
fer0002158.png,6,1,0,1,0,0,0,0,2,0
fer0002159.png,4,0,0,0,3,2,1,0,0,0
fer0002160.png,7,0,0,3,0,0,0,0,0,0
fer0002161.png,0,3,7,0,0,0,0,0,0,0
fer0002162.png,1,0,0,0,8,1,0,0,0,0
fer0002163.png,5,0,0,4,0,0,0,0,1,0
fer0002164.png,0,10,0,0,0,0,0,0,0,0
fer0002165.png,0,0,4,0,0,0,5,0,1,0
fer0002166.png,9,0,0,0,0,0,0,0,1,0
fer0002167.png,1,7,0,0,0,0,0,2,0,0
fer0002168.png,9,1,0,0,0,0,0,0,0,0
fer0002169.png,0,0,8,0,0,0,0,0,2,0
fer0002170.png,3,0,0,7,0,0,0,0,0,0
fer0002171.png,9,0,1,0,0,0,0,0,0,0
fer0002172.png,3,1,0,5,0,0,0,1,0,0
fer0002173.png,8,0,0,1,0,0,0,0,1,0
fer0002174.png,0,2,7,0,0,0,1,0,0,0
fer0002175.png,0,0,3,0,1,0,4,0,2,0
fer0002176.png,5,0,0,5,0,0,0,0,0,0
fer0002177.png,7,0,0,0,3,0,0,0,0,0
fer0002178.png,1,9,0,0,0,0,0,0,0,0
fer0002179.png,4,0,0,6,0,0,0,0,0,0
fer0002180.png,0,9,0,0,0,0,0,1,0,0
fer0002181.png,0,0,0,0,8,1,0,0,1,0
fer0002182.png,0,10,0,0,0,0,0,0,0,0
fer0002183.png,9,0,0,1,0,0,0,0,0,0
fer0002184.png,0,2,5,0,1,0,2,0,0,0
fer0002185.png,3,0,0,6,0,0,0,0,1,0
fer0002186.png,0,9,0,0,0,1,0,0,0,0
fer0002187.png,6,2,0,0,0,0,0,0,2,0
fer0002188.png,0,10,0,0,0,0,0,0,0,0
fer0002189.png,3,0,0,0,7,0,0,0,0,0
fer0002190.png,9,0,0,0,0,0,0,0,1,0
fer0002191.png,0,0,10,0,0,0,0,0,0,0
fer0002192.png,5,0,0,3,0,0,0,0,2,0
fer0002193.png,5,0,0,4,0,0,0,1,0,0
fer0002194.png,7,0,1,2,0,0,0,0,0,0
fer0002195.png,0,10,0,0,0,0,0,0,0,0
fer0002196.png,3,0,7,0,0,0,0,0,0,0
fer0002197.png,4,0,3,0,2,1,0,0,0,0
fer0002198.png,1,9,0,0,0,0,0,0,0,0
fer0002199.png,0,10,0,0,0,0,0,0,0,0
fer0002200.png,0,9,0,0,0,0,0,0,1,0
fer0002201.png,0,6,4,0,0,0,0,0,0,0
fer0002202.png,1,9,0,0,0,0,0,0,0,0
fer0002203.png,10,0,0,0,0,0,0,0,0,0
fer0002204.png,2,0,0,8,0,0,0,0,0,0
fer0002205.png,10,0,0,0,0,0,0,0,0,0
fer0002206.png,5,4,0,0,0,0,0,1,0,0
fer0002207.png,1,9,0,0,0,0,0,0,0,0
fer0002208.png,0,10,0,0,0,0,0,0,0,0
fer0002209.png,0,10,0,0,0,0,0,0,0,0
fer0002210.png,6,0,0,1,3,0,0,0,0,0
fer0002211.png,5,0,0,3,0,0,0,0,2,0
fer0002212.png,8,0,0,0,0,0,0,1,1,0
fer0002213.png,1,0,0,8,1,0,0,0,0,0
fer0002214.png,1,8,0,1,0,0,0,0,0,0
fer0002215.png,0,10,0,0,0,0,0,0,0,0
fer0002216.png,0,0,3,0,5,1,0,0,1,0
fer0002217.png,5,0,0,5,0,0,0,0,0,0
fer0002218.png,0,10,0,0,0,0,0,0,0,0
fer0002219.png,10,0,0,0,0,0,0,0,0,0
fer0002220.png,8,2,0,0,0,0,0,0,0,0
fer0002221.png,2,0,0,8,0,0,0,0,0,0
fer0002222.png,2,0,0,4,1,0,2,0,1,0
fer0002223.png,8,0,0,1,0,0,0,1,0,0
fer0002224.png,0,8,2,0,0,0,0,0,0,0
fer0002225.png,0,0,1,0,9,0,0,0,0,0
fer0002226.png,0,1,0,9,0,0,0,0,0,0
fer0002227.png,0,10,0,0,0,0,0,0,0,0
fer0002228.png,8,0,0,1,0,0,0,0,1,0
fer0002229.png,0,0,2,0,6,0,1,0,1,0
fer0002230.png,2,0,8,0,0,0,0,0,0,0
fer0002231.png,6,0,0,1,2,0,0,1,0,0
fer0002232.png,6,0,0,4,0,0,0,0,0,0
fer0002233.png,4,0,4,1,0,0,0,0,1,0
fer0002234.png,0,1,0,9,0,0,0,0,0,0
fer0002235.png,6,1,0,3,0,0,0,0,0,0
fer0002236.png,0,10,0,0,0,0,0,0,0,0
fer0002237.png,2,0,0,5,0,0,0,0,3,0
fer0002238.png,6,0,0,2,1,1,0,0,0,0
fer0002239.png,8,0,0,0,1,0,0,0,1,0
fer0002240.png,4,0,0,5,0,1,0,0,0,0
fer0002241.png,0,0,10,0,0,0,0,0,0,0
fer0002242.png,6,0,0,0,0,0,0,3,1,0
fer0002243.png,0,1,1,1,5,0,0,0,2,0
fer0002244.png,6,0,0,3,0,1,0,0,0,0
fer0002245.png,1,0,0,1,7,1,0,0,0,0
fer0002246.png,0,0,1,2,1,0,6,0,0,0
fer0002247.png,0,0,1,4,0,1,4,0,0,0
fer0002248.png,5,0,0,5,0,0,0,0,0,0
fer0002249.png,0,10,0,0,0,0,0,0,0,0
fer0002250.png,9,1,0,0,0,0,0,0,0,0
fer0002251.png,1,1,0,8,0,0,0,0,0,0
fer0002252.png,10,0,0,0,0,0,0,0,0,0
fer0002253.png,0,10,0,0,0,0,0,0,0,0
fer0002254.png,9,1,0,0,0,0,0,0,0,0
fer0002255.png,0,0,9,0,0,0,1,0,0,0
fer0002256.png,1,0,1,0,6,0,0,0,2,0
fer0002257.png,2,5,0,2,0,0,0,0,1,0
fer0002258.png,4,0,0,3,1,0,1,0,1,0
fer0002259.png,8,0,1,0,1,0,0,0,0,0
fer0002260.png,7,1,0,0,0,0,0,2,0,0
fer0002261.png,1,0,0,0,7,1,0,0,1,0
fer0002262.png,4,0,5,0,0,0,0,0,1,0
fer0002263.png,0,10,0,0,0,0,0,0,0,0
fer0002264.png,0,0,1,4,2,0,3,0,0,0
fer0002265.png,0,0,10,0,0,0,0,0,0,0
fer0002266.png,0,6,1,0,2,0,0,0,1,0
fer0002267.png,8,0,0,2,0,0,0,0,0,0
fer0002268.png,0,10,0,0,0,0,0,0,0,0
fer0002269.png,10,0,0,0,0,0,0,0,0,0
fer0002270.png,0,10,0,0,0,0,0,0,0,0
fer0002271.png,0,1,0,1,6,1,0,1,0,0
fer0002272.png,8,2,0,0,0,0,0,0,0,0
fer0002273.png,1,0,4,4,0,0,1,0,0,0
fer0002274.png,4,0,0,0,3,0,0,0,3,0
fer0002275.png,9,0,0,0,1,0,0,0,0,0
fer0002276.png,1,0,0,5,0,0,4,0,0,0
fer0002277.png,10,0,0,0,0,0,0,0,0,0
fer0002278.png,0,10,0,0,0,0,0,0,0,0
fer0002279.png,0,3,6,1,0,0,0,0,0,0
fer0002280.png,0,10,0,0,0,0,0,0,0,0
fer0002281.png,0,10,0,0,0,0,0,0,0,0
fer0002282.png,1,9,0,0,0,0,0,0,0,0
fer0002283.png,0,10,0,0,0,0,0,0,0,0
fer0002284.png,3,0,0,5,0,1,0,1,0,0
fer0002285.png,2,0,0,2,4,1,0,0,1,0
fer0002286.png,3,0,0,0,7,0,0,0,0,0
fer0002287.png,0,3,7,0,0,0,0,0,0,0
fer0002288.png,8,1,0,0,0,0,0,0,1,0
fer0002289.png,0,10,0,0,0,0,0,0,0,0
fer0002290.png,7,2,0,0,0,0,0,0,1,0
fer0002291.png,9,0,0,0,0,0,0,0,1,0
fer0002292.png,1,7,2,0,0,0,0,0,0,0
fer0002293.png,0,0,7,0,0,0,3,0,0,0
fer0002294.png,0,0,0,0,4,0,6,0,0,0
fer0002295.png,6,2,0,0,0,0,0,2,0,0
fer0002296.png,0,0,7,0,0,0,3,0,0,0
fer0002297.png,2,0,1,1,3,0,0,0,3,0
fer0002298.png,1,0,7,1,0,0,0,0,1,0
fer0002299.png,5,0,1,3,0,0,0,1,0,0
fer0002300.png,7,0,0,2,0,0,0,0,1,0
fer0002301.png,0,10,0,0,0,0,0,0,0,0
fer0002302.png,0,10,0,0,0,0,0,0,0,0
fer0002303.png,0,10,0,0,0,0,0,0,0,0
fer0002304.png,0,10,0,0,0,0,0,0,0,0
fer0002305.png,0,3,4,0,0,0,3,0,0,0
fer0002306.png,0,10,0,0,0,0,0,0,0,0
fer0002307.png,0,10,0,0,0,0,0,0,0,0
fer0002308.png,0,0,0,10,0,0,0,0,0,0
fer0002309.png,7,0,0,1,0,0,0,0,2,0
fer0002310.png,0,0,3,0,7,0,0,0,0,0
fer0002311.png,1,0,0,1,3,1,0,3,1,0
fer0002312.png,1,9,0,0,0,0,0,0,0,0
fer0002313.png,5,0,0,4,0,0,1,0,0,0
fer0002314.png,10,0,0,0,0,0,0,0,0,0
fer0002315.png,1,0,1,3,5,0,0,0,0,0
fer0002316.png,1,0,4,0,0,0,5,0,0,0
fer0002317.png,1,0,0,8,0,1,0,0,0,0
fer0002318.png,8,0,0,2,0,0,0,0,0,0
fer0002319.png,2,7,0,0,0,0,0,1,0,0
fer0002320.png,0,4,5,0,0,0,1,0,0,0
fer0002321.png,4,0,0,1,1,1,0,1,2,0
fer0002322.png,2,0,8,0,0,0,0,0,0,0
fer0002323.png,0,10,0,0,0,0,0,0,0,0
fer0002324.png,0,9,0,0,0,0,1,0,0,0
fer0002325.png,2,0,1,2,3,0,0,0,2,0
fer0002326.png,0,0,8,0,0,0,2,0,0,0
fer0002327.png,8,1,0,0,0,0,0,0,1,0
fer0002328.png,0,0,1,0,8,0,0,0,1,0
fer0002329.png,4,0,6,0,0,0,0,0,0,0
fer0002330.png,10,0,0,0,0,0,0,0,0,0
fer0002331.png,0,10,0,0,0,0,0,0,0,0
fer0002332.png,1,0,8,0,0,0,1,0,0,0
fer0002333.png,6,0,0,1,2,0,0,0,1,0
fer0002334.png,0,10,0,0,0,0,0,0,0,0
fer0002335.png,6,0,0,4,0,0,0,0,0,0
fer0002336.png,0,0,8,0,0,0,2,0,0,0
fer0002337.png,0,10,0,0,0,0,0,0,0,0
fer0002338.png,1,0,0,9,0,0,0,0,0,0
fer0002339.png,2,8,0,0,0,0,0,0,0,0
fer0002340.png,1,0,0,4,3,1,0,0,1,0
fer0002341.png,0,0,1,8,0,1,0,0,0,0
fer0002342.png,1,8,0,0,0,0,0,0,1,0
fer0002343.png,4,0,0,6,0,0,0,0,0,0
fer0002344.png,5,0,0,5,0,0,0,0,0,0
fer0002345.png,2,0,6,0,0,0,2,0,0,0
fer0002346.png,1,9,0,0,0,0,0,0,0,0
fer0002347.png,0,0,5,1,0,0,2,0,2,0
fer0002348.png,1,1,8,0,0,0,0,0,0,0
fer0002349.png,0,0,4,0,0,0,6,0,0,0
fer0002350.png,1,0,1,2,4,1,0,0,1,0
fer0002351.png,5,5,0,0,0,0,0,0,0,0
fer0002352.png,4,0,0,4,1,0,0,0,1,0
fer0002353.png,0,0,1,0,8,0,0,0,1,0
fer0002354.png,0,6,4,0,0,0,0,0,0,0
fer0002355.png,8,0,0,1,0,0,0,0,1,0
fer0002356.png,0,0,0,0,4,0,6,0,0,0
fer0002357.png,0,10,0,0,0,0,0,0,0,0
fer0002358.png,4,0,0,6,0,0,0,0,0,0
fer0002359.png,6,0,0,2,0,0,0,1,1,0
fer0002360.png,7,1,1,0,0,1,0,0,0,0
fer0002361.png,0,0,0,10,0,0,0,0,0,0
fer0002362.png,10,0,0,0,0,0,0,0,0,0
fer0002363.png,4,0,0,1,0,2,0,2,1,0
fer0002364.png,1,0,0,9,0,0,0,0,0,0
fer0002365.png,4,0,0,1,1,2,0,0,2,0
fer0002366.png,2,0,0,2,2,0,0,1,3,0
fer0002367.png,9,0,0,1,0,0,0,0,0,0
fer0002368.png,0,0,0,10,0,0,0,0,0,0
fer0002369.png,1,0,4,0,0,0,5,0,0,0
fer0002370.png,1,9,0,0,0,0,0,0,0,0
fer0002371.png,3,0,0,6,1,0,0,0,0,0
fer0002372.png,6,0,0,0,2,0,1,0,1,0
fer0002373.png,0,10,0,0,0,0,0,0,0,0
fer0002374.png,0,0,2,0,0,1,7,0,0,0
fer0002375.png,6,0,0,1,0,0,1,1,1,0
fer0002376.png,5,0,0,3,0,0,0,0,1,1
fer0002377.png,6,0,0,0,1,1,0,1,1,0
fer0002378.png,6,0,0,4,0,0,0,0,0,0
fer0002379.png,4,0,4,1,0,0,0,0,1,0
fer0002380.png,8,0,1,0,0,0,0,0,1,0
fer0002381.png,4,6,0,0,0,0,0,0,0,0
fer0002382.png,7,0,0,1,0,0,0,0,2,0
fer0002383.png,1,9,0,0,0,0,0,0,0,0
fer0002384.png,5,0,0,4,0,0,0,0,1,0
fer0002385.png,0,0,0,0,0,2,0,7,1,0
fer0002386.png,2,0,3,0,1,2,0,0,2,0
fer0002387.png,1,3,0,0,6,0,0,0,0,0
fer0002388.png,0,0,9,0,0,0,1,0,0,0
fer0002389.png,0,0,10,0,0,0,0,0,0,0
fer0002390.png,0,0,1,0,9,0,0,0,0,0
fer0002391.png,2,7,0,0,0,0,0,0,1,0
fer0002392.png,0,0,1,1,7,0,0,0,1,0
fer0002393.png,0,10,0,0,0,0,0,0,0,0
fer0002394.png,0,2,0,0,5,3,0,0,0,0
fer0002395.png,0,2,0,0,7,0,0,0,1,0
fer0002396.png,1,9,0,0,0,0,0,0,0,0
fer0002397.png,7,0,0,1,2,0,0,0,0,0
fer0002398.png,5,0,0,2,0,1,0,0,2,0
fer0002399.png,6,4,0,0,0,0,0,0,0,0
fer0002400.png,0,0,3,0,3,0,3,0,1,0
fer0002401.png,10,0,0,0,0,0,0,0,0,0
fer0002402.png,6,0,0,2,0,0,0,1,1,0
fer0002403.png,0,0,0,9,0,1,0,0,0,0
fer0002404.png,3,0,0,6,0,0,0,0,1,0
fer0002405.png,4,5,0,0,0,0,0,1,0,0
fer0002406.png,5,0,0,1,1,2,0,1,0,0
fer0002407.png,5,2,0,2,0,1,0,0,0,0
fer0002408.png,0,1,0,9,0,0,0,0,0,0
fer0002409.png,1,9,0,0,0,0,0,0,0,0
fer0002410.png,7,0,1,2,0,0,0,0,0,0
fer0002411.png,7,0,0,3,0,0,0,0,0,0
fer0002412.png,3,0,0,3,0,1,1,0,2,0
fer0002413.png,6,0,1,0,0,0,0,0,3,0
fer0002414.png,5,0,0,4,0,0,0,0,1,0
fer0002415.png,1,1,0,1,3,4,0,0,0,0
fer0002416.png,0,0,2,0,0,3,5,0,0,0
fer0002417.png,0,10,0,0,0,0,0,0,0,0
fer0002418.png,0,10,0,0,0,0,0,0,0,0
fer0002419.png,8,1,0,1,0,0,0,0,0,0
fer0002420.png,1,9,0,0,0,0,0,0,0,0
fer0002421.png,0,0,0,2,6,0,1,0,1,0
fer0002422.png,6,0,1,1,0,1,1,0,0,0
fer0002423.png,0,0,1,4,0,0,2,0,3,0
fer0002424.png,1,1,2,6,0,0,0,0,0,0
fer0002425.png,7,0,0,0,0,1,0,0,2,0
fer0002426.png,0,3,4,1,0,0,2,0,0,0
fer0002427.png,3,0,0,5,0,0,0,0,2,0
fer0002428.png,0,9,0,0,0,0,0,1,0,0
fer0002429.png,7,0,0,2,0,0,0,0,1,0
fer0002430.png,0,0,8,1,0,0,1,0,0,0
fer0002431.png,1,9,0,0,0,0,0,0,0,0
fer0002432.png,9,0,0,0,0,0,0,1,0,0
fer0002433.png,0,10,0,0,0,0,0,0,0,0
fer0002434.png,0,0,7,0,0,0,3,0,0,0
fer0002435.png,6,1,1,2,0,0,0,0,0,0
fer0002436.png,4,0,0,4,0,0,0,1,1,0
fer0002437.png,3,0,0,4,0,0,0,0,3,0
fer0002438.png,0,9,0,0,0,1,0,0,0,0
fer0002439.png,5,0,0,2,0,0,0,2,1,0
fer0002440.png,1,9,0,0,0,0,0,0,0,0
fer0002441.png,1,0,7,0,0,0,1,1,0,0
fer0002442.png,3,0,0,4,0,0,0,0,3,0
fer0002443.png,5,0,0,5,0,0,0,0,0,0
fer0002444.png,0,9,1,0,0,0,0,0,0,0
fer0002445.png,5,0,0,5,0,0,0,0,0,0
fer0002446.png,0,10,0,0,0,0,0,0,0,0
fer0002447.png,8,0,0,1,0,0,0,1,0,0
fer0002448.png,6,3,1,0,0,0,0,0,0,0
fer0002449.png,0,10,0,0,0,0,0,0,0,0
fer0002450.png,4,4,0,0,1,0,0,1,0,0
fer0002451.png,1,0,0,0,8,1,0,0,0,0
fer0002452.png,0,10,0,0,0,0,0,0,0,0
fer0002453.png,5,0,0,5,0,0,0,0,0,0
fer0002454.png,0,10,0,0,0,0,0,0,0,0
fer0002455.png,5,0,0,5,0,0,0,0,0,0
fer0002456.png,4,3,0,1,1,0,0,0,1,0
fer0002457.png,0,0,10,0,0,0,0,0,0,0
fer0002458.png,2,0,0,6,0,0,0,1,1,0
fer0002459.png,0,10,0,0,0,0,0,0,0,0
fer0002460.png,1,9,0,0,0,0,0,0,0,0
fer0002461.png,0,5,0,0,0,0,0,3,2,0
fer0002462.png,0,0,10,0,0,0,0,0,0,0
fer0002463.png,0,0,0,9,0,0,1,0,0,0
fer0002464.png,0,10,0,0,0,0,0,0,0,0
fer0002465.png,1,0,0,6,0,0,0,1,2,0
fer0002466.png,4,0,0,4,1,0,0,0,1,0
fer0002467.png,7,0,0,2,1,0,0,0,0,0
fer0002468.png,1,9,0,0,0,0,0,0,0,0
fer0002469.png,0,10,0,0,0,0,0,0,0,0
fer0002470.png,0,10,0,0,0,0,0,0,0,0
fer0002471.png,0,0,10,0,0,0,0,0,0,0
fer0002472.png,4,0,0,5,1,0,0,0,0,0
fer0002473.png,0,10,0,0,0,0,0,0,0,0
fer0002474.png,5,0,1,4,0,0,0,0,0,0
fer0002475.png,4,1,0,4,0,0,0,0,1,0
fer0002476.png,0,0,10,0,0,0,0,0,0,0
fer0002477.png,0,4,6,0,0,0,0,0,0,0
fer0002478.png,0,0,1,0,3,0,6,0,0,0
fer0002479.png,1,9,0,0,0,0,0,0,0,0
fer0002480.png,5,1,0,1,2,1,0,0,0,0
fer0002481.png,8,0,0,2,0,0,0,0,0,0
fer0002482.png,0,0,0,0,10,0,0,0,0,0
fer0002483.png,0,1,0,0,8,0,0,0,1,0
fer0002484.png,10,0,0,0,0,0,0,0,0,0
fer0002485.png,8,0,1,0,0,0,0,0,1,0
fer0002486.png,1,9,0,0,0,0,0,0,0,0
fer0002487.png,8,0,0,2,0,0,0,0,0,0
fer0002488.png,6,4,0,0,0,0,0,0,0,0
fer0002489.png,8,0,0,1,0,0,0,0,1,0
fer0002490.png,0,10,0,0,0,0,0,0,0,0
fer0002491.png,0,2,4,0,0,0,4,0,0,0
fer0002492.png,8,0,0,2,0,0,0,0,0,0
fer0002493.png,6,0,0,3,0,0,0,0,1,0
fer0002494.png,1,0,0,2,0,3,1,2,1,0
fer0002495.png,3,0,0,6,0,0,0,0,1,0
fer0002496.png,4,0,0,5,0,0,0,1,0,0
fer0002497.png,3,1,0,0,0,0,4,0,2,0
fer0002498.png,7,0,0,3,0,0,0,0,0,0
fer0002499.png,1,0,2,0,4,1,1,0,1,0
fer0002500.png,7,3,0,0,0,0,0,0,0,0
fer0002501.png,0,6,3,0,1,0,0,0,0,0
fer0002502.png,0,9,0,0,1,0,0,0,0,0
fer0002503.png,0,10,0,0,0,0,0,0,0,0
fer0002504.png,5,0,1,3,0,0,0,0,1,0
fer0002505.png,0,10,0,0,0,0,0,0,0,0
fer0002506.png,6,0,2,2,0,0,0,0,0,0
fer0002507.png,2,2,0,0,3,1,0,0,2,0
fer0002508.png,5,1,0,1,2,0,1,0,0,0
fer0002509.png,5,0,5,0,0,0,0,0,0,0
fer0002510.png,0,0,0,10,0,0,0,0,0,0
fer0002511.png,4,0,0,6,0,0,0,0,0,0
fer0002512.png,8,0,0,0,1,0,1,0,0,0
fer0002513.png,1,2,0,0,6,1,0,0,0,0
fer0002514.png,1,9,0,0,0,0,0,0,0,0
fer0002515.png,1,0,9,0,0,0,0,0,0,0
fer0002516.png,2,0,0,5,1,2,0,0,0,0
fer0002517.png,0,10,0,0,0,0,0,0,0,0
fer0002518.png,1,9,0,0,0,0,0,0,0,0
fer0002519.png,8,1,0,1,0,0,0,0,0,0
fer0002520.png,10,0,0,0,0,0,0,0,0,0
fer0002521.png,10,0,0,0,0,0,0,0,0,0
fer0002522.png,8,0,0,1,0,0,0,0,1,0
fer0002523.png,1,8,0,0,0,1,0,0,0,0
fer0002524.png,1,9,0,0,0,0,0,0,0,0
fer0002525.png,0,0,10,0,0,0,0,0,0,0
fer0002526.png,9,0,0,1,0,0,0,0,0,0
fer0002527.png,0,10,0,0,0,0,0,0,0,0
fer0002528.png,10,0,0,0,0,0,0,0,0,0
fer0002529.png,0,6,3,0,0,0,0,0,1,0
fer0002530.png,0,6,4,0,0,0,0,0,0,0
fer0002531.png,8,1,0,0,0,0,0,0,1,0
fer0002532.png,0,10,0,0,0,0,0,0,0,0
fer0002533.png,2,8,0,0,0,0,0,0,0,0
fer0002534.png,6,0,0,1,0,0,0,3,0,0
fer0002535.png,1,6,0,3,0,0,0,0,0,0
fer0002536.png,8,0,0,0,1,0,0,0,1,0
fer0002537.png,0,10,0,0,0,0,0,0,0,0
fer0002538.png,0,0,1,4,2,0,1,1,1,0
fer0002539.png,0,10,0,0,0,0,0,0,0,0
fer0002540.png,3,0,0,6,0,0,0,0,1,0
fer0002541.png,0,1,0,0,9,0,0,0,0,0
fer0002542.png,3,0,0,6,0,0,1,0,0,0
fer0002543.png,0,10,0,0,0,0,0,0,0,0
fer0002544.png,3,1,5,0,0,1,0,0,0,0
fer0002545.png,3,7,0,0,0,0,0,0,0,0
fer0002546.png,0,0,0,3,0,0,7,0,0,0
fer0002547.png,5,0,0,4,0,0,0,0,1,0
fer0002548.png,0,1,0,7,0,0,2,0,0,0
fer0002549.png,4,0,1,1,0,0,1,1,2,0
fer0002550.png,1,8,0,0,0,0,0,0,1,0
fer0002551.png,5,1,0,4,0,0,0,0,0,0
fer0002552.png,0,10,0,0,0,0,0,0,0,0
fer0002553.png,0,0,4,1,5,0,0,0,0,0
fer0002554.png,0,1,0,0,8,0,0,0,1,0
fer0002555.png,0,10,0,0,0,0,0,0,0,0
fer0002556.png,6,0,1,0,0,0,0,1,2,0
fer0002557.png,0,10,0,0,0,0,0,0,0,0
fer0002558.png,5,5,0,0,0,0,0,0,0,0
fer0002559.png,0,10,0,0,0,0,0,0,0,0
fer0002560.png,10,0,0,0,0,0,0,0,0,0
fer0002561.png,6,0,0,3,1,0,0,0,0,0
fer0002562.png,2,2,2,1,0,1,0,0,2,0
fer0002563.png,0,0,4,0,6,0,0,0,0,0
fer0002564.png,4,1,0,5,0,0,0,0,0,0
fer0002565.png,1,1,0,8,0,0,0,0,0,0
fer0002566.png,1,4,2,1,2,0,0,0,0,0
fer0002567.png,1,0,0,0,9,0,0,0,0,0
fer0002568.png,2,0,1,4,1,0,0,0,2,0
fer0002569.png,6,0,0,4,0,0,0,0,0,0
fer0002570.png,1,0,1,8,0,0,0,0,0,0
fer0002571.png,5,1,0,4,0,0,0,0,0,0
fer0002572.png,0,0,0,10,0,0,0,0,0,0
fer0002573.png,8,0,0,1,0,0,0,1,0,0
fer0002574.png,7,0,0,2,0,1,0,0,0,0
fer0002575.png,6,0,0,1,3,0,0,0,0,0
fer0002576.png,7,0,0,1,1,0,0,1,0,0
fer0002577.png,5,0,1,2,0,0,0,2,0,0
fer0002578.png,4,0,0,2,1,0,0,0,3,0
fer0002579.png,10,0,0,0,0,0,0,0,0,0
fer0002580.png,5,0,2,0,0,0,3,0,0,0
fer0002581.png,8,0,0,2,0,0,0,0,0,0
fer0002582.png,9,0,0,1,0,0,0,0,0,0
fer0002583.png,0,0,0,0,10,0,0,0,0,0
fer0002584.png,8,0,0,2,0,0,0,0,0,0
fer0002585.png,0,10,0,0,0,0,0,0,0,0
fer0002586.png,2,0,0,5,0,0,0,3,0,0
fer0002587.png,0,10,0,0,0,0,0,0,0,0
fer0002588.png,4,0,0,6,0,0,0,0,0,0
fer0002589.png,1,0,0,9,0,0,0,0,0,0
fer0002590.png,0,0,0,0,8,0,2,0,0,0
fer0002591.png,1,0,0,1,1,0,4,0,3,0
fer0002592.png,1,0,6,0,1,0,2,0,0,0
fer0002593.png,1,9,0,0,0,0,0,0,0,0
fer0002594.png,4,0,0,3,3,0,0,0,0,0
fer0002595.png,1,8,1,0,0,0,0,0,0,0
fer0002596.png,8,0,0,1,1,0,0,0,0,0
fer0002597.png,10,0,0,0,0,0,0,0,0,0
fer0002598.png,10,0,0,0,0,0,0,0,0,0
fer0002599.png,0,9,1,0,0,0,0,0,0,0
fer0002600.png,0,8,0,0,0,0,1,0,1,0
fer0002601.png,5,5,0,0,0,0,0,0,0,0
fer0002602.png,0,10,0,0,0,0,0,0,0,0
fer0002603.png,7,0,0,1,0,0,0,2,0,0
fer0002604.png,5,0,0,5,0,0,0,0,0,0
fer0002605.png,5,0,0,4,0,0,0,1,0,0
fer0002606.png,0,10,0,0,0,0,0,0,0,0
fer0002607.png,2,8,0,0,0,0,0,0,0,0
fer0002608.png,0,10,0,0,0,0,0,0,0,0
fer0002609.png,8,0,0,1,0,0,0,0,1,0
fer0002610.png,0,0,1,1,6,0,0,0,2,0
fer0002611.png,7,0,0,2,0,0,0,1,0,0
fer0002612.png,0,0,9,0,0,0,0,0,1,0
fer0002613.png,5,0,0,5,0,0,0,0,0,0
fer0002614.png,2,0,0,6,2,0,0,0,0,0
fer0002615.png,0,9,0,0,1,0,0,0,0,0
fer0002616.png,0,10,0,0,0,0,0,0,0,0
fer0002617.png,4,0,0,5,0,0,0,0,1,0
fer0002618.png,2,3,5,0,0,0,0,0,0,0
fer0002619.png,1,4,0,0,5,0,0,0,0,0
fer0002620.png,0,0,0,10,0,0,0,0,0,0
fer0002621.png,1,1,0,2,1,2,0,0,3,0
fer0002622.png,8,1,0,0,0,0,0,0,1,0
fer0002623.png,0,0,6,0,0,0,3,0,1,0
fer0002624.png,0,0,0,8,0,1,0,0,1,0
fer0002625.png,0,10,0,0,0,0,0,0,0,0
fer0002626.png,9,0,0,1,0,0,0,0,0,0
fer0002627.png,8,0,0,1,0,0,0,0,0,1
fer0002628.png,2,8,0,0,0,0,0,0,0,0
fer0002629.png,5,1,0,2,0,0,0,2,0,0
fer0002630.png,1,9,0,0,0,0,0,0,0,0
fer0002631.png,4,0,0,6,0,0,0,0,0,0
fer0002632.png,0,10,0,0,0,0,0,0,0,0
fer0002633.png,6,0,0,3,0,0,0,1,0,0
fer0002634.png,5,0,0,3,1,1,0,0,0,0
fer0002635.png,0,0,7,1,0,0,2,0,0,0
fer0002636.png,0,10,0,0,0,0,0,0,0,0
fer0002637.png,0,0,2,1,0,0,7,0,0,0
fer0002638.png,1,9,0,0,0,0,0,0,0,0
fer0002639.png,1,9,0,0,0,0,0,0,0,0
fer0002640.png,0,0,5,0,0,0,5,0,0,0
fer0002641.png,0,10,0,0,0,0,0,0,0,0
fer0002642.png,0,6,0,0,0,3,0,0,1,0
fer0002643.png,0,10,0,0,0,0,0,0,0,0
fer0002644.png,7,0,0,3,0,0,0,0,0,0
fer0002645.png,0,10,0,0,0,0,0,0,0,0
fer0002646.png,0,10,0,0,0,0,0,0,0,0
fer0002647.png,8,0,0,1,1,0,0,0,0,0
fer0002648.png,0,10,0,0,0,0,0,0,0,0
fer0002649.png,1,0,0,0,0,0,6,0,3,0
fer0002650.png,0,0,0,0,8,1,0,0,1,0
fer0002651.png,0,10,0,0,0,0,0,0,0,0
fer0002652.png,5,0,0,0,2,1,0,1,1,0
fer0002653.png,8,0,0,2,0,0,0,0,0,0
fer0002655.png,6,0,0,1,0,0,0,2,1,0
fer0002656.png,5,4,0,1,0,0,0,0,0,0
fer0002657.png,6,0,2,1,0,1,0,0,0,0
fer0002658.png,3,1,2,4,0,0,0,0,0,0
fer0002659.png,8,0,0,2,0,0,0,0,0,0
fer0002660.png,7,0,1,1,0,1,0,0,0,0
fer0002661.png,0,0,3,0,3,0,4,0,0,0
fer0002662.png,0,10,0,0,0,0,0,0,0,0
fer0002663.png,7,0,0,1,2,0,0,0,0,0
fer0002664.png,1,1,0,0,7,1,0,0,0,0
fer0002665.png,10,0,0,0,0,0,0,0,0,0
fer0002666.png,1,9,0,0,0,0,0,0,0,0
fer0002668.png,4,0,0,0,6,0,0,0,0,0
fer0002669.png,9,0,0,0,0,0,0,1,0,0
fer0002670.png,0,10,0,0,0,0,0,0,0,0
fer0002671.png,3,0,0,2,4,0,0,1,0,0
fer0002672.png,0,0,0,10,0,0,0,0,0,0
fer0002673.png,10,0,0,0,0,0,0,0,0,0
fer0002674.png,0,7,3,0,0,0,0,0,0,0
fer0002675.png,5,0,1,3,0,0,0,0,1,0
fer0002676.png,0,10,0,0,0,0,0,0,0,0
fer0002677.png,2,0,0,6,2,0,0,0,0,0
fer0002678.png,1,0,1,8,0,0,0,0,0,0
fer0002679.png,2,0,0,4,0,0,4,0,0,0
fer0002680.png,0,0,4,0,1,1,1,1,2,0
fer0002681.png,0,10,0,0,0,0,0,0,0,0
fer0002682.png,9,0,0,0,0,0,0,1,0,0
fer0002683.png,5,0,0,3,1,0,0,0,1,0
fer0002684.png,4,0,0,4,1,0,0,0,1,0
fer0002685.png,4,1,0,4,0,0,0,0,1,0
fer0002686.png,1,5,0,2,1,0,0,1,0,0
fer0002687.png,0,0,6,0,0,0,4,0,0,0
fer0002688.png,5,4,0,1,0,0,0,0,0,0
fer0002689.png,9,0,0,0,1,0,0,0,0,0
fer0002690.png,4,0,0,0,1,0,0,5,0,0
fer0002691.png,1,0,1,1,5,0,2,0,0,0
fer0002692.png,0,5,1,0,3,0,0,0,1,0
fer0002693.png,2,0,5,0,0,0,0,0,3,0
fer0002694.png,3,0,0,3,0,2,0,1,1,0
fer0002695.png,2,0,0,3,0,0,0,4,1,0
fer0002696.png,8,0,1,0,0,0,0,0,1,0
fer0002697.png,1,9,0,0,0,0,0,0,0,0
fer0002698.png,0,10,0,0,0,0,0,0,0,0
fer0002699.png,1,0,7,1,1,0,0,0,0,0
fer0002700.png,0,0,1,1,4,0,1,0,3,0
fer0002701.png,10,0,0,0,0,0,0,0,0,0
fer0002702.png,0,9,1,0,0,0,0,0,0,0
fer0002703.png,4,0,0,6,0,0,0,0,0,0
fer0002704.png,7,0,0,0,0,0,0,1,2,0
fer0002705.png,10,0,0,0,0,0,0,0,0,0
fer0002706.png,10,0,0,0,0,0,0,0,0,0
fer0002707.png,8,0,0,2,0,0,0,0,0,0
fer0002708.png,0,0,1,0,9,0,0,0,0,0
fer0002709.png,9,0,0,0,0,0,0,0,1,0
fer0002710.png,3,0,0,6,0,0,0,0,1,0
fer0002711.png,0,10,0,0,0,0,0,0,0,0
fer0002712.png,0,0,9,0,0,0,1,0,0,0
fer0002713.png,5,0,0,5,0,0,0,0,0,0
fer0002714.png,3,0,0,6,0,0,0,0,1,0
fer0002715.png,2,0,0,5,0,0,0,0,3,0
fer0002716.png,2,0,7,0,0,0,0,0,1,0
fer0002717.png,3,0,3,0,0,0,3,0,1,0
fer0002718.png,0,0,9,0,0,0,1,0,0,0
fer0002719.png,0,10,0,0,0,0,0,0,0,0
fer0002720.png,2,0,0,7,0,0,0,0,1,0
fer0002721.png,6,0,0,3,0,0,0,1,0,0
fer0002722.png,3,0,0,5,1,0,0,0,1,0
fer0002723.png,7,0,3,0,0,0,0,0,0,0
fer0002724.png,1,0,0,2,2,0,0,4,1,0
fer0002725.png,0,10,0,0,0,0,0,0,0,0
fer0002726.png,0,10,0,0,0,0,0,0,0,0
fer0002727.png,3,0,0,4,1,0,0,0,2,0
fer0002728.png,0,0,0,9,0,0,0,0,1,0
fer0002729.png,8,1,0,0,0,0,0,0,1,0
fer0002730.png,9,0,0,0,0,0,1,0,0,0
fer0002731.png,0,1,4,0,5,0,0,0,0,0
fer0002732.png,0,0,7,0,0,0,3,0,0,0
fer0002733.png,7,0,0,2,0,0,0,1,0,0
fer0002734.png,0,9,1,0,0,0,0,0,0,0
fer0002735.png,8,0,0,1,0,1,0,0,0,0
fer0002736.png,8,0,0,2,0,0,0,0,0,0
fer0002737.png,7,0,0,2,0,0,0,0,1,0
fer0002738.png,2,0,0,3,0,4,0,1,0,0
fer0002739.png,5,0,2,2,0,0,0,0,1,0
fer0002740.png,2,0,8,0,0,0,0,0,0,0
fer0002741.png,0,9,0,0,0,0,1,0,0,0
fer0002742.png,1,0,1,0,1,7,0,0,0,0
fer0002743.png,7,2,0,0,0,0,0,1,0,0
fer0002744.png,5,0,0,5,0,0,0,0,0,0
fer0002745.png,1,0,0,0,9,0,0,0,0,0
fer0002746.png,9,0,0,0,1,0,0,0,0,0
fer0002747.png,0,0,0,9,0,0,1,0,0,0
fer0002748.png,10,0,0,0,0,0,0,0,0,0
fer0002749.png,7,0,0,2,0,0,0,0,1,0
fer0002750.png,0,9,0,1,0,0,0,0,0,0
fer0002751.png,0,3,7,0,0,0,0,0,0,0
fer0002752.png,0,10,0,0,0,0,0,0,0,0
fer0002753.png,0,9,0,0,0,0,0,1,0,0
fer0002754.png,1,3,6,0,0,0,0,0,0,0
fer0002755.png,1,0,9,0,0,0,0,0,0,0
fer0002756.png,5,0,3,0,0,0,1,0,1,0
fer0002757.png,9,0,0,0,0,0,0,0,1,0
fer0002758.png,1,1,1,1,3,1,0,0,2,0
fer0002759.png,9,0,0,1,0,0,0,0,0,0
fer0002760.png,8,0,0,2,0,0,0,0,0,0
fer0002761.png,0,10,0,0,0,0,0,0,0,0
fer0002762.png,0,10,0,0,0,0,0,0,0,0
fer0002763.png,0,10,0,0,0,0,0,0,0,0
fer0002764.png,1,8,1,0,0,0,0,0,0,0
fer0002765.png,9,0,0,0,0,0,0,0,1,0
fer0002766.png,2,0,1,0,6,0,0,0,1,0
fer0002767.png,0,10,0,0,0,0,0,0,0,0
fer0002768.png,6,0,0,2,0,0,0,1,1,0
fer0002769.png,9,1,0,0,0,0,0,0,0,0
fer0002770.png,0,9,0,0,0,0,0,0,1,0
fer0002771.png,9,0,1,0,0,0,0,0,0,0
fer0002772.png,6,0,0,1,0,0,0,3,0,0
fer0002773.png,10,0,0,0,0,0,0,0,0,0
fer0002774.png,8,0,1,1,0,0,0,0,0,0
fer0002775.png,0,10,0,0,0,0,0,0,0,0
fer0002776.png,1,0,0,8,1,0,0,0,0,0
fer0002777.png,3,0,0,5,2,0,0,0,0,0
fer0002778.png,0,0,0,10,0,0,0,0,0,0
fer0002779.png,0,10,0,0,0,0,0,0,0,0
fer0002780.png,0,10,0,0,0,0,0,0,0,0
fer0002781.png,5,0,0,0,1,1,0,0,3,0
fer0002782.png,4,1,1,0,0,0,3,0,1,0
fer0002783.png,1,0,0,6,3,0,0,0,0,0
fer0002784.png,7,0,0,2,0,0,0,1,0,0
fer0002785.png,7,0,2,0,0,0,0,0,1,0
fer0002786.png,0,9,0,1,0,0,0,0,0,0
fer0002787.png,0,2,0,0,7,0,1,0,0,0
fer0002788.png,3,0,0,7,0,0,0,0,0,0
fer0002789.png,0,10,0,0,0,0,0,0,0,0
fer0002790.png,0,10,0,0,0,0,0,0,0,0
fer0002791.png,4,0,0,0,3,3,0,0,0,0
fer0002792.png,2,5,2,0,1,0,0,0,0,0
fer0002793.png,3,0,0,6,0,0,0,0,1,0
fer0002794.png,8,0,0,1,0,0,0,0,1,0
fer0002795.png,1,1,0,1,7,0,0,0,0,0
fer0002796.png,5,2,0,2,0,0,0,0,1,0
fer0002797.png,0,0,4,0,1,0,5,0,0,0
fer0002798.png,4,0,0,6,0,0,0,0,0,0
fer0002799.png,0,0,0,0,1,4,5,0,0,0
fer0002800.png,1,0,9,0,0,0,0,0,0,0
fer0002801.png,0,10,0,0,0,0,0,0,0,0
fer0002802.png,0,5,4,0,0,0,0,0,1,0
fer0002803.png,0,10,0,0,0,0,0,0,0,0
fer0002804.png,8,2,0,0,0,0,0,0,0,0
fer0002805.png,0,10,0,0,0,0,0,0,0,0
fer0002806.png,0,10,0,0,0,0,0,0,0,0
fer0002807.png,3,0,0,7,0,0,0,0,0,0
fer0002808.png,1,9,0,0,0,0,0,0,0,0
fer0002809.png,0,0,0,0,8,2,0,0,0,0
fer0002810.png,8,0,0,1,0,0,0,0,1,0
fer0002811.png,0,10,0,0,0,0,0,0,0,0
fer0002812.png,0,7,2,0,0,0,0,0,1,0
fer0002813.png,0,3,6,0,0,0,0,0,1,0
fer0002814.png,9,0,1,0,0,0,0,0,0,0
fer0002815.png,0,10,0,0,0,0,0,0,0,0
fer0002816.png,10,0,0,0,0,0,0,0,0,0
fer0002817.png,6,4,0,0,0,0,0,0,0,0
fer0002818.png,8,0,0,2,0,0,0,0,0,0
fer0002819.png,0,10,0,0,0,0,0,0,0,0
fer0002820.png,5,1,0,4,0,0,0,0,0,0
fer0002821.png,6,0,0,0,2,1,0,0,1,0
fer0002822.png,1,0,0,9,0,0,0,0,0,0
fer0002823.png,2,0,4,0,0,0,0,1,3,0
fer0002824.png,7,1,0,0,0,0,1,0,1,0
fer0002825.png,0,0,0,0,10,0,0,0,0,0
fer0002826.png,0,0,2,7,0,0,1,0,0,0
fer0002827.png,2,0,5,2,0,0,1,0,0,0
fer0002828.png,5,4,1,0,0,0,0,0,0,0
fer0002829.png,6,0,0,0,1,0,1,0,2,0
fer0002830.png,0,0,7,0,0,0,3,0,0,0
fer0002831.png,6,0,0,0,3,0,0,0,1,0
fer0002832.png,0,0,7,0,1,0,1,0,1,0
fer0002833.png,6,0,0,3,0,0,0,0,1,0
fer0002834.png,7,0,0,2,0,0,0,0,1,0
fer0002835.png,6,0,0,4,0,0,0,0,0,0
fer0002836.png,0,0,9,0,0,0,1,0,0,0
fer0002837.png,10,0,0,0,0,0,0,0,0,0
fer0002838.png,0,0,1,0,8,0,0,1,0,0
fer0002839.png,1,0,0,1,5,0,0,3,0,0
fer0002840.png,7,1,0,0,1,0,0,0,1,0
fer0002841.png,0,2,5,0,0,0,0,0,3,0
fer0002842.png,0,0,3,0,6,0,0,0,1,0
fer0002843.png,6,0,0,1,0,0,1,0,2,0
fer0002844.png,0,10,0,0,0,0,0,0,0,0
fer0002845.png,8,0,0,2,0,0,0,0,0,0
fer0002846.png,0,10,0,0,0,0,0,0,0,0
fer0002847.png,0,10,0,0,0,0,0,0,0,0
fer0002848.png,0,0,8,0,0,0,2,0,0,0
fer0002849.png,0,10,0,0,0,0,0,0,0,0
fer0002850.png,7,0,0,2,0,0,0,0,1,0
fer0002851.png,7,0,0,2,0,0,0,0,1,0
fer0002852.png,2,8,0,0,0,0,0,0,0,0
fer0002853.png,7,0,0,3,0,0,0,0,0,0
fer0002854.png,0,3,3,0,1,0,2,0,1,0
fer0002855.png,4,0,0,3,3,0,0,0,0,0
fer0002856.png,0,10,0,0,0,0,0,0,0,0
fer0002857.png,2,8,0,0,0,0,0,0,0,0
fer0002858.png,3,0,0,7,0,0,0,0,0,0
fer0002859.png,0,10,0,0,0,0,0,0,0,0
fer0002860.png,9,0,0,0,0,0,0,1,0,0
fer0002861.png,0,10,0,0,0,0,0,0,0,0
fer0002862.png,0,10,0,0,0,0,0,0,0,0
fer0002863.png,0,0,0,10,0,0,0,0,0,0
fer0002864.png,2,8,0,0,0,0,0,0,0,0
fer0002865.png,3,7,0,0,0,0,0,0,0,0
fer0002866.png,9,0,0,0,0,0,0,0,1,0
fer0002867.png,0,10,0,0,0,0,0,0,0,0
fer0002868.png,7,0,0,1,1,0,0,0,1,0
fer0002869.png,7,0,0,1,0,0,1,1,0,0
fer0002870.png,6,2,0,0,0,0,0,0,2,0
fer0002871.png,7,2,0,0,0,0,0,1,0,0
fer0002872.png,0,10,0,0,0,0,0,0,0,0
fer0002873.png,0,0,10,0,0,0,0,0,0,0
fer0002874.png,0,0,0,10,0,0,0,0,0,0
fer0002875.png,0,10,0,0,0,0,0,0,0,0
fer0002876.png,3,0,0,0,6,0,0,0,1,0
fer0002877.png,6,0,0,3,0,0,0,1,0,0
fer0002878.png,0,0,7,0,0,0,2,0,1,0
fer0002879.png,2,0,0,0,7,0,0,0,1,0
fer0002880.png,0,10,0,0,0,0,0,0,0,0
fer0002881.png,7,0,2,0,0,0,0,0,1,0
fer0002882.png,8,0,0,2,0,0,0,0,0,0
fer0002883.png,8,0,0,1,0,0,0,0,1,0
fer0002884.png,8,0,1,0,0,0,0,0,1,0
fer0002885.png,5,0,0,1,4,0,0,0,0,0
fer0002886.png,2,0,4,0,2,1,0,0,1,0
fer0002887.png,5,3,0,0,0,0,0,2,0,0
fer0002888.png,10,0,0,0,0,0,0,0,0,0
fer0002889.png,0,1,8,0,0,0,0,0,1,0
fer0002890.png,8,2,0,0,0,0,0,0,0,0
fer0002891.png,4,0,0,5,0,0,0,1,0,0
fer0002892.png,2,0,0,3,5,0,0,0,0,0
fer0002893.png,0,8,0,0,2,0,0,0,0,0
fer0002894.png,0,1,4,3,0,0,2,0,0,0
fer0002895.png,2,8,0,0,0,0,0,0,0,0
fer0002896.png,10,0,0,0,0,0,0,0,0,0
fer0002897.png,4,0,0,1,3,1,0,0,1,0
fer0002898.png,10,0,0,0,0,0,0,0,0,0
fer0002899.png,0,10,0,0,0,0,0,0,0,0
fer0002900.png,5,0,0,2,1,0,0,1,1,0
fer0002901.png,1,1,0,0,6,0,1,0,1,0
fer0002902.png,0,2,7,0,0,0,0,1,0,0
fer0002903.png,4,0,3,0,2,0,0,0,1,0
fer0002904.png,8,1,0,0,0,0,0,0,1,0
fer0002905.png,3,7,0,0,0,0,0,0,0,0
fer0002906.png,0,9,0,0,0,0,0,0,1,0
fer0002907.png,9,0,0,0,1,0,0,0,0,0
fer0002908.png,0,10,0,0,0,0,0,0,0,0
fer0002909.png,8,2,0,0,0,0,0,0,0,0
fer0002910.png,2,0,1,4,1,0,0,0,2,0
fer0002911.png,7,0,0,3,0,0,0,0,0,0
fer0002912.png,0,10,0,0,0,0,0,0,0,0
fer0002913.png,2,8,0,0,0,0,0,0,0,0
fer0002914.png,0,0,0,1,8,0,0,0,1,0
fer0002915.png,1,6,0,3,0,0,0,0,0,0
fer0002916.png,6,4,0,0,0,0,0,0,0,0
fer0002917.png,0,10,0,0,0,0,0,0,0,0
fer0002918.png,2,0,0,7,0,0,0,0,1,0
fer0002919.png,0,10,0,0,0,0,0,0,0,0
fer0002920.png,0,0,0,0,9,0,0,0,1,0
fer0002921.png,8,0,0,2,0,0,0,0,0,0
fer0002922.png,6,0,2,0,0,0,0,0,2,0
fer0002923.png,0,0,0,6,1,0,0,0,3,0
fer0002924.png,4,0,0,6,0,0,0,0,0,0
fer0002925.png,0,10,0,0,0,0,0,0,0,0
fer0002926.png,0,10,0,0,0,0,0,0,0,0
fer0002927.png,10,0,0,0,0,0,0,0,0,0
fer0002928.png,3,0,1,0,2,3,0,0,1,0
fer0002929.png,10,0,0,0,0,0,0,0,0,0
fer0002930.png,9,0,1,0,0,0,0,0,0,0
fer0002931.png,1,0,5,0,0,0,2,0,2,0
fer0002932.png,3,0,0,6,0,0,0,1,0,0
fer0002933.png,0,10,0,0,0,0,0,0,0,0
fer0002934.png,0,0,1,1,3,0,0,5,0,0
fer0002935.png,4,0,0,5,0,0,0,0,1,0
fer0002936.png,4,0,0,4,0,0,0,0,2,0
fer0002937.png,9,0,0,1,0,0,0,0,0,0
fer0002938.png,1,0,1,8,0,0,0,0,0,0
fer0002939.png,9,0,0,0,1,0,0,0,0,0
fer0002940.png,5,1,0,4,0,0,0,0,0,0
fer0002941.png,0,0,9,0,0,0,1,0,0,0
fer0002942.png,0,10,0,0,0,0,0,0,0,0
fer0002943.png,0,5,5,0,0,0,0,0,0,0
fer0002944.png,1,3,1,1,4,0,0,0,0,0
fer0002945.png,5,0,0,4,0,0,0,0,1,0
fer0002946.png,0,10,0,0,0,0,0,0,0,0
fer0002947.png,0,0,0,10,0,0,0,0,0,0
fer0002948.png,10,0,0,0,0,0,0,0,0,0
fer0002949.png,0,10,0,0,0,0,0,0,0,0
fer0002950.png,8,1,0,1,0,0,0,0,0,0
fer0002951.png,0,0,10,0,0,0,0,0,0,0
fer0002952.png,9,0,0,1,0,0,0,0,0,0
fer0002953.png,2,8,0,0,0,0,0,0,0,0
fer0002954.png,1,0,3,0,6,0,0,0,0,0
fer0002955.png,0,10,0,0,0,0,0,0,0,0
fer0002956.png,2,8,0,0,0,0,0,0,0,0
fer0002957.png,3,0,0,5,0,0,1,0,1,0
fer0002958.png,0,0,9,0,0,0,1,0,0,0
fer0002959.png,1,1,0,8,0,0,0,0,0,0
fer0002960.png,0,10,0,0,0,0,0,0,0,0
fer0002961.png,1,0,1,8,0,0,0,0,0,0
fer0002962.png,3,0,0,3,0,0,0,2,2,0
fer0002963.png,0,6,4,0,0,0,0,0,0,0
fer0002964.png,0,10,0,0,0,0,0,0,0,0
fer0002965.png,0,1,7,0,0,0,2,0,0,0
fer0002966.png,0,10,0,0,0,0,0,0,0,0
fer0002967.png,0,10,0,0,0,0,0,0,0,0
fer0002968.png,7,0,0,1,0,0,0,1,1,0
fer0002969.png,10,0,0,0,0,0,0,0,0,0
fer0002970.png,1,0,0,3,4,0,1,0,1,0
fer0002971.png,0,0,0,0,9,0,0,0,1,0
fer0002972.png,9,0,0,1,0,0,0,0,0,0
fer0002973.png,9,0,0,1,0,0,0,0,0,0
fer0002974.png,0,10,0,0,0,0,0,0,0,0
fer0002975.png,8,0,0,2,0,0,0,0,0,0
fer0002976.png,0,0,3,0,1,1,4,0,1,0
fer0002977.png,2,0,1,3,1,1,0,0,2,0
fer0002978.png,7,0,0,3,0,0,0,0,0,0
fer0002979.png,8,0,0,2,0,0,0,0,0,0
fer0002980.png,1,9,0,0,0,0,0,0,0,0
fer0002981.png,7,0,1,1,1,0,0,0,0,0
fer0002982.png,0,0,0,1,5,0,4,0,0,0
fer0002983.png,0,3,7,0,0,0,0,0,0,0
fer0002984.png,0,1,0,9,0,0,0,0,0,0
fer0002985.png,5,5,0,0,0,0,0,0,0,0
fer0002986.png,0,10,0,0,0,0,0,0,0,0
fer0002987.png,7,0,0,1,1,0,0,1,0,0
fer0002988.png,0,1,8,0,0,0,1,0,0,0
fer0002989.png,4,0,0,5,0,0,0,1,0,0
fer0002990.png,5,0,0,5,0,0,0,0,0,0
fer0002991.png,0,0,0,10,0,0,0,0,0,0
fer0002992.png,0,0,9,0,0,0,1,0,0,0
fer0002993.png,8,0,0,2,0,0,0,0,0,0
fer0002994.png,8,0,1,0,0,0,0,1,0,0
fer0002995.png,0,9,1,0,0,0,0,0,0,0
fer0002996.png,5,3,0,0,0,0,0,1,1,0
fer0002997.png,0,0,8,1,0,0,1,0,0,0
fer0002998.png,0,0,9,0,0,0,1,0,0,0
fer0002999.png,7,0,0,3,0,0,0,0,0,0
fer0003000.png,0,10,0,0,0,0,0,0,0,0
fer0003001.png,10,0,0,0,0,0,0,0,0,0
fer0003002.png,7,0,0,3,0,0,0,0,0,0
fer0003003.png,0,0,7,0,0,0,3,0,0,0
fer0003004.png,8,0,0,2,0,0,0,0,0,0
fer0003005.png,0,8,0,0,0,0,0,0,2,0
fer0003006.png,7,1,2,0,0,0,0,0,0,0
fer0003007.png,2,0,0,6,0,0,0,1,1,0
fer0003008.png,8,0,0,1,0,0,0,1,0,0
fer0003009.png,7,0,0,3,0,0,0,0,0,0
fer0003010.png,0,10,0,0,0,0,0,0,0,0
fer0003011.png,0,10,0,0,0,0,0,0,0,0
fer0003012.png,1,0,7,0,2,0,0,0,0,0
fer0003013.png,6,0,0,4,0,0,0,0,0,0
fer0003014.png,6,1,0,2,0,0,0,1,0,0
fer0003015.png,0,4,6,0,0,0,0,0,0,0
fer0003016.png,0,0,3,0,6,0,0,0,1,0
fer0003017.png,0,10,0,0,0,0,0,0,0,0
fer0003018.png,0,0,0,0,9,0,0,0,1,0
fer0003019.png,0,10,0,0,0,0,0,0,0,0
fer0003020.png,2,0,0,7,0,1,0,0,0,0
fer0003021.png,6,0,0,0,2,1,0,0,1,0
fer0003022.png,0,0,7,1,1,0,1,0,0,0
fer0003023.png,4,0,0,6,0,0,0,0,0,0
fer0003024.png,0,10,0,0,0,0,0,0,0,0
fer0003025.png,4,0,1,1,0,1,0,1,2,0
fer0003026.png,8,0,0,2,0,0,0,0,0,0
fer0003027.png,3,1,0,0,1,2,3,0,0,0
fer0003028.png,4,0,0,6,0,0,0,0,0,0
fer0003029.png,0,7,1,0,2,0,0,0,0,0
fer0003030.png,0,0,0,1,9,0,0,0,0,0
fer0003031.png,5,0,0,2,2,0,1,0,0,0
fer0003032.png,8,0,0,2,0,0,0,0,0,0
fer0003033.png,0,10,0,0,0,0,0,0,0,0
fer0003034.png,6,0,0,2,0,0,0,0,2,0
fer0003035.png,0,0,9,0,0,0,1,0,0,0
fer0003036.png,8,0,0,2,0,0,0,0,0,0
fer0003037.png,0,10,0,0,0,0,0,0,0,0
fer0003038.png,4,0,0,4,0,0,0,1,1,0
fer0003039.png,0,10,0,0,0,0,0,0,0,0
fer0003040.png,0,10,0,0,0,0,0,0,0,0
fer0003041.png,7,2,0,0,1,0,0,0,0,0
fer0003042.png,0,0,9,0,0,0,1,0,0,0
fer0003043.png,4,0,4,0,0,0,2,0,0,0
fer0003044.png,10,0,0,0,0,0,0,0,0,0
fer0003045.png,10,0,0,0,0,0,0,0,0,0
fer0003046.png,10,0,0,0,0,0,0,0,0,0
fer0003047.png,9,0,0,0,1,0,0,0,0,0
fer0003048.png,5,0,0,4,1,0,0,0,0,0
fer0003049.png,0,0,10,0,0,0,0,0,0,0
fer0003050.png,10,0,0,0,0,0,0,0,0,0
fer0003051.png,3,0,0,2,4,1,0,0,0,0
fer0003052.png,2,0,0,6,0,0,0,0,2,0
fer0003053.png,4,0,0,5,0,0,0,0,1,0
fer0003054.png,8,0,0,2,0,0,0,0,0,0
fer0003055.png,0,2,7,0,0,0,0,0,1,0
fer0003056.png,7,0,0,0,0,0,0,3,0,0
fer0003057.png,9,0,0,0,0,0,0,1,0,0
fer0003058.png,3,0,0,6,0,0,0,0,1,0
fer0003059.png,0,10,0,0,0,0,0,0,0,0
fer0003060.png,8,0,0,2,0,0,0,0,0,0
fer0003061.png,5,0,0,3,1,1,0,0,0,0
fer0003062.png,0,9,0,0,0,1,0,0,0,0
fer0003063.png,2,1,0,1,4,1,0,0,1,0
fer0003064.png,0,10,0,0,0,0,0,0,0,0
fer0003065.png,0,10,0,0,0,0,0,0,0,0
fer0003066.png,6,3,0,0,0,0,0,0,1,0
fer0003067.png,10,0,0,0,0,0,0,0,0,0
fer0003068.png,1,4,1,0,0,0,4,0,0,0
fer0003069.png,0,0,0,10,0,0,0,0,0,0
fer0003070.png,1,0,0,8,0,1,0,0,0,0
fer0003071.png,3,7,0,0,0,0,0,0,0,0
fer0003072.png,0,10,0,0,0,0,0,0,0,0
fer0003073.png,1,0,0,2,6,1,0,0,0,0
fer0003074.png,9,0,1,0,0,0,0,0,0,0
fer0003075.png,1,0,0,6,0,0,0,1,2,0
fer0003076.png,4,0,0,5,0,0,0,0,1,0
fer0003077.png,9,0,0,1,0,0,0,0,0,0
fer0003078.png,0,10,0,0,0,0,0,0,0,0
fer0003079.png,0,10,0,0,0,0,0,0,0,0
fer0003080.png,0,10,0,0,0,0,0,0,0,0
fer0003081.png,1,9,0,0,0,0,0,0,0,0
fer0003082.png,5,0,1,0,4,0,0,0,0,0
fer0003083.png,0,0,0,1,7,0,0,0,2,0
fer0003084.png,8,0,0,1,0,0,0,0,1,0
fer0003085.png,1,3,2,1,0,1,0,0,2,0
fer0003086.png,1,0,2,2,0,0,0,4,1,0
fer0003087.png,3,7,0,0,0,0,0,0,0,0
fer0003088.png,10,0,0,0,0,0,0,0,0,0
fer0003089.png,7,0,1,0,0,1,0,0,1,0
fer0003090.png,6,0,2,2,0,0,0,0,0,0
fer0003091.png,7,0,0,0,2,0,0,0,1,0
fer0003092.png,3,0,6,0,1,0,0,0,0,0
fer0003093.png,6,2,2,0,0,0,0,0,0,0
fer0003094.png,4,0,0,2,1,1,0,2,0,0
fer0003095.png,3,0,1,3,0,0,0,1,2,0
fer0003096.png,2,1,3,0,0,3,1,0,0,0
fer0003097.png,1,0,0,1,8,0,0,0,0,0
fer0003098.png,0,2,3,0,4,0,1,0,0,0
fer0003099.png,0,10,0,0,0,0,0,0,0,0
fer0003100.png,7,0,0,2,0,0,0,0,1,0
fer0003101.png,0,10,0,0,0,0,0,0,0,0
fer0003102.png,0,10,0,0,0,0,0,0,0,0
fer0003103.png,1,0,7,0,1,0,1,0,0,0
fer0003104.png,9,0,0,1,0,0,0,0,0,0
fer0003105.png,0,10,0,0,0,0,0,0,0,0
fer0003106.png,2,0,0,8,0,0,0,0,0,0
fer0003107.png,2,1,0,3,0,0,4,0,0,0
fer0003108.png,2,1,0,2,1,3,0,0,1,0
fer0003109.png,8,0,0,1,0,1,0,0,0,0
fer0003110.png,9,0,0,0,1,0,0,0,0,0
fer0003111.png,0,10,0,0,0,0,0,0,0,0
fer0003112.png,1,9,0,0,0,0,0,0,0,0
fer0003113.png,1,0,0,9,0,0,0,0,0,0
fer0003114.png,3,0,0,1,3,1,1,0,1,0
fer0003115.png,0,10,0,0,0,0,0,0,0,0
fer0003116.png,3,0,0,0,1,2,0,3,1,0
fer0003117.png,1,9,0,0,0,0,0,0,0,0
fer0003118.png,10,0,0,0,0,0,0,0,0,0
fer0003119.png,2,0,0,5,0,1,0,2,0,0
fer0003120.png,8,0,0,1,0,0,0,1,0,0
fer0003121.png,3,0,1,5,0,0,1,0,0,0
fer0003122.png,6,0,0,1,0,0,0,2,1,0
fer0003123.png,2,0,1,7,0,0,0,0,0,0
fer0003124.png,3,0,0,6,0,0,0,0,1,0
fer0003125.png,0,0,5,3,0,0,2,0,0,0
fer0003126.png,0,10,0,0,0,0,0,0,0,0
fer0003127.png,0,10,0,0,0,0,0,0,0,0
fer0003128.png,4,0,0,4,0,0,0,1,1,0
fer0003129.png,7,1,0,1,0,1,0,0,0,0
fer0003130.png,0,0,10,0,0,0,0,0,0,0
fer0003131.png,3,7,0,0,0,0,0,0,0,0
fer0003132.png,0,0,1,0,9,0,0,0,0,0
fer0003133.png,0,10,0,0,0,0,0,0,0,0
fer0003134.png,10,0,0,0,0,0,0,0,0,0
fer0003135.png,9,0,0,1,0,0,0,0,0,0
fer0003136.png,1,0,0,9,0,0,0,0,0,0
fer0003137.png,0,1,0,0,9,0,0,0,0,0
fer0003138.png,2,0,0,8,0,0,0,0,0,0
fer0003139.png,1,9,0,0,0,0,0,0,0,0
fer0003140.png,0,9,1,0,0,0,0,0,0,0
fer0003141.png,0,10,0,0,0,0,0,0,0,0
fer0003142.png,0,0,10,0,0,0,0,0,0,0
fer0003143.png,10,0,0,0,0,0,0,0,0,0
fer0003144.png,1,0,0,9,0,0,0,0,0,0
fer0003145.png,0,0,10,0,0,0,0,0,0,0
fer0003146.png,0,0,1,0,7,0,1,0,1,0
fer0003147.png,0,0,10,0,0,0,0,0,0,0
fer0003148.png,10,0,0,0,0,0,0,0,0,0
fer0003149.png,8,1,0,1,0,0,0,0,0,0
fer0003150.png,10,0,0,0,0,0,0,0,0,0
fer0003151.png,10,0,0,0,0,0,0,0,0,0
fer0003152.png,1,0,9,0,0,0,0,0,0,0
fer0003153.png,2,8,0,0,0,0,0,0,0,0
fer0003154.png,0,10,0,0,0,0,0,0,0,0
fer0003155.png,8,0,0,2,0,0,0,0,0,0
fer0003156.png,3,0,0,4,3,0,0,0,0,0
fer0003157.png,0,10,0,0,0,0,0,0,0,0
fer0003158.png,10,0,0,0,0,0,0,0,0,0
fer0003159.png,0,9,0,0,0,0,0,1,0,0
fer0003160.png,6,4,0,0,0,0,0,0,0,0
fer0003161.png,10,0,0,0,0,0,0,0,0,0
fer0003162.png,1,0,0,9,0,0,0,0,0,0
fer0003163.png,6,0,0,1,0,0,0,3,0,0
fer0003164.png,8,0,0,0,0,0,0,0,2,0
fer0003165.png,0,0,10,0,0,0,0,0,0,0
fer0003166.png,8,0,1,0,0,1,0,0,0,0
fer0003167.png,1,9,0,0,0,0,0,0,0,0
fer0003168.png,8,0,1,0,0,0,0,0,1,0
fer0003169.png,10,0,0,0,0,0,0,0,0,0
fer0003170.png,4,6,0,0,0,0,0,0,0,0
fer0003171.png,6,0,0,4,0,0,0,0,0,0
fer0003173.png,0,10,0,0,0,0,0,0,0,0
fer0003174.png,10,0,0,0,0,0,0,0,0,0
fer0003175.png,6,0,0,4,0,0,0,0,0,0
fer0003176.png,1,0,6,1,0,0,1,0,1,0
fer0003177.png,1,9,0,0,0,0,0,0,0,0
fer0003178.png,2,0,0,0,5,1,0,1,1,0
fer0003179.png,6,0,0,2,0,0,0,0,2,0
fer0003181.png,2,0,0,0,7,1,0,0,0,0
fer0003182.png,4,1,0,4,0,0,0,0,1,0
fer0003183.png,4,0,2,0,2,0,0,0,2,0
fer0003184.png,0,5,4,0,0,0,0,0,1,0
fer0003185.png,8,0,0,2,0,0,0,0,0,0
fer0003186.png,9,0,0,0,0,0,0,0,1,0
fer0003187.png,1,0,7,0,0,0,1,0,1,0
fer0003188.png,1,4,5,0,0,0,0,0,0,0
fer0003189.png,0,10,0,0,0,0,0,0,0,0
fer0003190.png,1,0,0,8,0,1,0,0,0,0
fer0003191.png,1,0,0,5,0,0,1,0,3,0
fer0003192.png,7,0,1,1,1,0,0,0,0,0
fer0003193.png,10,0,0,0,0,0,0,0,0,0
fer0003194.png,0,10,0,0,0,0,0,0,0,0
fer0003195.png,0,10,0,0,0,0,0,0,0,0
fer0003196.png,0,0,10,0,0,0,0,0,0,0
fer0003197.png,0,10,0,0,0,0,0,0,0,0
fer0003198.png,5,0,0,3,1,0,0,1,0,0
fer0003199.png,7,0,0,0,0,0,0,3,0,0
fer0003200.png,8,1,0,0,0,0,0,0,1,0
fer0003201.png,0,4,4,0,2,0,0,0,0,0
fer0003202.png,0,10,0,0,0,0,0,0,0,0
fer0003203.png,0,7,1,0,1,0,0,0,1,0
fer0003204.png,0,10,0,0,0,0,0,0,0,0
fer0003205.png,0,10,0,0,0,0,0,0,0,0
fer0003206.png,5,0,0,4,0,0,0,1,0,0
fer0003207.png,7,2,0,0,0,0,0,0,1,0
fer0003208.png,1,8,1,0,0,0,0,0,0,0
fer0003209.png,6,0,0,1,3,0,0,0,0,0
fer0003210.png,3,7,0,0,0,0,0,0,0,0
fer0003211.png,0,10,0,0,0,0,0,0,0,0
fer0003212.png,0,10,0,0,0,0,0,0,0,0
fer0003213.png,0,8,1,0,0,0,1,0,0,0
fer0003214.png,1,1,4,0,3,0,0,0,1,0
fer0003215.png,10,0,0,0,0,0,0,0,0,0
fer0003216.png,8,0,0,2,0,0,0,0,0,0
fer0003217.png,4,0,0,6,0,0,0,0,0,0
fer0003218.png,1,2,6,0,0,0,0,0,1,0
fer0003219.png,0,1,7,0,1,0,1,0,0,0
fer0003220.png,8,0,0,1,0,0,0,0,1,0
fer0003221.png,1,0,0,1,5,0,0,1,2,0
fer0003222.png,0,2,0,6,0,0,2,0,0,0
fer0003223.png,10,0,0,0,0,0,0,0,0,0
fer0003224.png,6,0,0,0,0,0,0,0,4,0
fer0003225.png,1,3,6,0,0,0,0,0,0,0
fer0003226.png,2,8,0,0,0,0,0,0,0,0
fer0003227.png,3,0,4,0,3,0,0,0,0,0
fer0003228.png,0,10,0,0,0,0,0,0,0,0
fer0003229.png,0,6,2,0,1,0,0,0,1,0
fer0003230.png,9,0,0,1,0,0,0,0,0,0
fer0003231.png,10,0,0,0,0,0,0,0,0,0
fer0003232.png,7,0,1,1,0,0,0,0,1,0
fer0003233.png,0,0,0,10,0,0,0,0,0,0
fer0003234.png,0,0,10,0,0,0,0,0,0,0
fer0003235.png,8,0,1,0,0,0,0,0,1,0
fer0003236.png,0,0,2,0,8,0,0,0,0,0
fer0003237.png,3,0,2,0,0,0,5,0,0,0
fer0003238.png,0,10,0,0,0,0,0,0,0,0
fer0003239.png,10,0,0,0,0,0,0,0,0,0
fer0003240.png,3,6,1,0,0,0,0,0,0,0
fer0003241.png,0,10,0,0,0,0,0,0,0,0
fer0003242.png,4,5,0,0,0,0,0,0,1,0
fer0003243.png,0,1,2,0,6,0,0,0,1,0
fer0003244.png,8,0,0,0,1,0,0,0,1,0
fer0003245.png,0,10,0,0,0,0,0,0,0,0
fer0003246.png,1,7,2,0,0,0,0,0,0,0
fer0003247.png,4,0,0,0,3,1,0,2,0,0
fer0003248.png,0,3,0,5,0,1,0,1,0,0
fer0003249.png,2,1,0,0,5,1,1,0,0,0
fer0003250.png,0,0,9,0,0,0,1,0,0,0
fer0003251.png,2,0,0,6,0,0,0,1,1,0
fer0003252.png,0,10,0,0,0,0,0,0,0,0
fer0003253.png,8,0,0,1,0,0,0,1,0,0
fer0003254.png,10,0,0,0,0,0,0,0,0,0
fer0003255.png,0,7,1,0,0,1,0,0,1,0
fer0003256.png,0,10,0,0,0,0,0,0,0,0
fer0003257.png,4,0,0,6,0,0,0,0,0,0
fer0003258.png,10,0,0,0,0,0,0,0,0,0
fer0003259.png,10,0,0,0,0,0,0,0,0,0
fer0003260.png,10,0,0,0,0,0,0,0,0,0
fer0003261.png,0,10,0,0,0,0,0,0,0,0
fer0003262.png,5,0,4,0,1,0,0,0,0,0
fer0003263.png,1,0,1,0,2,0,6,0,0,0
fer0003264.png,0,5,4,1,0,0,0,0,0,0
fer0003265.png,0,0,0,7,3,0,0,0,0,0
fer0003266.png,6,4,0,0,0,0,0,0,0,0
fer0003267.png,0,0,0,0,9,0,0,0,1,0
fer0003268.png,10,0,0,0,0,0,0,0,0,0
fer0003269.png,2,0,0,3,0,1,0,4,0,0
fer0003270.png,0,10,0,0,0,0,0,0,0,0
fer0003271.png,8,0,0,0,0,0,0,0,2,0
fer0003272.png,0,10,0,0,0,0,0,0,0,0
fer0003273.png,3,1,0,4,0,0,0,0,2,0
fer0003274.png,7,2,0,0,0,0,0,0,1,0
fer0003275.png,0,10,0,0,0,0,0,0,0,0
fer0003276.png,6,0,0,3,0,0,0,0,1,0
fer0003277.png,1,0,7,0,0,0,2,0,0,0
fer0003278.png,1,0,9,0,0,0,0,0,0,0
fer0003279.png,4,0,6,0,0,0,0,0,0,0
fer0003280.png,0,0,1,0,2,2,1,4,0,0
fer0003281.png,2,6,0,0,0,0,0,2,0,0
fer0003282.png,6,0,0,2,0,0,0,1,1,0
fer0003283.png,0,3,7,0,0,0,0,0,0,0
fer0003284.png,6,0,0,2,1,0,0,0,1,0
fer0003285.png,0,0,10,0,0,0,0,0,0,0
fer0003286.png,0,0,0,0,6,4,0,0,0,0
fer0003287.png,4,5,0,0,0,0,0,1,0,0
fer0003288.png,9,0,0,0,0,0,0,1,0,0
fer0003289.png,0,9,0,0,0,0,0,0,1,0
fer0003290.png,6,0,2,0,2,0,0,0,0,0
fer0003291.png,2,0,0,8,0,0,0,0,0,0
fer0003292.png,0,10,0,0,0,0,0,0,0,0
fer0003293.png,5,5,0,0,0,0,0,0,0,0
fer0003294.png,0,10,0,0,0,0,0,0,0,0
fer0003295.png,0,10,0,0,0,0,0,0,0,0
fer0003296.png,4,1,0,5,0,0,0,0,0,0
fer0003297.png,0,0,1,2,5,0,0,0,2,0
fer0003298.png,6,0,0,3,0,0,0,1,0,0
fer0003299.png,8,2,0,0,0,0,0,0,0,0
fer0003300.png,0,0,0,10,0,0,0,0,0,0
fer0003301.png,6,0,0,4,0,0,0,0,0,0
fer0003302.png,3,1,0,5,0,0,0,0,1,0
fer0003303.png,0,8,2,0,0,0,0,0,0,0
fer0003304.png,0,10,0,0,0,0,0,0,0,0
fer0003305.png,0,10,0,0,0,0,0,0,0,0
fer0003306.png,8,0,0,0,0,0,0,1,1,0
fer0003307.png,0,10,0,0,0,0,0,0,0,0
fer0003308.png,5,0,0,3,0,1,0,0,1,0
fer0003309.png,0,8,0,0,0,1,0,0,1,0
fer0003310.png,2,0,0,6,0,0,2,0,0,0
fer0003311.png,8,0,1,0,0,0,1,0,0,0
fer0003312.png,1,9,0,0,0,0,0,0,0,0
fer0003313.png,4,1,0,0,4,1,0,0,0,0
fer0003314.png,0,0,1,0,9,0,0,0,0,0
fer0003315.png,6,3,0,0,0,0,0,0,1,0
fer0003316.png,0,0,3,1,0,0,5,0,1,0
fer0003317.png,7,0,2,1,0,0,0,0,0,0
fer0003318.png,1,9,0,0,0,0,0,0,0,0
fer0003319.png,9,1,0,0,0,0,0,0,0,0
fer0003320.png,6,0,0,2,0,0,0,2,0,0
fer0003321.png,2,0,1,0,0,1,0,2,4,0
fer0003322.png,5,0,0,4,0,0,0,0,1,0
fer0003323.png,8,0,0,0,2,0,0,0,0,0
fer0003324.png,7,0,0,0,1,0,0,0,2,0
fer0003325.png,2,0,0,1,7,0,0,0,0,0
fer0003326.png,1,0,0,7,0,0,2,0,0,0
fer0003327.png,7,0,1,0,0,0,0,0,2,0
fer0003328.png,2,0,0,0,7,0,0,0,1,0
fer0003329.png,0,10,0,0,0,0,0,0,0,0
fer0003331.png,2,0,0,7,0,0,1,0,0,0
fer0003332.png,0,10,0,0,0,0,0,0,0,0
fer0003333.png,3,0,0,5,0,1,0,0,1,0
fer0003334.png,9,1,0,0,0,0,0,0,0,0
fer0003335.png,0,0,0,10,0,0,0,0,0,0
fer0003336.png,2,0,0,6,1,1,0,0,0,0
fer0003337.png,2,0,7,0,0,0,0,0,1,0
fer0003338.png,0,0,1,1,7,0,0,0,1,0
fer0003339.png,0,9,1,0,0,0,0,0,0,0
fer0003340.png,5,5,0,0,0,0,0,0,0,0
fer0003341.png,1,0,0,4,3,1,0,0,1,0
fer0003342.png,0,8,2,0,0,0,0,0,0,0
fer0003343.png,5,0,0,3,1,0,0,0,1,0
fer0003344.png,4,0,0,2,0,0,0,0,4,0
fer0003345.png,0,10,0,0,0,0,0,0,0,0
fer0003346.png,1,1,0,8,0,0,0,0,0,0
fer0003347.png,9,0,0,1,0,0,0,0,0,0
fer0003348.png,1,0,9,0,0,0,0,0,0,0
fer0003349.png,8,0,0,0,0,2,0,0,0,0
fer0003350.png,5,0,0,2,1,0,0,1,1,0
fer0003351.png,9,0,0,0,0,0,0,0,1,0
fer0003352.png,0,9,1,0,0,0,0,0,0,0
fer0003353.png,8,0,0,2,0,0,0,0,0,0
fer0003354.png,3,0,0,0,4,2,0,0,1,0
fer0003355.png,0,10,0,0,0,0,0,0,0,0
fer0003356.png,1,0,7,0,0,0,0,0,2,0
fer0003357.png,10,0,0,0,0,0,0,0,0,0
fer0003358.png,1,9,0,0,0,0,0,0,0,0
fer0003359.png,7,0,0,3,0,0,0,0,0,0
fer0003360.png,1,9,0,0,0,0,0,0,0,0
fer0003361.png,4,0,3,2,0,0,0,0,1,0
fer0003362.png,7,0,0,0,1,0,0,1,1,0
fer0003363.png,0,10,0,0,0,0,0,0,0,0
fer0003364.png,0,0,1,0,8,0,0,0,1,0
fer0003365.png,7,3,0,0,0,0,0,0,0,0
fer0003366.png,8,0,0,1,0,0,0,1,0,0
fer0003367.png,3,0,0,6,0,0,0,0,1,0
fer0003368.png,2,0,7,0,0,0,0,0,1,0
fer0003369.png,10,0,0,0,0,0,0,0,0,0
fer0003370.png,0,0,0,2,0,0,7,0,1,0
fer0003371.png,5,0,1,2,0,0,0,2,0,0
fer0003372.png,8,0,0,1,0,1,0,0,0,0
fer0003373.png,4,0,1,0,1,3,0,0,1,0
fer0003374.png,9,1,0,0,0,0,0,0,0,0
fer0003375.png,5,0,1,2,0,0,0,1,1,0
fer0003376.png,6,0,2,1,0,0,0,0,1,0
fer0003377.png,10,0,0,0,0,0,0,0,0,0
fer0003378.png,8,0,1,1,0,0,0,0,0,0
fer0003380.png,0,0,5,0,5,0,0,0,0,0
fer0003381.png,0,0,0,0,9,0,0,0,1,0
fer0003382.png,4,0,0,5,0,0,0,0,1,0
fer0003383.png,0,10,0,0,0,0,0,0,0,0
fer0003384.png,0,1,0,9,0,0,0,0,0,0
fer0003385.png,0,0,2,3,1,0,3,0,1,0
fer0003386.png,0,8,2,0,0,0,0,0,0,0
fer0003387.png,1,1,3,0,4,0,0,0,1,0
fer0003388.png,5,0,0,4,0,0,1,0,0,0
fer0003389.png,8,0,0,1,1,0,0,0,0,0
fer0003390.png,5,0,0,2,0,0,0,0,3,0
fer0003391.png,3,3,0,4,0,0,0,0,0,0
fer0003392.png,0,9,1,0,0,0,0,0,0,0
fer0003393.png,9,0,0,1,0,0,0,0,0,0
fer0003394.png,5,0,0,1,0,0,0,2,2,0
fer0003395.png,0,10,0,0,0,0,0,0,0,0
fer0003396.png,5,0,0,2,0,0,0,0,3,0
fer0003398.png,8,0,0,2,0,0,0,0,0,0
fer0003399.png,0,10,0,0,0,0,0,0,0,0
fer0003400.png,6,0,0,2,0,0,0,2,0,0
fer0003401.png,0,10,0,0,0,0,0,0,0,0
fer0003402.png,0,10,0,0,0,0,0,0,0,0
fer0003403.png,0,8,0,0,0,0,1,0,1,0
fer0003404.png,0,10,0,0,0,0,0,0,0,0
fer0003405.png,0,7,3,0,0,0,0,0,0,0
fer0003406.png,0,0,2,0,7,0,0,0,1,0
fer0003407.png,9,0,1,0,0,0,0,0,0,0
fer0003408.png,0,10,0,0,0,0,0,0,0,0
fer0003409.png,5,0,0,0,1,2,0,2,0,0
fer0003410.png,0,5,4,0,0,0,0,0,1,0
fer0003411.png,1,9,0,0,0,0,0,0,0,0
fer0003412.png,7,0,1,2,0,0,0,0,0,0
fer0003413.png,6,0,0,0,2,0,1,0,1,0
fer0003414.png,0,0,0,9,0,0,0,0,1,0
fer0003415.png,0,10,0,0,0,0,0,0,0,0
fer0003416.png,0,10,0,0,0,0,0,0,0,0
fer0003417.png,0,0,10,0,0,0,0,0,0,0
fer0003418.png,9,1,0,0,0,0,0,0,0,0
fer0003419.png,3,0,1,0,0,0,6,0,0,0
fer0003420.png,0,9,1,0,0,0,0,0,0,0
fer0003421.png,0,10,0,0,0,0,0,0,0,0
fer0003422.png,4,0,1,5,0,0,0,0,0,0
fer0003423.png,0,0,0,10,0,0,0,0,0,0
fer0003424.png,0,0,3,1,0,0,6,0,0,0
fer0003425.png,1,9,0,0,0,0,0,0,0,0
fer0003426.png,1,0,0,9,0,0,0,0,0,0
fer0003427.png,9,0,0,1,0,0,0,0,0,0
fer0003428.png,0,4,3,0,1,0,0,0,2,0
fer0003429.png,0,1,5,1,0,0,3,0,0,0
fer0003430.png,0,0,2,0,1,1,6,0,0,0
fer0003431.png,0,1,0,9,0,0,0,0,0,0
fer0003432.png,1,0,0,4,0,1,3,0,1,0
fer0003433.png,1,1,2,2,0,0,3,0,1,0
fer0003434.png,0,10,0,0,0,0,0,0,0,0
fer0003435.png,8,0,0,1,1,0,0,0,0,0
fer0003436.png,0,2,0,0,8,0,0,0,0,0
fer0003437.png,0,0,1,0,0,0,6,1,2,0
fer0003438.png,6,0,1,0,2,0,0,0,1,0
fer0003439.png,6,0,4,0,0,0,0,0,0,0
fer0003440.png,0,0,3,0,0,0,7,0,0,0
fer0003441.png,1,9,0,0,0,0,0,0,0,0
fer0003442.png,4,1,3,0,0,0,0,0,2,0
fer0003443.png,5,1,0,2,0,1,0,0,1,0
fer0003444.png,4,3,0,2,0,0,0,1,0,0
fer0003445.png,3,0,5,0,0,0,0,0,2,0
fer0003446.png,0,10,0,0,0,0,0,0,0,0
fer0003447.png,6,0,1,3,0,0,0,0,0,0
fer0003448.png,0,10,0,0,0,0,0,0,0,0
fer0003449.png,3,6,0,0,0,0,0,0,1,0
fer0003450.png,4,0,0,4,1,0,0,0,1,0
fer0003451.png,0,10,0,0,0,0,0,0,0,0
fer0003452.png,0,0,1,4,0,0,2,0,3,0
fer0003453.png,1,5,4,0,0,0,0,0,0,0
fer0003454.png,0,10,0,0,0,0,0,0,0,0
fer0003455.png,6,2,1,0,1,0,0,0,0,0
fer0003456.png,0,0,9,0,0,0,1,0,0,0
fer0003457.png,0,0,0,10,0,0,0,0,0,0
fer0003458.png,5,2,3,0,0,0,0,0,0,0
fer0003459.png,0,10,0,0,0,0,0,0,0,0
fer0003460.png,8,0,2,0,0,0,0,0,0,0
fer0003461.png,1,0,0,0,7,0,0,1,1,0
fer0003462.png,0,10,0,0,0,0,0,0,0,0
fer0003463.png,1,0,0,9,0,0,0,0,0,0
fer0003464.png,0,1,9,0,0,0,0,0,0,0
fer0003465.png,7,0,0,3,0,0,0,0,0,0
fer0003466.png,9,0,0,1,0,0,0,0,0,0
fer0003467.png,0,0,10,0,0,0,0,0,0,0
fer0003468.png,0,10,0,0,0,0,0,0,0,0
fer0003469.png,1,5,4,0,0,0,0,0,0,0
fer0003470.png,2,0,0,8,0,0,0,0,0,0
fer0003471.png,8,0,0,2,0,0,0,0,0,0
fer0003472.png,0,10,0,0,0,0,0,0,0,0
fer0003473.png,3,0,6,0,0,0,0,0,1,0
fer0003474.png,1,1,0,8,0,0,0,0,0,0
fer0003475.png,0,10,0,0,0,0,0,0,0,0
fer0003476.png,4,1,0,0,3,2,0,0,0,0
fer0003477.png,3,7,0,0,0,0,0,0,0,0
fer0003478.png,1,9,0,0,0,0,0,0,0,0
fer0003479.png,8,0,0,2,0,0,0,0,0,0
fer0003480.png,0,2,3,0,5,0,0,0,0,0
fer0003481.png,0,10,0,0,0,0,0,0,0,0
fer0003482.png,0,10,0,0,0,0,0,0,0,0
fer0003483.png,0,0,2,1,6,0,0,0,1,0
fer0003484.png,0,10,0,0,0,0,0,0,0,0
fer0003485.png,10,0,0,0,0,0,0,0,0,0
fer0003486.png,9,0,0,0,1,0,0,0,0,0
fer0003487.png,5,5,0,0,0,0,0,0,0,0
fer0003488.png,2,0,0,4,0,0,0,2,2,0
fer0003489.png,5,0,0,3,0,1,0,0,1,0
fer0003490.png,1,9,0,0,0,0,0,0,0,0
fer0003491.png,3,0,0,4,0,0,0,1,2,0
fer0003492.png,10,0,0,0,0,0,0,0,0,0
fer0003493.png,0,9,1,0,0,0,0,0,0,0
fer0003494.png,9,0,0,0,0,0,0,0,1,0
fer0003495.png,2,5,2,0,0,0,0,0,1,0
fer0003496.png,4,1,0,5,0,0,0,0,0,0
fer0003497.png,1,6,2,0,1,0,0,0,0,0
fer0003498.png,0,10,0,0,0,0,0,0,0,0
fer0003499.png,6,0,0,2,0,0,0,1,1,0
fer0003500.png,7,0,0,2,0,0,0,0,1,0
fer0003501.png,3,0,0,2,5,0,0,0,0,0
fer0003502.png,4,0,0,5,0,0,0,0,1,0
fer0003503.png,0,0,9,0,0,0,1,0,0,0
fer0003504.png,7,3,0,0,0,0,0,0,0,0
fer0003505.png,7,1,1,1,0,0,0,0,0,0
fer0003506.png,8,0,0,0,1,0,0,0,1,0
fer0003507.png,0,10,0,0,0,0,0,0,0,0
fer0003508.png,0,10,0,0,0,0,0,0,0,0
fer0003509.png,0,1,5,0,0,0,4,0,0,0
fer0003510.png,2,0,2,4,1,0,1,0,0,0
fer0003511.png,0,0,7,0,0,0,3,0,0,0
fer0003512.png,0,0,0,6,3,1,0,0,0,0
fer0003513.png,0,10,0,0,0,0,0,0,0,0
fer0003514.png,9,0,0,0,0,0,1,0,0,0
fer0003515.png,2,0,0,0,2,1,4,0,1,0
fer0003516.png,6,0,0,1,1,0,1,0,1,0
fer0003517.png,2,6,0,0,0,0,0,0,2,0
fer0003518.png,0,10,0,0,0,0,0,0,0,0
fer0003519.png,0,1,9,0,0,0,0,0,0,0
fer0003520.png,0,10,0,0,0,0,0,0,0,0
fer0003521.png,1,9,0,0,0,0,0,0,0,0
fer0003522.png,0,8,1,0,0,1,0,0,0,0
fer0003523.png,2,0,0,7,0,0,0,0,1,0
fer0003524.png,0,10,0,0,0,0,0,0,0,0
fer0003525.png,0,10,0,0,0,0,0,0,0,0
fer0003526.png,0,9,0,0,0,1,0,0,0,0
fer0003527.png,8,0,0,0,0,0,0,0,2,0
fer0003528.png,0,0,0,10,0,0,0,0,0,0
fer0003529.png,8,0,0,1,1,0,0,0,0,0
fer0003530.png,1,0,9,0,0,0,0,0,0,0
fer0003531.png,8,1,0,0,0,0,0,0,1,0
fer0003532.png,0,10,0,0,0,0,0,0,0,0
fer0003533.png,3,0,0,0,5,0,0,0,2,0
fer0003534.png,1,2,0,0,7,0,0,0,0,0
fer0003535.png,2,0,0,6,0,0,0,0,2,0
fer0003536.png,5,0,0,1,3,0,0,0,1,0
fer0003537.png,1,8,0,0,0,0,0,0,1,0
fer0003538.png,2,0,0,8,0,0,0,0,0,0
fer0003539.png,9,1,0,0,0,0,0,0,0,0
fer0003540.png,8,0,0,2,0,0,0,0,0,0
fer0003541.png,6,0,0,4,0,0,0,0,0,0
fer0003542.png,2,0,0,7,0,0,0,1,0,0
fer0003544.png,0,0,8,0,0,0,2,0,0,0
fer0003545.png,0,4,0,0,6,0,0,0,0,0
fer0003546.png,0,10,0,0,0,0,0,0,0,0
fer0003547.png,9,0,0,0,1,0,0,0,0,0
fer0003548.png,0,0,0,0,9,0,0,1,0,0
fer0003549.png,8,0,0,0,1,0,1,0,0,0
fer0003550.png,1,0,9,0,0,0,0,0,0,0
fer0003551.png,4,0,0,1,1,0,0,1,3,0
fer0003552.png,0,0,1,1,7,0,0,0,1,0
fer0003553.png,0,10,0,0,0,0,0,0,0,0
fer0003554.png,10,0,0,0,0,0,0,0,0,0
fer0003555.png,5,0,0,4,0,0,0,0,1,0
fer0003556.png,0,10,0,0,0,0,0,0,0,0
fer0003557.png,0,10,0,0,0,0,0,0,0,0
fer0003558.png,1,0,0,0,8,0,0,0,1,0
fer0003559.png,0,0,1,0,9,0,0,0,0,0
fer0003560.png,7,3,0,0,0,0,0,0,0,0
fer0003561.png,8,0,0,2,0,0,0,0,0,0
fer0003562.png,5,0,3,1,0,0,0,0,1,0
fer0003563.png,0,0,9,0,0,0,1,0,0,0
fer0003564.png,1,9,0,0,0,0,0,0,0,0
fer0003565.png,3,0,0,2,0,0,0,3,2,0
fer0003566.png,7,0,0,2,0,0,0,0,1,0
fer0003567.png,0,0,9,0,0,0,1,0,0,0
fer0003568.png,1,8,0,0,0,0,0,0,1,0
fer0003569.png,9,0,0,0,0,0,0,0,1,0
fer0003570.png,0,10,0,0,0,0,0,0,0,0
fer0003571.png,0,0,1,0,0,0,9,0,0,0
fer0003572.png,0,9,0,0,0,1,0,0,0,0
fer0003573.png,1,9,0,0,0,0,0,0,0,0
fer0003574.png,1,6,0,0,3,0,0,0,0,0
fer0003575.png,9,0,0,0,0,0,0,0,1,0
fer0003576.png,9,0,0,0,1,0,0,0,0,0
fer0003577.png,6,0,0,0,1,0,0,3,0,0
fer0003578.png,0,1,1,4,0,0,3,0,1,0
fer0003579.png,0,10,0,0,0,0,0,0,0,0
fer0003580.png,2,1,0,1,5,0,0,0,1,0
fer0003581.png,4,3,0,0,0,0,0,3,0,0
fer0003582.png,8,0,0,1,0,0,1,0,0,0
fer0003583.png,9,0,0,0,0,0,0,0,1,0
fer0003584.png,0,10,0,0,0,0,0,0,0,0
fer0003585.png,4,0,0,2,3,1,0,0,0,0
fer0003586.png,6,0,0,3,0,0,0,1,0,0
fer0003587.png,4,0,0,6,0,0,0,0,0,0
fer0003588.png,3,0,0,0,6,1,0,0,0,0
fer0003589.png,1,9,0,0,0,0,0,0,0,0
fer0003590.png,2,7,0,1,0,0,0,0,0,0
fer0003591.png,9,0,0,0,0,0,0,0,1,0
fer0003592.png,1,9,0,0,0,0,0,0,0,0
fer0003593.png,1,0,0,3,5,0,0,1,0,0
fer0003594.png,7,0,0,3,0,0,0,0,0,0
fer0003595.png,0,0,6,1,1,0,2,0,0,0
fer0003596.png,8,0,0,0,2,0,0,0,0,0
fer0003597.png,0,0,6,0,3,0,1,0,0,0
fer0003598.png,0,10,0,0,0,0,0,0,0,0
fer0003599.png,9,0,0,1,0,0,0,0,0,0
fer0003600.png,7,0,0,0,0,2,0,1,0,0
fer0003601.png,1,1,4,0,2,0,2,0,0,0
fer0003602.png,1,9,0,0,0,0,0,0,0,0
fer0003603.png,4,0,0,6,0,0,0,0,0,0
fer0003604.png,9,0,0,1,0,0,0,0,0,0
fer0003605.png,10,0,0,0,0,0,0,0,0,0
fer0003606.png,0,10,0,0,0,0,0,0,0,0
fer0003607.png,0,0,4,1,2,0,3,0,0,0
fer0003608.png,3,5,0,1,0,0,0,0,1,0
fer0003609.png,0,0,3,2,0,0,2,0,3,0
fer0003610.png,1,0,0,8,0,0,0,0,1,0
fer0003611.png,10,0,0,0,0,0,0,0,0,0
fer0003612.png,6,0,0,4,0,0,0,0,0,0
fer0003613.png,8,1,0,1,0,0,0,0,0,0
fer0003614.png,2,7,0,0,0,0,0,1,0,0
fer0003615.png,0,2,8,0,0,0,0,0,0,0
fer0003616.png,3,0,0,6,0,0,0,0,1,0
fer0003617.png,0,10,0,0,0,0,0,0,0,0
fer0003618.png,7,0,0,0,3,0,0,0,0,0
fer0003619.png,1,0,0,2,5,1,0,0,1,0
fer0003620.png,0,0,0,1,1,2,0,5,1,0
fer0003621.png,0,0,9,0,0,0,1,0,0,0
fer0003622.png,0,10,0,0,0,0,0,0,0,0
fer0003623.png,7,0,0,3,0,0,0,0,0,0
fer0003624.png,5,0,0,5,0,0,0,0,0,0
fer0003625.png,0,10,0,0,0,0,0,0,0,0
fer0003626.png,5,0,0,0,1,2,0,1,1,0
fer0003627.png,10,0,0,0,0,0,0,0,0,0
fer0003628.png,8,0,2,0,0,0,0,0,0,0
fer0003629.png,0,0,5,1,0,0,3,0,1,0
fer0003630.png,0,10,0,0,0,0,0,0,0,0
fer0003631.png,3,0,2,2,0,0,3,0,0,0
fer0003632.png,0,10,0,0,0,0,0,0,0,0
fer0003633.png,3,6,0,0,0,0,0,1,0,0
fer0003634.png,0,0,3,1,0,0,6,0,0,0
fer0003635.png,0,10,0,0,0,0,0,0,0,0
fer0003636.png,0,10,0,0,0,0,0,0,0,0
fer0003637.png,2,0,0,1,2,0,1,1,3,0
fer0003638.png,5,0,0,1,4,0,0,0,0,0
fer0003639.png,5,0,0,3,1,0,0,0,1,0
fer0003640.png,7,0,0,1,0,0,0,1,1,0
fer0003641.png,2,7,0,0,0,0,0,0,1,0
fer0003642.png,0,0,3,0,0,0,6,0,1,0
fer0003643.png,8,0,0,2,0,0,0,0,0,0
fer0003644.png,0,0,1,0,8,0,0,1,0,0
fer0003645.png,3,0,0,1,5,1,0,0,0,0
fer0003646.png,0,10,0,0,0,0,0,0,0,0
fer0003647.png,4,1,2,1,0,0,0,0,2,0
fer0003648.png,0,10,0,0,0,0,0,0,0,0
fer0003649.png,0,10,0,0,0,0,0,0,0,0
fer0003650.png,9,0,0,0,1,0,0,0,0,0
fer0003651.png,6,0,0,4,0,0,0,0,0,0
fer0003652.png,0,0,0,9,0,0,0,0,1,0
fer0003653.png,6,0,0,4,0,0,0,0,0,0
fer0003654.png,4,0,0,5,0,0,1,0,0,0
fer0003655.png,9,0,0,1,0,0,0,0,0,0
fer0003656.png,0,10,0,0,0,0,0,0,0,0
fer0003657.png,0,9,0,0,0,0,0,1,0,0
fer0003658.png,0,9,0,0,0,0,0,1,0,0
fer0003659.png,7,2,0,0,0,0,0,0,1,0
fer0003660.png,0,0,1,0,9,0,0,0,0,0
fer0003661.png,2,4,3,0,0,0,0,0,1,0
fer0003662.png,4,1,0,0,1,1,0,1,2,0
fer0003663.png,1,8,1,0,0,0,0,0,0,0
fer0003664.png,0,9,0,0,0,0,1,0,0,0
fer0003665.png,10,0,0,0,0,0,0,0,0,0
fer0003666.png,10,0,0,0,0,0,0,0,0,0
fer0003667.png,0,8,0,0,0,0,1,0,1,0
fer0003668.png,3,0,0,7,0,0,0,0,0,0
fer0003669.png,0,0,10,0,0,0,0,0,0,0
fer0003670.png,8,0,0,2,0,0,0,0,0,0
fer0003671.png,7,3,0,0,0,0,0,0,0,0
fer0003672.png,0,10,0,0,0,0,0,0,0,0
fer0003673.png,0,10,0,0,0,0,0,0,0,0
fer0003674.png,1,9,0,0,0,0,0,0,0,0
fer0003675.png,6,0,0,1,0,2,0,0,1,0
fer0003676.png,5,0,0,5,0,0,0,0,0,0
fer0003677.png,0,10,0,0,0,0,0,0,0,0
fer0003678.png,0,10,0,0,0,0,0,0,0,0
fer0003679.png,3,0,1,0,3,0,0,2,1,0
fer0003680.png,1,9,0,0,0,0,0,0,0,0
fer0003681.png,1,9,0,0,0,0,0,0,0,0
fer0003682.png,6,0,0,0,2,0,0,1,1,0
fer0003683.png,0,10,0,0,0,0,0,0,0,0
fer0003684.png,0,0,4,0,2,1,2,0,1,0
fer0003685.png,0,0,7,0,0,0,3,0,0,0
fer0003686.png,7,0,0,1,0,0,0,0,2,0
fer0003687.png,2,1,7,0,0,0,0,0,0,0
fer0003688.png,1,0,4,4,0,0,1,0,0,0
fer0003689.png,6,0,3,0,0,0,0,0,1,0
fer0003690.png,8,0,0,1,0,0,0,0,1,0
fer0003691.png,1,9,0,0,0,0,0,0,0,0
fer0003692.png,1,9,0,0,0,0,0,0,0,0
fer0003693.png,3,0,4,1,2,0,0,0,0,0
fer0003694.png,10,0,0,0,0,0,0,0,0,0
fer0003695.png,0,10,0,0,0,0,0,0,0,0
fer0003696.png,7,0,0,0,2,0,0,0,1,0
fer0003697.png,1,9,0,0,0,0,0,0,0,0
fer0003698.png,0,9,0,0,0,0,1,0,0,0
fer0003699.png,4,0,0,5,0,0,0,0,1,0
fer0003700.png,9,0,0,0,0,0,0,0,1,0
fer0003701.png,3,0,0,6,0,0,0,0,1,0
fer0003702.png,0,0,5,0,5,0,0,0,0,0
fer0003703.png,2,0,1,4,0,1,0,0,2,0
fer0003704.png,0,10,0,0,0,0,0,0,0,0
fer0003705.png,7,0,1,1,0,0,0,0,1,0
fer0003706.png,0,10,0,0,0,0,0,0,0,0
fer0003707.png,6,0,0,4,0,0,0,0,0,0
fer0003708.png,10,0,0,0,0,0,0,0,0,0
fer0003709.png,7,2,0,0,0,0,0,0,1,0
fer0003710.png,1,1,0,1,5,1,0,0,1,0
fer0003711.png,1,0,0,3,1,0,5,0,0,0
fer0003712.png,9,0,0,1,0,0,0,0,0,0
fer0003713.png,4,1,0,0,1,0,1,1,2,0
fer0003714.png,1,9,0,0,0,0,0,0,0,0
fer0003715.png,2,0,0,3,4,1,0,0,0,0
fer0003716.png,0,0,5,0,0,0,5,0,0,0
fer0003717.png,9,0,0,1,0,0,0,0,0,0
fer0003718.png,4,0,1,2,0,0,1,0,2,0
fer0003719.png,0,10,0,0,0,0,0,0,0,0
fer0003720.png,10,0,0,0,0,0,0,0,0,0
fer0003721.png,1,7,1,0,1,0,0,0,0,0
fer0003722.png,2,8,0,0,0,0,0,0,0,0
fer0003723.png,10,0,0,0,0,0,0,0,0,0
fer0003724.png,4,0,0,4,0,0,0,0,2,0
fer0003725.png,5,0,0,2,1,0,1,1,0,0
fer0003726.png,3,2,0,1,0,1,0,0,3,0
fer0003727.png,9,1,0,0,0,0,0,0,0,0
fer0003728.png,9,0,0,1,0,0,0,0,0,0
fer0003729.png,2,0,0,5,2,0,0,0,1,0
fer0003730.png,6,0,2,0,0,0,1,0,1,0
fer0003731.png,6,3,0,0,0,0,0,1,0,0
fer0003732.png,2,7,1,0,0,0,0,0,0,0
fer0003733.png,8,0,0,1,0,0,0,1,0,0
fer0003734.png,0,0,1,9,0,0,0,0,0,0
fer0003735.png,8,0,0,1,1,0,0,0,0,0
fer0003736.png,8,0,0,1,0,0,0,0,1,0
fer0003737.png,0,10,0,0,0,0,0,0,0,0
fer0003738.png,0,10,0,0,0,0,0,0,0,0
fer0003739.png,7,0,3,0,0,0,0,0,0,0
fer0003740.png,6,0,2,0,0,0,0,0,2,0
fer0003741.png,0,0,0,9,1,0,0,0,0,0
fer0003742.png,6,0,0,2,0,0,0,2,0,0
fer0003743.png,6,0,0,2,0,0,0,0,2,0
fer0003744.png,2,0,4,4,0,0,0,0,0,0
fer0003745.png,0,0,6,0,0,0,3,1,0,0
fer0003746.png,3,0,0,4,1,0,0,0,2,0
fer0003747.png,0,2,0,8,0,0,0,0,0,0
fer0003748.png,1,9,0,0,0,0,0,0,0,0
fer0003749.png,1,3,3,0,0,1,0,1,1,0
fer0003750.png,1,0,5,1,0,0,3,0,0,0
fer0003751.png,7,0,0,3,0,0,0,0,0,0
fer0003752.png,5,0,0,1,0,2,0,1,1,0
fer0003753.png,1,0,1,0,8,0,0,0,0,0
fer0003754.png,0,10,0,0,0,0,0,0,0,0
fer0003755.png,5,0,0,4,0,0,0,0,1,0
fer0003756.png,5,0,0,2,1,1,0,0,1,0
fer0003757.png,0,10,0,0,0,0,0,0,0,0
fer0003758.png,0,9,0,0,0,0,0,0,1,0
fer0003759.png,0,1,9,0,0,0,0,0,0,0
fer0003760.png,4,6,0,0,0,0,0,0,0,0
fer0003761.png,6,0,0,4,0,0,0,0,0,0
fer0003762.png,5,0,0,5,0,0,0,0,0,0
fer0003763.png,7,0,0,2,0,0,0,0,1,0
fer0003764.png,9,0,0,0,1,0,0,0,0,0
fer0003765.png,4,5,0,0,1,0,0,0,0,0
fer0003766.png,0,10,0,0,0,0,0,0,0,0
fer0003767.png,4,1,0,5,0,0,0,0,0,0
fer0003768.png,9,0,0,1,0,0,0,0,0,0
fer0003769.png,0,10,0,0,0,0,0,0,0,0
fer0003770.png,7,0,0,3,0,0,0,0,0,0
fer0003771.png,0,0,0,3,0,0,7,0,0,0
fer0003772.png,1,0,0,0,0,9,0,0,0,0
fer0003773.png,9,0,0,0,0,0,0,0,1,0
fer0003774.png,0,0,10,0,0,0,0,0,0,0
fer0003775.png,0,0,8,0,0,0,2,0,0,0
fer0003776.png,1,0,8,0,0,0,1,0,0,0
fer0003777.png,9,0,0,1,0,0,0,0,0,0
fer0003778.png,0,10,0,0,0,0,0,0,0,0
fer0003779.png,5,0,1,1,0,1,2,0,0,0
fer0003780.png,1,9,0,0,0,0,0,0,0,0
fer0003781.png,1,1,1,0,5,0,0,0,2,0
fer0003782.png,1,9,0,0,0,0,0,0,0,0
fer0003783.png,0,0,2,4,0,0,2,0,2,0
fer0003784.png,10,0,0,0,0,0,0,0,0,0
fer0003785.png,1,9,0,0,0,0,0,0,0,0
fer0003786.png,3,0,0,6,0,0,0,1,0,0
fer0003787.png,10,0,0,0,0,0,0,0,0,0
fer0003788.png,1,8,1,0,0,0,0,0,0,0
fer0003789.png,7,1,0,1,0,0,0,0,1,0
fer0003790.png,0,1,0,0,8,0,0,0,1,0
fer0003791.png,1,8,0,0,0,0,0,0,1,0
fer0003792.png,7,0,0,2,0,0,0,0,1,0
fer0003793.png,0,0,9,0,0,0,1,0,0,0
fer0003794.png,0,10,0,0,0,0,0,0,0,0
fer0003795.png,2,0,0,0,6,0,0,0,2,0
fer0003796.png,0,3,0,0,6,0,0,0,1,0
fer0003797.png,7,2,0,0,0,0,0,0,1,0
fer0003798.png,2,0,0,7,1,0,0,0,0,0
fer0003799.png,6,1,0,0,0,0,0,2,1,0
fer0003800.png,8,0,0,0,0,0,0,1,1,0
fer0003801.png,6,0,0,3,1,0,0,0,0,0
fer0003802.png,1,0,2,0,6,0,1,0,0,0
fer0003803.png,3,0,0,4,0,1,0,0,2,0
fer0003804.png,0,0,0,4,1,2,3,0,0,0
fer0003805.png,2,8,0,0,0,0,0,0,0,0
fer0003806.png,5,0,0,3,1,0,0,1,0,0
fer0003807.png,0,10,0,0,0,0,0,0,0,0
fer0003808.png,2,0,0,2,3,0,0,3,0,0
fer0003809.png,6,2,1,1,0,0,0,0,0,0
fer0003810.png,4,2,0,0,0,0,0,0,4,0
fer0003811.png,0,0,2,2,6,0,0,0,0,0
fer0003812.png,0,10,0,0,0,0,0,0,0,0
fer0003813.png,10,0,0,0,0,0,0,0,0,0
fer0003814.png,8,0,0,1,0,1,0,0,0,0
fer0003815.png,5,0,0,3,1,1,0,0,0,0
fer0003816.png,5,0,0,2,2,1,0,0,0,0
fer0003817.png,5,0,0,4,0,0,0,0,1,0
fer0003818.png,0,0,6,1,0,0,3,0,0,0
fer0003819.png,10,0,0,0,0,0,0,0,0,0
fer0003820.png,0,10,0,0,0,0,0,0,0,0
fer0003821.png,1,8,0,0,0,0,0,1,0,0
fer0003822.png,1,1,5,2,0,0,0,0,1,0
fer0003823.png,8,0,0,0,1,0,0,0,1,0
fer0003824.png,8,0,1,0,1,0,0,0,0,0
fer0003825.png,9,0,0,1,0,0,0,0,0,0
fer0003826.png,10,0,0,0,0,0,0,0,0,0
fer0003827.png,0,10,0,0,0,0,0,0,0,0
fer0003828.png,4,0,0,5,0,0,0,0,1,0
fer0003829.png,0,0,0,0,7,1,1,0,1,0
fer0003830.png,0,0,0,8,0,0,0,0,2,0
fer0003831.png,5,0,1,4,0,0,0,0,0,0
fer0003832.png,5,0,0,3,1,1,0,0,0,0
fer0003833.png,0,0,0,9,0,0,0,0,1,0
fer0003834.png,2,0,0,8,0,0,0,0,0,0
fer0003835.png,3,0,0,5,0,0,0,1,1,0
fer0003836.png,0,10,0,0,0,0,0,0,0,0
fer0003837.png,0,10,0,0,0,0,0,0,0,0
fer0003838.png,4,0,0,3,2,0,0,0,1,0
fer0003839.png,4,0,0,6,0,0,0,0,0,0
fer0003840.png,7,0,0,1,1,0,0,0,1,0
fer0003841.png,1,9,0,0,0,0,0,0,0,0
fer0003842.png,3,0,1,5,1,0,0,0,0,0
fer0003843.png,9,0,0,1,0,0,0,0,0,0
fer0003844.png,0,4,0,0,5,0,1,0,0,0
fer0003845.png,1,9,0,0,0,0,0,0,0,0
fer0003846.png,7,2,0,0,0,0,0,1,0,0
fer0003847.png,0,10,0,0,0,0,0,0,0,0
fer0003848.png,6,0,0,2,0,0,0,0,2,0
fer0003849.png,1,0,0,9,0,0,0,0,0,0
fer0003850.png,3,0,0,3,0,1,0,1,2,0
fer0003851.png,1,1,0,8,0,0,0,0,0,0
fer0003852.png,0,7,3,0,0,0,0,0,0,0
fer0003853.png,3,3,2,1,0,1,0,0,0,0
fer0003854.png,0,10,0,0,0,0,0,0,0,0
fer0003855.png,8,0,2,0,0,0,0,0,0,0
fer0003856.png,2,0,0,5,2,0,1,0,0,0
fer0003857.png,2,8,0,0,0,0,0,0,0,0
fer0003858.png,6,0,0,3,0,0,0,1,0,0
fer0003859.png,1,0,0,2,1,5,0,1,0,0
fer0003860.png,5,0,0,5,0,0,0,0,0,0
fer0003861.png,0,10,0,0,0,0,0,0,0,0
fer0003862.png,0,10,0,0,0,0,0,0,0,0
fer0003863.png,5,0,0,5,0,0,0,0,0,0
fer0003864.png,8,0,0,1,1,0,0,0,0,0
fer0003865.png,8,0,0,0,0,0,0,1,1,0
fer0003866.png,8,0,0,1,0,0,0,0,1,0
fer0003867.png,0,10,0,0,0,0,0,0,0,0
fer0003868.png,0,9,1,0,0,0,0,0,0,0
fer0003869.png,0,10,0,0,0,0,0,0,0,0
fer0003870.png,0,9,1,0,0,0,0,0,0,0
fer0003871.png,1,0,9,0,0,0,0,0,0,0
fer0003872.png,1,2,7,0,0,0,0,0,0,0
fer0003873.png,1,0,4,0,1,0,1,0,3,0
fer0003874.png,0,0,1,7,2,0,0,0,0,0
fer0003875.png,9,0,0,0,0,0,0,0,1,0
fer0003876.png,3,0,0,6,0,0,1,0,0,0
fer0003877.png,2,8,0,0,0,0,0,0,0,0
fer0003878.png,0,0,0,10,0,0,0,0,0,0
fer0003879.png,5,0,0,4,0,0,0,0,1,0
fer0003880.png,6,0,0,2,0,0,0,0,2,0
fer0003881.png,1,0,0,0,8,0,0,1,0,0
fer0003882.png,0,7,3,0,0,0,0,0,0,0
fer0003883.png,4,6,0,0,0,0,0,0,0,0
fer0003884.png,5,0,0,4,0,0,0,0,1,0
fer0003885.png,0,1,8,0,1,0,0,0,0,0
fer0003886.png,1,9,0,0,0,0,0,0,0,0
fer0003887.png,8,0,0,2,0,0,0,0,0,0
fer0003888.png,0,10,0,0,0,0,0,0,0,0
fer0003889.png,0,1,1,0,6,0,1,0,1,0
fer0003890.png,0,0,0,4,5,0,0,0,1,0
fer0003891.png,0,2,8,0,0,0,0,0,0,0
fer0003892.png,9,0,1,0,0,0,0,0,0,0
fer0003893.png,5,3,0,1,0,0,0,1,0,0
fer0003894.png,2,6,0,0,0,0,0,0,2,0
fer0003895.png,1,0,0,9,0,0,0,0,0,0
fer0003896.png,0,9,1,0,0,0,0,0,0,0
fer0003897.png,1,8,0,1,0,0,0,0,0,0
fer0003898.png,2,0,6,1,0,0,0,1,0,0
fer0003899.png,10,0,0,0,0,0,0,0,0,0
fer0003900.png,0,7,2,0,0,0,1,0,0,0
fer0003901.png,5,4,0,0,0,0,0,0,1,0
fer0003902.png,0,10,0,0,0,0,0,0,0,0
fer0003903.png,10,0,0,0,0,0,0,0,0,0
fer0003904.png,0,10,0,0,0,0,0,0,0,0
fer0003905.png,3,0,0,6,0,0,1,0,0,0
fer0003906.png,10,0,0,0,0,0,0,0,0,0
fer0003907.png,5,3,0,1,0,0,0,1,0,0
fer0003908.png,0,1,0,7,1,0,0,0,1,0
fer0003909.png,0,6,1,0,0,1,0,0,2,0
fer0003910.png,2,0,0,0,2,1,0,5,0,0
fer0003911.png,0,10,0,0,0,0,0,0,0,0
fer0003912.png,0,9,1,0,0,0,0,0,0,0
fer0003913.png,1,0,7,0,0,0,2,0,0,0
fer0003914.png,9,0,0,0,0,0,0,0,1,0
fer0003915.png,0,1,0,0,0,0,7,0,2,0
fer0003916.png,1,0,0,8,0,0,0,0,1,0
fer0003917.png,0,9,0,0,0,1,0,0,0,0
fer0003918.png,10,0,0,0,0,0,0,0,0,0
fer0003919.png,0,7,3,0,0,0,0,0,0,0
fer0003920.png,0,10,0,0,0,0,0,0,0,0
fer0003921.png,0,10,0,0,0,0,0,0,0,0
fer0003922.png,0,0,6,1,0,0,2,0,1,0
fer0003923.png,9,1,0,0,0,0,0,0,0,0
fer0003924.png,0,10,0,0,0,0,0,0,0,0
fer0003925.png,10,0,0,0,0,0,0,0,0,0
fer0003926.png,3,1,5,0,0,0,0,0,1,0
fer0003927.png,5,0,0,3,0,0,0,2,0,0
fer0003928.png,1,0,0,0,9,0,0,0,0,0
fer0003929.png,0,3,3,0,4,0,0,0,0,0
fer0003930.png,7,1,0,2,0,0,0,0,0,0
fer0003931.png,10,0,0,0,0,0,0,0,0,0
fer0003932.png,0,10,0,0,0,0,0,0,0,0
fer0003933.png,0,10,0,0,0,0,0,0,0,0
fer0003934.png,0,0,9,0,0,0,1,0,0,0
fer0003935.png,1,9,0,0,0,0,0,0,0,0
fer0003936.png,9,1,0,0,0,0,0,0,0,0
fer0003937.png,0,10,0,0,0,0,0,0,0,0
fer0003938.png,0,1,7,0,0,0,0,0,2,0
fer0003939.png,8,0,0,1,0,0,0,1,0,0
fer0003940.png,2,0,0,2,0,1,0,2,3,0
fer0003941.png,9,0,0,1,0,0,0,0,0,0
fer0003942.png,0,10,0,0,0,0,0,0,0,0
fer0003943.png,0,0,1,3,0,0,6,0,0,0
fer0003944.png,5,0,0,4,0,0,0,0,1,0
fer0003945.png,0,10,0,0,0,0,0,0,0,0
fer0003946.png,9,0,0,1,0,0,0,0,0,0
fer0003947.png,9,0,0,0,0,1,0,0,0,0
fer0003948.png,9,1,0,0,0,0,0,0,0,0
fer0003949.png,7,0,0,3,0,0,0,0,0,0
fer0003950.png,1,7,2,0,0,0,0,0,0,0
fer0003951.png,0,10,0,0,0,0,0,0,0,0
fer0003952.png,7,1,0,0,0,0,0,0,2,0
fer0003953.png,1,0,0,0,9,0,0,0,0,0
fer0003954.png,0,0,9,0,0,0,1,0,0,0
fer0003955.png,2,7,0,0,0,0,0,1,0,0
fer0003956.png,0,10,0,0,0,0,0,0,0,0
fer0003957.png,4,5,0,1,0,0,0,0,0,0
fer0003958.png,6,0,0,3,1,0,0,0,0,0
fer0003959.png,8,0,0,0,0,0,0,0,2,0
fer0003960.png,0,10,0,0,0,0,0,0,0,0
fer0003961.png,10,0,0,0,0,0,0,0,0,0
fer0003962.png,0,10,0,0,0,0,0,0,0,0
fer0003963.png,4,0,1,0,0,1,0,3,1,0
fer0003964.png,0,8,2,0,0,0,0,0,0,0
fer0003965.png,4,0,0,1,5,0,0,0,0,0
fer0003966.png,1,0,1,0,7,0,1,0,0,0
fer0003967.png,0,0,0,9,1,0,0,0,0,0
fer0003968.png,1,8,1,0,0,0,0,0,0,0
fer0003969.png,9,0,0,1,0,0,0,0,0,0
fer0003970.png,0,1,1,0,6,0,0,0,2,0
fer0003971.png,0,10,0,0,0,0,0,0,0,0
fer0003972.png,0,0,0,0,7,0,3,0,0,0
fer0003973.png,9,0,0,1,0,0,0,0,0,0
fer0003974.png,0,0,0,0,10,0,0,0,0,0
fer0003975.png,1,5,2,0,0,0,0,0,2,0
fer0003976.png,3,0,0,4,2,0,0,0,1,0
fer0003977.png,1,0,0,4,3,0,0,0,2,0
fer0003978.png,1,0,0,8,0,0,1,0,0,0
fer0003979.png,5,1,1,3,0,0,0,0,0,0
fer0003980.png,0,10,0,0,0,0,0,0,0,0
fer0003981.png,1,0,0,8,0,0,1,0,0,0
fer0003982.png,0,10,0,0,0,0,0,0,0,0
fer0003983.png,0,0,1,0,9,0,0,0,0,0
fer0003984.png,0,9,1,0,0,0,0,0,0,0
fer0003985.png,0,10,0,0,0,0,0,0,0,0
fer0003986.png,3,0,0,4,1,1,0,0,1,0
fer0003987.png,1,0,1,2,0,0,3,1,2,0
fer0003988.png,5,0,0,2,3,0,0,0,0,0
fer0003989.png,8,1,0,1,0,0,0,0,0,0
fer0003990.png,8,1,0,0,0,0,0,1,0,0
fer0003991.png,0,10,0,0,0,0,0,0,0,0
fer0003992.png,4,0,6,0,0,0,0,0,0,0
fer0003993.png,0,0,0,10,0,0,0,0,0,0
fer0003994.png,3,0,0,1,2,1,0,2,1,0
fer0003995.png,2,0,0,4,0,2,0,1,1,0
fer0003996.png,5,1,0,3,0,0,0,0,1,0
fer0003997.png,0,0,0,8,0,2,0,0,0,0
fer0003998.png,4,0,0,5,0,0,0,0,1,0
fer0003999.png,0,3,7,0,0,0,0,0,0,0
fer0004000.png,8,0,0,0,0,0,0,0,2,0
fer0004001.png,5,0,2,0,0,1,0,1,1,0
fer0004002.png,0,1,0,7,0,0,0,1,1,0
fer0004003.png,0,10,0,0,0,0,0,0,0,0
fer0004004.png,9,0,0,0,0,0,0,1,0,0
fer0004005.png,0,0,10,0,0,0,0,0,0,0
fer0004006.png,3,0,0,5,0,0,0,0,2,0
fer0004007.png,0,10,0,0,0,0,0,0,0,0
fer0004008.png,2,1,0,0,3,0,0,4,0,0
fer0004009.png,0,10,0,0,0,0,0,0,0,0
fer0004010.png,2,7,0,0,0,0,0,1,0,0
fer0004011.png,2,0,0,2,1,5,0,0,0,0
fer0004012.png,3,0,0,7,0,0,0,0,0,0
fer0004013.png,1,9,0,0,0,0,0,0,0,0
fer0004014.png,0,0,4,0,4,0,1,0,1,0
fer0004015.png,0,0,4,0,1,0,5,0,0,0
fer0004016.png,8,0,0,2,0,0,0,0,0,0
fer0004017.png,1,3,3,0,0,0,0,0,3,0
fer0004018.png,0,10,0,0,0,0,0,0,0,0
fer0004019.png,1,8,0,0,0,0,0,1,0,0
fer0004020.png,0,10,0,0,0,0,0,0,0,0
fer0004021.png,2,0,0,8,0,0,0,0,0,0
fer0004022.png,0,10,0,0,0,0,0,0,0,0
fer0004023.png,0,0,1,0,8,0,1,0,0,0
fer0004024.png,2,0,2,0,1,0,5,0,0,0
fer0004025.png,2,0,0,8,0,0,0,0,0,0
fer0004026.png,0,1,7,0,0,0,2,0,0,0
fer0004027.png,2,0,0,6,0,0,1,0,1,0
fer0004028.png,5,0,0,3,2,0,0,0,0,0
fer0004029.png,0,0,9,0,0,0,1,0,0,0
fer0004030.png,0,9,0,0,0,0,1,0,0,0
fer0004031.png,2,0,0,0,7,0,0,1,0,0
fer0004032.png,3,1,0,0,5,0,0,0,1,0
fer0004033.png,4,0,1,2,0,0,3,0,0,0
fer0004034.png,0,10,0,0,0,0,0,0,0,0
fer0004035.png,1,9,0,0,0,0,0,0,0,0
fer0004036.png,5,0,0,5,0,0,0,0,0,0
fer0004037.png,0,0,3,0,2,0,4,0,1,0
fer0004038.png,6,0,0,3,0,0,0,0,1,0
fer0004039.png,8,0,0,2,0,0,0,0,0,0
fer0004040.png,0,4,1,0,5,0,0,0,0,0
fer0004041.png,2,0,0,6,2,0,0,0,0,0
fer0004042.png,4,0,5,1,0,0,0,0,0,0
fer0004043.png,0,8,1,1,0,0,0,0,0,0
fer0004044.png,8,2,0,0,0,0,0,0,0,0
fer0004045.png,0,10,0,0,0,0,0,0,0,0
fer0004046.png,0,9,0,0,0,1,0,0,0,0
fer0004047.png,0,0,4,0,4,0,1,0,1,0
fer0004048.png,0,10,0,0,0,0,0,0,0,0
fer0004049.png,0,2,2,3,1,0,1,0,1,0
fer0004050.png,8,0,0,1,0,0,0,0,1,0
fer0004051.png,9,0,0,1,0,0,0,0,0,0
fer0004052.png,0,10,0,0,0,0,0,0,0,0
fer0004053.png,5,0,0,2,2,0,0,1,0,0
fer0004054.png,2,0,0,6,0,0,0,0,2,0
fer0004055.png,9,0,0,1,0,0,0,0,0,0
fer0004056.png,0,3,2,0,2,1,1,0,1,0
fer0004057.png,4,0,0,5,0,0,1,0,0,0
fer0004058.png,5,0,1,1,0,1,0,0,2,0
fer0004059.png,1,0,0,1,3,0,0,4,1,0
fer0004060.png,1,8,0,1,0,0,0,0,0,0
fer0004061.png,5,0,0,2,0,0,0,1,2,0
fer0004063.png,8,0,0,1,1,0,0,0,0,0
fer0004064.png,3,0,1,0,2,0,2,0,2,0
fer0004065.png,1,0,7,0,0,0,2,0,0,0
fer0004066.png,0,1,0,0,8,0,0,0,1,0
fer0004067.png,4,0,0,4,0,1,0,0,1,0
fer0004068.png,1,9,0,0,0,0,0,0,0,0
fer0004069.png,1,0,7,0,1,0,0,0,1,0
fer0004070.png,0,0,0,0,10,0,0,0,0,0
fer0004071.png,1,0,0,1,6,1,0,0,1,0
fer0004072.png,3,2,3,1,0,0,1,0,0,0
fer0004073.png,6,0,0,0,0,0,0,4,0,0
fer0004074.png,3,0,1,3,0,0,0,2,1,0
fer0004075.png,1,1,0,3,3,0,1,0,1,0
fer0004076.png,7,0,0,3,0,0,0,0,0,0
fer0004077.png,1,5,0,1,0,1,0,1,1,0
fer0004078.png,1,0,1,0,6,0,0,0,2,0
fer0004079.png,0,0,9,0,0,0,1,0,0,0
fer0004080.png,10,0,0,0,0,0,0,0,0,0
fer0004081.png,6,1,0,0,0,1,0,2,0,0
fer0004082.png,3,0,2,1,2,1,0,0,1,0
fer0004083.png,1,9,0,0,0,0,0,0,0,0
fer0004084.png,0,10,0,0,0,0,0,0,0,0
fer0004085.png,8,0,0,1,0,0,0,0,1,0
fer0004086.png,2,0,1,4,0,0,0,0,3,0
fer0004087.png,0,10,0,0,0,0,0,0,0,0
fer0004088.png,0,0,0,1,0,0,9,0,0,0
fer0004089.png,0,1,5,1,0,0,1,0,2,0
fer0004090.png,0,0,8,0,0,0,2,0,0,0
fer0004091.png,1,1,0,0,8,0,0,0,0,0
fer0004092.png,0,4,5,0,0,0,0,0,1,0
fer0004093.png,2,1,2,2,1,0,2,0,0,0
fer0004094.png,9,0,0,1,0,0,0,0,0,0
fer0004095.png,4,0,0,2,2,0,0,0,2,0
fer0004096.png,4,0,0,5,0,1,0,0,0,0
fer0004097.png,0,9,0,0,0,0,0,0,1,0
fer0004098.png,9,1,0,0,0,0,0,0,0,0
fer0004099.png,0,10,0,0,0,0,0,0,0,0
fer0004100.png,2,5,2,1,0,0,0,0,0,0
fer0004101.png,0,9,0,0,0,0,0,0,1,0
fer0004102.png,0,10,0,0,0,0,0,0,0,0
fer0004103.png,0,10,0,0,0,0,0,0,0,0
fer0004104.png,0,7,2,0,0,0,0,0,1,0
fer0004105.png,5,0,0,5,0,0,0,0,0,0
fer0004106.png,0,0,5,0,3,0,1,0,1,0
fer0004107.png,0,2,4,0,3,0,0,0,1,0
fer0004108.png,0,10,0,0,0,0,0,0,0,0
fer0004109.png,1,1,7,0,0,0,0,0,1,0
fer0004110.png,0,9,0,0,0,1,0,0,0,0
fer0004111.png,7,0,1,2,0,0,0,0,0,0
fer0004112.png,0,4,6,0,0,0,0,0,0,0
fer0004113.png,0,10,0,0,0,0,0,0,0,0
fer0004114.png,0,10,0,0,0,0,0,0,0,0
fer0004115.png,10,0,0,0,0,0,0,0,0,0
fer0004116.png,7,0,0,0,0,1,0,0,2,0
fer0004117.png,9,0,1,0,0,0,0,0,0,0
fer0004118.png,0,9,1,0,0,0,0,0,0,0
fer0004119.png,1,9,0,0,0,0,0,0,0,0
fer0004120.png,6,0,0,4,0,0,0,0,0,0
fer0004121.png,1,6,1,2,0,0,0,0,0,0
fer0004122.png,5,0,0,4,0,0,0,0,1,0
fer0004123.png,8,0,0,1,0,0,0,0,1,0
fer0004124.png,0,0,4,0,1,0,4,0,1,0
fer0004125.png,6,2,0,0,0,0,0,0,2,0
fer0004126.png,0,9,0,1,0,0,0,0,0,0
fer0004127.png,0,9,0,0,0,0,0,1,0,0
fer0004128.png,1,0,2,3,0,0,4,0,0,0
fer0004129.png,0,0,1,3,0,0,5,0,1,0
fer0004130.png,10,0,0,0,0,0,0,0,0,0
fer0004131.png,9,0,0,1,0,0,0,0,0,0
fer0004132.png,0,0,1,0,8,0,1,0,0,0
fer0004133.png,0,0,4,0,0,1,5,0,0,0
fer0004134.png,0,0,0,8,1,0,1,0,0,0
fer0004135.png,5,0,0,3,1,1,0,0,0,0
fer0004136.png,1,0,0,8,0,0,1,0,0,0
fer0004137.png,10,0,0,0,0,0,0,0,0,0
fer0004138.png,6,4,0,0,0,0,0,0,0,0
fer0004139.png,3,0,0,5,0,1,0,0,1,0
fer0004140.png,0,3,7,0,0,0,0,0,0,0
fer0004141.png,9,1,0,0,0,0,0,0,0,0
fer0004142.png,5,0,0,4,0,0,0,0,1,0
fer0004143.png,0,0,8,0,0,0,2,0,0,0
fer0004144.png,1,0,0,8,0,0,0,0,1,0
fer0004145.png,1,1,2,3,0,0,2,0,1,0
fer0004146.png,10,0,0,0,0,0,0,0,0,0
fer0004147.png,2,1,0,0,5,0,0,0,2,0
fer0004148.png,0,5,0,0,2,2,0,0,1,0
fer0004149.png,9,0,0,1,0,0,0,0,0,0
fer0004150.png,0,0,3,0,0,1,5,0,1,0
fer0004151.png,0,0,7,0,0,0,3,0,0,0
fer0004152.png,0,10,0,0,0,0,0,0,0,0
fer0004153.png,9,0,0,1,0,0,0,0,0,0
fer0004154.png,4,6,0,0,0,0,0,0,0,0
fer0004155.png,10,0,0,0,0,0,0,0,0,0
fer0004156.png,1,9,0,0,0,0,0,0,0,0
fer0004157.png,0,0,0,9,0,0,0,0,1,0
fer0004158.png,0,10,0,0,0,0,0,0,0,0
fer0004159.png,1,9,0,0,0,0,0,0,0,0
fer0004160.png,6,0,0,3,0,0,0,0,1,0
fer0004161.png,0,0,3,0,0,1,6,0,0,0
fer0004162.png,0,9,0,0,0,0,1,0,0,0
fer0004163.png,9,0,0,1,0,0,0,0,0,0
fer0004164.png,0,10,0,0,0,0,0,0,0,0
fer0004165.png,0,10,0,0,0,0,0,0,0,0
fer0004166.png,6,0,0,3,0,1,0,0,0,0
fer0004167.png,0,9,0,0,0,0,0,0,1,0
fer0004168.png,0,6,0,1,1,2,0,0,0,0
fer0004169.png,0,10,0,0,0,0,0,0,0,0
fer0004170.png,4,0,0,4,0,0,0,0,1,1
fer0004171.png,9,0,0,1,0,0,0,0,0,0
fer0004172.png,0,9,0,0,0,1,0,0,0,0
fer0004173.png,8,2,0,0,0,0,0,0,0,0
fer0004174.png,0,10,0,0,0,0,0,0,0,0
fer0004175.png,0,10,0,0,0,0,0,0,0,0
fer0004176.png,2,0,0,1,1,1,1,3,1,0
fer0004177.png,9,0,0,0,0,0,0,0,1,0
fer0004178.png,0,10,0,0,0,0,0,0,0,0
fer0004179.png,0,10,0,0,0,0,0,0,0,0
fer0004180.png,10,0,0,0,0,0,0,0,0,0
fer0004181.png,0,1,1,0,8,0,0,0,0,0
fer0004182.png,0,0,0,10,0,0,0,0,0,0
fer0004183.png,8,0,0,2,0,0,0,0,0,0
fer0004184.png,0,10,0,0,0,0,0,0,0,0
fer0004185.png,0,0,0,10,0,0,0,0,0,0
fer0004186.png,1,0,3,0,3,3,0,0,0,0
fer0004187.png,3,0,0,7,0,0,0,0,0,0
fer0004188.png,8,2,0,0,0,0,0,0,0,0
fer0004189.png,2,1,0,5,0,1,0,0,1,0
fer0004190.png,2,0,1,3,1,0,0,1,2,0
fer0004191.png,0,1,9,0,0,0,0,0,0,0
fer0004192.png,0,7,3,0,0,0,0,0,0,0
fer0004193.png,2,0,6,2,0,0,0,0,0,0
fer0004194.png,2,0,0,3,5,0,0,0,0,0
fer0004195.png,9,0,0,0,0,0,1,0,0,0
fer0004196.png,0,0,5,0,1,0,1,0,3,0
fer0004197.png,0,10,0,0,0,0,0,0,0,0
fer0004198.png,9,0,0,0,0,0,0,0,1,0
fer0004199.png,3,0,0,7,0,0,0,0,0,0
fer0004200.png,6,0,0,3,0,0,0,0,1,0
fer0004201.png,0,0,0,0,7,2,0,0,1,0
fer0004202.png,1,9,0,0,0,0,0,0,0,0
fer0004203.png,0,0,0,1,5,4,0,0,0,0
fer0004204.png,8,0,0,1,0,0,0,0,1,0
fer0004205.png,7,0,0,2,0,1,0,0,0,0
fer0004206.png,10,0,0,0,0,0,0,0,0,0
fer0004207.png,4,0,0,2,0,0,0,4,0,0
fer0004208.png,0,9,0,0,0,0,1,0,0,0
fer0004209.png,8,0,0,0,0,0,0,1,1,0
fer0004210.png,7,0,0,2,0,0,0,1,0,0
fer0004211.png,4,0,0,3,2,1,0,0,0,0
fer0004212.png,7,2,0,0,0,0,0,1,0,0
fer0004213.png,7,0,0,0,1,0,0,2,0,0
fer0004214.png,1,0,9,0,0,0,0,0,0,0
fer0004215.png,0,0,10,0,0,0,0,0,0,0
fer0004216.png,10,0,0,0,0,0,0,0,0,0
fer0004217.png,0,2,5,0,1,0,2,0,0,0
fer0004218.png,0,0,0,8,1,0,0,0,1,0
fer0004219.png,3,5,0,2,0,0,0,0,0,0
fer0004220.png,9,0,0,0,1,0,0,0,0,0
fer0004221.png,5,0,0,2,0,1,1,0,1,0
fer0004222.png,5,0,0,1,0,0,0,0,4,0
fer0004223.png,9,0,0,1,0,0,0,0,0,0
fer0004224.png,10,0,0,0,0,0,0,0,0,0
fer0004225.png,0,0,1,0,8,1,0,0,0,0
fer0004226.png,9,0,0,1,0,0,0,0,0,0
fer0004227.png,10,0,0,0,0,0,0,0,0,0
fer0004228.png,4,0,0,6,0,0,0,0,0,0
fer0004229.png,3,0,0,5,0,0,0,0,2,0
fer0004230.png,0,0,0,10,0,0,0,0,0,0
fer0004231.png,7,0,0,3,0,0,0,0,0,0
fer0004232.png,0,0,1,0,9,0,0,0,0,0
fer0004233.png,1,0,8,0,0,0,1,0,0,0
fer0004234.png,10,0,0,0,0,0,0,0,0,0
fer0004235.png,10,0,0,0,0,0,0,0,0,0
fer0004236.png,0,6,4,0,0,0,0,0,0,0
fer0004237.png,5,0,0,2,1,0,0,1,1,0
fer0004238.png,7,0,1,0,0,0,0,0,2,0
fer0004239.png,0,6,3,0,0,0,0,1,0,0
fer0004240.png,9,0,0,1,0,0,0,0,0,0
fer0004241.png,0,10,0,0,0,0,0,0,0,0
fer0004242.png,6,1,1,1,1,0,0,0,0,0
fer0004243.png,9,0,0,1,0,0,0,0,0,0
fer0004244.png,0,0,8,0,0,0,2,0,0,0
fer0004245.png,0,0,9,0,0,0,0,1,0,0
fer0004246.png,7,2,1,0,0,0,0,0,0,0
fer0004247.png,0,0,0,10,0,0,0,0,0,0
fer0004248.png,0,10,0,0,0,0,0,0,0,0
fer0004249.png,3,0,0,7,0,0,0,0,0,0
fer0004250.png,0,1,0,9,0,0,0,0,0,0
fer0004251.png,4,4,1,0,0,0,0,1,0,0
fer0004252.png,0,10,0,0,0,0,0,0,0,0
fer0004253.png,0,9,0,0,0,0,0,0,1,0
fer0004254.png,0,2,0,6,0,0,0,0,2,0
fer0004255.png,0,10,0,0,0,0,0,0,0,0
fer0004256.png,6,0,0,2,0,0,0,1,1,0
fer0004257.png,1,9,0,0,0,0,0,0,0,0
fer0004258.png,3,0,0,3,1,1,1,0,1,0
fer0004259.png,5,3,1,0,0,0,0,0,1,0
fer0004260.png,3,0,1,6,0,0,0,0,0,0
fer0004261.png,6,0,0,3,0,0,0,0,1,0
fer0004262.png,0,10,0,0,0,0,0,0,0,0
fer0004263.png,6,3,0,0,0,0,0,1,0,0
fer0004264.png,6,0,0,1,2,0,0,0,1,0
fer0004265.png,1,0,3,3,0,0,2,0,0,1
fer0004266.png,9,0,0,0,0,0,0,0,1,0
fer0004267.png,3,0,0,7,0,0,0,0,0,0
fer0004268.png,0,10,0,0,0,0,0,0,0,0
fer0004269.png,4,1,5,0,0,0,0,0,0,0
fer0004270.png,0,3,6,0,0,0,1,0,0,0
fer0004271.png,8,0,0,0,1,1,0,0,0,0
fer0004272.png,1,0,9,0,0,0,0,0,0,0
fer0004273.png,3,0,0,5,0,0,0,0,2,0
fer0004274.png,8,0,0,2,0,0,0,0,0,0
fer0004275.png,0,0,10,0,0,0,0,0,0,0
fer0004276.png,1,9,0,0,0,0,0,0,0,0
fer0004277.png,3,0,0,7,0,0,0,0,0,0
fer0004278.png,9,0,0,0,0,0,0,1,0,0
fer0004279.png,0,0,0,2,4,2,0,1,1,0
fer0004280.png,0,10,0,0,0,0,0,0,0,0
fer0004281.png,2,6,0,1,0,0,0,0,1,0
fer0004282.png,2,0,0,1,0,0,0,7,0,0
fer0004283.png,0,8,2,0,0,0,0,0,0,0
fer0004284.png,7,0,0,3,0,0,0,0,0,0
fer0004285.png,0,0,2,0,0,0,8,0,0,0
fer0004286.png,7,0,0,0,3,0,0,0,0,0
fer0004287.png,5,5,0,0,0,0,0,0,0,0
fer0004288.png,6,0,0,2,1,0,0,0,1,0
fer0004289.png,8,0,0,2,0,0,0,0,0,0
fer0004290.png,3,0,0,3,0,1,0,2,1,0
fer0004291.png,0,10,0,0,0,0,0,0,0,0
fer0004292.png,1,8,0,0,0,0,1,0,0,0
fer0004293.png,3,0,0,6,0,0,0,0,1,0
fer0004294.png,5,4,0,0,0,0,0,0,1,0
fer0004295.png,0,10,0,0,0,0,0,0,0,0
fer0004296.png,6,0,2,1,0,0,0,0,1,0
fer0004297.png,9,1,0,0,0,0,0,0,0,0
fer0004298.png,5,1,0,0,1,1,0,2,0,0
fer0004299.png,9,0,0,1,0,0,0,0,0,0
fer0004300.png,1,0,1,2,0,0,6,0,0,0
fer0004301.png,5,4,0,0,0,0,0,0,1,0
fer0004302.png,0,9,0,0,0,0,1,0,0,0
fer0004303.png,8,0,0,2,0,0,0,0,0,0
fer0004304.png,3,0,0,0,5,2,0,0,0,0
fer0004305.png,0,0,9,0,0,0,1,0,0,0
fer0004306.png,5,0,0,3,1,0,0,0,1,0
fer0004307.png,2,0,0,8,0,0,0,0,0,0
fer0004308.png,0,0,6,0,0,0,4,0,0,0
fer0004309.png,6,0,1,1,2,0,0,0,0,0
fer0004310.png,1,1,1,0,7,0,0,0,0,0
fer0004311.png,1,1,4,0,1,0,3,0,0,0
fer0004312.png,6,2,2,0,0,0,0,0,0,0
fer0004313.png,8,0,0,0,2,0,0,0,0,0
fer0004314.png,0,0,1,0,9,0,0,0,0,0
fer0004315.png,0,10,0,0,0,0,0,0,0,0
fer0004316.png,1,0,1,0,7,1,0,0,0,0
fer0004317.png,8,0,0,2,0,0,0,0,0,0
fer0004318.png,0,0,9,0,1,0,0,0,0,0
fer0004320.png,10,0,0,0,0,0,0,0,0,0
fer0004321.png,2,0,0,7,1,0,0,0,0,0
fer0004322.png,0,0,8,0,0,0,2,0,0,0
fer0004323.png,0,10,0,0,0,0,0,0,0,0
fer0004324.png,1,0,8,0,0,0,1,0,0,0
fer0004325.png,0,10,0,0,0,0,0,0,0,0
fer0004326.png,4,0,5,0,0,0,0,0,1,0
fer0004327.png,10,0,0,0,0,0,0,0,0,0
fer0004328.png,7,0,0,0,0,0,0,3,0,0
fer0004329.png,6,0,0,1,0,1,0,0,2,0
fer0004330.png,1,9,0,0,0,0,0,0,0,0
fer0004331.png,9,0,0,1,0,0,0,0,0,0
fer0004332.png,1,0,5,0,0,0,4,0,0,0
fer0004333.png,0,1,1,5,2,1,0,0,0,0
fer0004334.png,1,9,0,0,0,0,0,0,0,0
fer0004335.png,0,9,1,0,0,0,0,0,0,0
fer0004336.png,2,0,7,0,0,0,1,0,0,0
fer0004337.png,0,2,7,0,0,0,1,0,0,0
fer0004338.png,6,2,0,0,0,0,0,1,1,0
fer0004339.png,0,0,10,0,0,0,0,0,0,0
fer0004340.png,8,2,0,0,0,0,0,0,0,0
fer0004341.png,7,0,0,0,3,0,0,0,0,0
fer0004342.png,1,9,0,0,0,0,0,0,0,0
fer0004343.png,6,0,3,1,0,0,0,0,0,0
fer0004344.png,0,0,0,8,0,0,1,0,1,0
fer0004345.png,0,0,10,0,0,0,0,0,0,0
fer0004346.png,5,4,0,0,0,0,0,0,1,0
fer0004347.png,6,2,0,2,0,0,0,0,0,0
fer0004348.png,0,6,4,0,0,0,0,0,0,0
fer0004349.png,0,0,0,9,0,0,0,0,1,0
fer0004350.png,0,10,0,0,0,0,0,0,0,0
fer0004351.png,10,0,0,0,0,0,0,0,0,0
fer0004352.png,1,9,0,0,0,0,0,0,0,0
fer0004353.png,9,0,0,1,0,0,0,0,0,0
fer0004354.png,0,10,0,0,0,0,0,0,0,0
fer0004355.png,1,9,0,0,0,0,0,0,0,0
fer0004356.png,8,1,0,1,0,0,0,0,0,0
fer0004357.png,0,9,1,0,0,0,0,0,0,0
fer0004358.png,0,10,0,0,0,0,0,0,0,0
fer0004359.png,2,0,0,7,0,1,0,0,0,0
fer0004360.png,1,0,4,0,1,0,0,2,2,0
fer0004361.png,1,1,0,7,0,0,0,0,1,0
fer0004362.png,6,4,0,0,0,0,0,0,0,0
fer0004363.png,0,10,0,0,0,0,0,0,0,0
fer0004364.png,10,0,0,0,0,0,0,0,0,0
fer0004365.png,1,1,0,4,3,0,0,0,1,0
fer0004366.png,1,0,0,6,2,1,0,0,0,0
fer0004367.png,0,0,9,1,0,0,0,0,0,0
fer0004368.png,9,0,0,1,0,0,0,0,0,0
fer0004369.png,0,9,0,0,1,0,0,0,0,0
fer0004370.png,0,9,0,0,0,1,0,0,0,0
fer0004371.png,7,2,0,0,1,0,0,0,0,0
fer0004372.png,6,0,0,4,0,0,0,0,0,0
fer0004373.png,0,0,1,5,1,0,0,0,3,0
fer0004374.png,5,1,2,0,0,0,0,2,0,0
fer0004375.png,0,10,0,0,0,0,0,0,0,0
fer0004376.png,5,0,0,0,5,0,0,0,0,0
fer0004377.png,5,0,3,1,0,1,0,0,0,0
fer0004378.png,1,9,0,0,0,0,0,0,0,0
fer0004379.png,8,0,0,2,0,0,0,0,0,0
fer0004380.png,2,8,0,0,0,0,0,0,0,0
fer0004381.png,7,0,0,3,0,0,0,0,0,0
fer0004382.png,5,0,5,0,0,0,0,0,0,0
fer0004383.png,0,10,0,0,0,0,0,0,0,0
fer0004384.png,3,0,0,4,0,1,1,0,1,0
fer0004385.png,9,0,0,1,0,0,0,0,0,0
fer0004386.png,8,0,0,0,1,0,1,0,0,0
fer0004387.png,5,0,0,0,3,0,0,2,0,0
fer0004388.png,0,1,1,0,8,0,0,0,0,0
fer0004389.png,3,0,0,7,0,0,0,0,0,0
fer0004390.png,0,0,9,0,0,0,1,0,0,0
fer0004391.png,1,9,0,0,0,0,0,0,0,0
fer0004392.png,1,0,0,9,0,0,0,0,0,0
fer0004393.png,0,0,8,0,0,0,2,0,0,0
fer0004394.png,2,6,0,0,0,1,0,1,0,0
fer0004395.png,1,0,0,5,0,0,3,0,1,0
fer0004396.png,0,0,2,7,1,0,0,0,0,0
fer0004397.png,1,0,0,0,8,1,0,0,0,0
fer0004398.png,5,0,0,1,2,1,0,0,1,0
fer0004399.png,1,0,9,0,0,0,0,0,0,0
fer0004400.png,0,2,1,1,3,0,1,0,2,0
fer0004401.png,9,0,0,1,0,0,0,0,0,0
fer0004402.png,0,2,1,1,4,0,0,0,2,0
fer0004403.png,4,0,1,2,0,0,3,0,0,0
fer0004404.png,9,0,0,1,0,0,0,0,0,0
fer0004405.png,7,1,0,1,0,0,0,0,1,0
fer0004406.png,0,10,0,0,0,0,0,0,0,0
fer0004407.png,5,0,1,2,0,0,0,1,1,0
fer0004408.png,0,0,10,0,0,0,0,0,0,0
fer0004409.png,8,0,0,1,0,0,0,0,1,0
fer0004410.png,9,0,0,1,0,0,0,0,0,0
fer0004411.png,5,0,0,5,0,0,0,0,0,0
fer0004412.png,2,0,0,6,0,0,0,1,1,0
fer0004413.png,5,0,0,3,1,0,0,0,1,0
fer0004414.png,2,0,4,1,1,1,0,0,1,0
fer0004415.png,0,1,5,1,1,0,2,0,0,0
fer0004416.png,0,10,0,0,0,0,0,0,0,0
fer0004417.png,0,0,0,10,0,0,0,0,0,0
fer0004418.png,1,0,9,0,0,0,0,0,0,0
fer0004419.png,3,0,0,6,0,0,0,1,0,0
fer0004420.png,5,5,0,0,0,0,0,0,0,0
fer0004421.png,0,5,5,0,0,0,0,0,0,0
fer0004422.png,1,2,4,0,0,0,1,1,1,0
fer0004423.png,0,0,8,0,0,0,2,0,0,0
fer0004424.png,0,10,0,0,0,0,0,0,0,0
fer0004425.png,0,10,0,0,0,0,0,0,0,0
fer0004426.png,9,0,0,1,0,0,0,0,0,0
fer0004427.png,1,0,0,3,5,1,0,0,0,0
fer0004428.png,0,4,6,0,0,0,0,0,0,0
fer0004429.png,7,0,1,0,0,0,0,1,1,0
fer0004430.png,0,0,1,1,3,0,5,0,0,0
fer0004431.png,8,0,0,1,0,0,1,0,0,0
fer0004432.png,0,7,1,0,0,0,2,0,0,0
fer0004433.png,8,0,0,1,0,0,0,0,1,0
fer0004434.png,0,10,0,0,0,0,0,0,0,0
fer0004435.png,9,1,0,0,0,0,0,0,0,0
fer0004436.png,7,0,1,0,0,0,0,0,2,0
fer0004437.png,1,8,0,0,0,1,0,0,0,0
fer0004438.png,0,0,6,0,0,0,3,0,1,0
fer0004439.png,4,0,1,5,0,0,0,0,0,0
fer0004440.png,0,0,0,0,5,2,1,1,1,0
fer0004441.png,6,0,0,1,3,0,0,0,0,0
fer0004442.png,6,0,0,3,1,0,0,0,0,0
fer0004443.png,0,10,0,0,0,0,0,0,0,0
fer0004444.png,3,0,0,0,6,1,0,0,0,0
fer0004445.png,0,0,1,1,0,0,7,0,1,0
fer0004446.png,0,10,0,0,0,0,0,0,0,0
fer0004447.png,3,4,3,0,0,0,0,0,0,0
fer0004448.png,0,0,1,0,9,0,0,0,0,0
fer0004449.png,0,10,0,0,0,0,0,0,0,0
fer0004450.png,0,9,1,0,0,0,0,0,0,0
fer0004451.png,6,1,0,0,0,0,0,3,0,0
fer0004452.png,0,10,0,0,0,0,0,0,0,0
fer0004453.png,0,0,7,0,2,0,1,0,0,0
fer0004454.png,1,1,8,0,0,0,0,0,0,0
fer0004455.png,6,0,0,4,0,0,0,0,0,0
fer0004456.png,3,0,0,3,0,1,0,1,2,0
fer0004457.png,10,0,0,0,0,0,0,0,0,0
fer0004458.png,0,10,0,0,0,0,0,0,0,0
fer0004459.png,2,8,0,0,0,0,0,0,0,0
fer0004460.png,0,0,0,3,5,0,0,0,2,0
fer0004461.png,0,0,0,0,0,1,2,6,1,0
fer0004462.png,0,10,0,0,0,0,0,0,0,0
fer0004463.png,0,0,1,0,2,0,7,0,0,0
fer0004464.png,1,9,0,0,0,0,0,0,0,0
fer0004465.png,5,1,1,0,0,0,3,0,0,0
fer0004466.png,3,0,0,3,3,0,0,0,1,0
fer0004467.png,2,0,1,5,1,0,0,0,1,0
fer0004468.png,9,0,0,0,0,0,0,0,1,0
fer0004469.png,0,0,5,0,0,0,5,0,0,0
fer0004470.png,0,10,0,0,0,0,0,0,0,0
fer0004471.png,0,10,0,0,0,0,0,0,0,0
fer0004472.png,0,10,0,0,0,0,0,0,0,0
fer0004473.png,0,5,1,1,1,1,0,0,1,0
fer0004474.png,3,0,0,6,0,1,0,0,0,0
fer0004475.png,1,8,0,0,0,1,0,0,0,0
fer0004476.png,2,0,0,8,0,0,0,0,0,0
fer0004477.png,0,10,0,0,0,0,0,0,0,0
fer0004478.png,0,0,10,0,0,0,0,0,0,0
fer0004479.png,0,10,0,0,0,0,0,0,0,0
fer0004480.png,0,0,6,0,2,1,0,0,1,0
fer0004481.png,1,9,0,0,0,0,0,0,0,0
fer0004482.png,0,1,7,0,0,0,1,0,1,0
fer0004483.png,9,0,0,0,0,0,0,1,0,0
fer0004484.png,0,10,0,0,0,0,0,0,0,0
fer0004485.png,2,7,0,0,0,0,0,1,0,0
fer0004486.png,1,9,0,0,0,0,0,0,0,0
fer0004487.png,1,1,8,0,0,0,0,0,0,0
fer0004488.png,2,0,2,0,6,0,0,0,0,0
fer0004489.png,6,0,0,3,0,0,1,0,0,0
fer0004490.png,4,5,0,0,0,0,0,1,0,0
fer0004491.png,7,0,1,0,0,0,0,0,2,0
fer0004492.png,5,0,0,3,0,0,0,0,2,0
fer0004493.png,0,0,4,0,6,0,0,0,0,0
fer0004494.png,1,0,1,0,7,0,0,0,1,0
fer0004495.png,1,0,4,0,5,0,0,0,0,0
fer0004496.png,0,0,1,3,0,0,5,0,1,0
fer0004497.png,0,1,0,9,0,0,0,0,0,0
fer0004498.png,0,10,0,0,0,0,0,0,0,0
fer0004499.png,6,1,1,0,0,0,1,1,0,0
fer0004500.png,0,1,8,0,0,0,1,0,0,0
fer0004501.png,0,0,9,0,0,0,1,0,0,0
fer0004502.png,0,0,0,10,0,0,0,0,0,0
fer0004503.png,0,6,4,0,0,0,0,0,0,0
fer0004504.png,0,10,0,0,0,0,0,0,0,0
fer0004505.png,0,0,9,0,0,0,1,0,0,0
fer0004506.png,2,0,2,0,3,1,0,1,1,0
fer0004507.png,5,0,0,2,0,0,0,1,2,0
fer0004508.png,0,0,9,0,0,0,1,0,0,0
fer0004509.png,3,7,0,0,0,0,0,0,0,0
fer0004510.png,2,1,1,6,0,0,0,0,0,0
fer0004511.png,9,0,0,1,0,0,0,0,0,0
fer0004512.png,1,0,0,0,1,0,0,7,1,0
fer0004514.png,4,0,0,6,0,0,0,0,0,0
fer0004515.png,0,0,2,0,0,0,8,0,0,0
fer0004516.png,9,1,0,0,0,0,0,0,0,0
fer0004517.png,0,8,1,0,0,0,0,0,1,0
fer0004518.png,0,10,0,0,0,0,0,0,0,0
fer0004519.png,0,1,0,0,1,1,5,0,2,0
fer0004520.png,8,0,0,2,0,0,0,0,0,0
fer0004521.png,3,0,6,1,0,0,0,0,0,0
fer0004522.png,5,1,0,0,2,0,0,0,2,0
fer0004523.png,0,0,0,5,2,2,1,0,0,0
fer0004524.png,0,10,0,0,0,0,0,0,0,0
fer0004525.png,9,0,0,1,0,0,0,0,0,0
fer0004526.png,6,0,1,3,0,0,0,0,0,0
fer0004527.png,10,0,0,0,0,0,0,0,0,0
fer0004528.png,1,0,9,0,0,0,0,0,0,0
fer0004529.png,0,1,0,7,2,0,0,0,0,0
fer0004530.png,1,9,0,0,0,0,0,0,0,0
fer0004531.png,0,0,0,5,1,0,2,1,1,0
fer0004532.png,3,0,0,3,1,0,0,0,3,0
fer0004533.png,3,0,0,2,3,0,0,0,2,0
fer0004534.png,9,0,0,1,0,0,0,0,0,0
fer0004535.png,5,0,0,1,4,0,0,0,0,0
fer0004536.png,9,0,0,1,0,0,0,0,0,0
fer0004537.png,0,9,0,1,0,0,0,0,0,0
fer0004538.png,1,9,0,0,0,0,0,0,0,0
fer0004539.png,0,1,0,0,6,0,0,0,3,0
fer0004540.png,3,0,0,5,0,0,0,0,2,0
fer0004541.png,0,9,0,0,1,0,0,0,0,0
fer0004542.png,6,0,0,3,0,0,0,0,1,0
fer0004543.png,9,0,0,1,0,0,0,0,0,0
fer0004544.png,6,4,0,0,0,0,0,0,0,0
fer0004545.png,5,5,0,0,0,0,0,0,0,0
fer0004546.png,2,0,1,2,1,0,0,1,3,0
fer0004547.png,5,0,0,2,2,0,0,0,1,0
fer0004548.png,0,7,3,0,0,0,0,0,0,0
fer0004549.png,0,10,0,0,0,0,0,0,0,0
fer0004550.png,0,10,0,0,0,0,0,0,0,0
fer0004551.png,0,8,0,0,0,0,0,0,2,0
fer0004552.png,5,0,0,1,1,0,2,0,1,0
fer0004553.png,5,0,0,4,0,0,0,0,1,0
fer0004554.png,0,10,0,0,0,0,0,0,0,0
fer0004555.png,8,0,1,0,0,0,0,1,0,0
fer0004556.png,7,2,0,0,0,0,0,0,1,0
fer0004557.png,0,0,9,0,0,0,1,0,0,0
fer0004558.png,0,10,0,0,0,0,0,0,0,0
fer0004559.png,0,10,0,0,0,0,0,0,0,0
fer0004560.png,0,0,10,0,0,0,0,0,0,0
fer0004561.png,0,10,0,0,0,0,0,0,0,0
fer0004562.png,0,8,2,0,0,0,0,0,0,0
fer0004563.png,0,0,7,0,0,0,3,0,0,0
fer0004564.png,2,0,0,8,0,0,0,0,0,0
fer0004565.png,9,0,0,1,0,0,0,0,0,0
fer0004566.png,6,1,0,0,1,0,0,1,1,0
fer0004567.png,3,0,0,7,0,0,0,0,0,0
fer0004568.png,0,10,0,0,0,0,0,0,0,0
fer0004569.png,5,0,4,0,0,0,0,0,1,0
fer0004570.png,0,0,4,3,0,0,3,0,0,0
fer0004571.png,3,0,0,0,6,1,0,0,0,0
fer0004572.png,0,10,0,0,0,0,0,0,0,0
fer0004573.png,2,0,5,0,0,0,1,0,2,0
fer0004574.png,4,0,0,5,0,0,0,0,1,0
fer0004575.png,0,0,3,0,0,0,3,4,0,0
fer0004576.png,8,0,1,1,0,0,0,0,0,0
fer0004577.png,2,0,1,1,3,2,0,0,1,0
fer0004578.png,0,1,7,0,0,0,2,0,0,0
fer0004579.png,1,0,0,4,0,2,0,3,0,0
fer0004580.png,6,0,2,1,0,0,0,0,1,0
fer0004581.png,0,10,0,0,0,0,0,0,0,0
fer0004582.png,6,0,0,3,0,0,0,0,1,0
fer0004583.png,7,0,0,0,2,1,0,0,0,0
fer0004584.png,8,0,0,2,0,0,0,0,0,0
fer0004585.png,7,0,0,2,0,0,0,0,1,0
fer0004586.png,8,1,0,1,0,0,0,0,0,0
fer0004587.png,6,3,0,0,0,0,0,0,1,0
fer0004588.png,0,0,0,10,0,0,0,0,0,0
fer0004589.png,1,0,0,0,7,0,1,1,0,0
fer0004590.png,0,0,5,0,1,0,4,0,0,0
fer0004591.png,7,0,0,2,0,0,0,0,1,0
fer0004592.png,1,0,0,1,5,3,0,0,0,0
fer0004593.png,1,0,3,0,0,0,6,0,0,0
fer0004594.png,1,1,0,3,1,0,1,0,3,0
fer0004595.png,8,0,0,1,1,0,0,0,0,0
fer0004596.png,0,10,0,0,0,0,0,0,0,0
fer0004597.png,0,10,0,0,0,0,0,0,0,0
fer0004598.png,0,10,0,0,0,0,0,0,0,0
fer0004599.png,0,10,0,0,0,0,0,0,0,0
fer0004600.png,4,0,0,1,4,1,0,0,0,0
fer0004601.png,4,1,0,4,0,0,0,1,0,0
fer0004602.png,0,10,0,0,0,0,0,0,0,0
fer0004603.png,5,0,0,5,0,0,0,0,0,0
fer0004604.png,0,3,0,2,4,0,0,1,0,0
fer0004605.png,0,1,9,0,0,0,0,0,0,0
fer0004606.png,6,0,0,3,0,0,0,0,1,0
fer0004607.png,8,0,0,2,0,0,0,0,0,0
fer0004608.png,0,0,0,0,8,2,0,0,0,0
fer0004609.png,0,10,0,0,0,0,0,0,0,0
fer0004610.png,4,6,0,0,0,0,0,0,0,0
fer0004611.png,5,0,1,3,0,0,0,0,1,0
fer0004612.png,0,10,0,0,0,0,0,0,0,0
fer0004613.png,2,0,8,0,0,0,0,0,0,0
fer0004614.png,0,0,0,10,0,0,0,0,0,0
fer0004615.png,0,10,0,0,0,0,0,0,0,0
fer0004616.png,4,6,0,0,0,0,0,0,0,0
fer0004617.png,5,5,0,0,0,0,0,0,0,0
fer0004618.png,9,0,0,0,1,0,0,0,0,0
fer0004619.png,2,1,0,7,0,0,0,0,0,0
fer0004620.png,3,0,7,0,0,0,0,0,0,0
fer0004621.png,0,10,0,0,0,0,0,0,0,0
fer0004622.png,2,0,4,0,0,0,3,0,1,0
fer0004623.png,7,0,0,0,3,0,0,0,0,0
fer0004624.png,6,4,0,0,0,0,0,0,0,0
fer0004625.png,0,10,0,0,0,0,0,0,0,0
fer0004626.png,0,10,0,0,0,0,0,0,0,0
fer0004627.png,0,10,0,0,0,0,0,0,0,0
fer0004628.png,0,0,9,0,0,0,1,0,0,0
fer0004629.png,9,0,0,0,0,0,0,1,0,0
fer0004630.png,2,6,2,0,0,0,0,0,0,0
fer0004631.png,0,10,0,0,0,0,0,0,0,0
fer0004632.png,0,10,0,0,0,0,0,0,0,0
fer0004633.png,0,0,2,0,7,0,0,0,1,0
fer0004634.png,0,10,0,0,0,0,0,0,0,0
fer0004635.png,0,9,0,0,0,1,0,0,0,0
fer0004636.png,1,0,0,9,0,0,0,0,0,0
fer0004637.png,6,0,0,1,0,0,0,3,0,0
fer0004638.png,9,0,0,1,0,0,0,0,0,0
fer0004639.png,9,0,0,0,1,0,0,0,0,0
fer0004640.png,0,0,10,0,0,0,0,0,0,0
fer0004641.png,1,9,0,0,0,0,0,0,0,0
fer0004642.png,5,0,2,2,0,1,0,0,0,0
fer0004643.png,5,0,0,0,5,0,0,0,0,0
fer0004644.png,0,3,5,0,0,0,1,0,1,0
fer0004645.png,0,3,7,0,0,0,0,0,0,0
fer0004646.png,1,0,0,7,0,1,1,0,0,0
fer0004647.png,2,0,0,6,1,1,0,0,0,0
fer0004648.png,3,0,2,0,2,0,1,0,2,0
fer0004649.png,0,6,4,0,0,0,0,0,0,0
fer0004650.png,0,0,2,0,1,0,7,0,0,0
fer0004651.png,9,0,0,1,0,0,0,0,0,0
fer0004652.png,5,0,0,0,4,0,0,0,1,0
fer0004653.png,2,1,1,2,3,0,0,0,1,0
fer0004654.png,8,0,0,0,0,0,1,0,1,0
fer0004655.png,1,8,0,0,0,0,0,0,1,0
fer0004656.png,0,10,0,0,0,0,0,0,0,0
fer0004657.png,0,0,1,0,9,0,0,0,0,0
fer0004658.png,7,2,0,1,0,0,0,0,0,0
fer0004659.png,10,0,0,0,0,0,0,0,0,0
fer0004660.png,0,0,9,0,0,0,1,0,0,0
fer0004661.png,0,9,0,0,0,0,0,1,0,0
fer0004662.png,4,0,0,2,0,0,0,2,2,0
fer0004663.png,4,6,0,0,0,0,0,0,0,0
fer0004664.png,9,0,0,1,0,0,0,0,0,0
fer0004665.png,4,0,0,4,0,1,0,1,0,0
fer0004666.png,2,0,0,7,0,0,0,0,1,0
fer0004667.png,2,0,0,8,0,0,0,0,0,0
fer0004668.png,1,7,0,0,0,0,1,0,1,0
fer0004669.png,0,0,0,10,0,0,0,0,0,0
fer0004670.png,4,0,0,0,0,0,0,6,0,0
fer0004671.png,3,3,3,0,0,0,0,0,1,0
fer0004672.png,1,0,1,0,8,0,0,0,0,0
fer0004673.png,3,0,0,7,0,0,0,0,0,0
fer0004674.png,1,9,0,0,0,0,0,0,0,0
fer0004675.png,9,0,0,0,1,0,0,0,0,0
fer0004676.png,1,0,0,8,0,0,0,0,1,0
fer0004677.png,0,0,9,0,0,0,1,0,0,0
fer0004678.png,0,0,0,10,0,0,0,0,0,0
fer0004679.png,0,1,9,0,0,0,0,0,0,0
fer0004680.png,0,0,1,1,8,0,0,0,0,0
fer0004681.png,0,10,0,0,0,0,0,0,0,0
fer0004682.png,1,0,1,1,0,0,6,0,1,0
fer0004683.png,8,0,0,1,0,0,0,0,1,0
fer0004684.png,0,0,5,0,3,0,2,0,0,0
fer0004685.png,8,0,0,0,2,0,0,0,0,0
fer0004686.png,2,8,0,0,0,0,0,0,0,0
fer0004687.png,6,0,0,3,0,0,0,1,0,0
fer0004688.png,7,0,0,2,0,0,0,0,1,0
fer0004689.png,0,0,0,10,0,0,0,0,0,0
fer0004690.png,2,0,8,0,0,0,0,0,0,0
fer0004691.png,3,0,0,5,0,0,0,2,0,0
fer0004692.png,9,0,0,0,0,0,0,1,0,0
fer0004693.png,1,5,0,0,1,0,0,0,3,0
fer0004694.png,5,1,1,1,0,0,0,1,1,0
fer0004695.png,7,0,0,2,0,0,0,0,1,0
fer0004696.png,10,0,0,0,0,0,0,0,0,0
fer0004697.png,9,0,0,1,0,0,0,0,0,0
fer0004698.png,2,1,0,0,1,6,0,0,0,0
fer0004699.png,6,0,0,3,0,0,0,1,0,0
fer0004700.png,9,0,0,1,0,0,0,0,0,0
fer0004701.png,9,1,0,0,0,0,0,0,0,0
fer0004702.png,0,10,0,0,0,0,0,0,0,0
fer0004703.png,8,0,1,1,0,0,0,0,0,0
fer0004704.png,4,6,0,0,0,0,0,0,0,0
fer0004705.png,1,9,0,0,0,0,0,0,0,0
fer0004706.png,5,0,0,2,0,2,0,0,1,0
fer0004707.png,0,10,0,0,0,0,0,0,0,0
fer0004708.png,2,0,0,8,0,0,0,0,0,0
fer0004709.png,7,0,0,0,3,0,0,0,0,0
fer0004710.png,8,0,0,1,0,0,0,1,0,0
fer0004711.png,0,10,0,0,0,0,0,0,0,0
fer0004712.png,5,0,0,4,0,0,0,0,1,0
fer0004713.png,2,0,7,0,0,0,1,0,0,0
fer0004714.png,8,0,0,2,0,0,0,0,0,0
fer0004715.png,7,0,0,2,0,0,0,1,0,0
fer0004716.png,1,9,0,0,0,0,0,0,0,0
fer0004717.png,5,5,0,0,0,0,0,0,0,0
fer0004718.png,3,7,0,0,0,0,0,0,0,0
fer0004719.png,0,0,0,0,5,3,0,1,1,0
fer0004720.png,0,0,10,0,0,0,0,0,0,0
fer0004721.png,2,1,0,4,1,0,0,2,0,0
fer0004722.png,8,0,0,1,0,0,0,0,1,0
fer0004723.png,1,0,0,0,4,5,0,0,0,0
fer0004724.png,1,1,7,0,1,0,0,0,0,0
fer0004725.png,4,0,0,4,0,0,0,0,2,0
fer0004726.png,8,0,0,1,0,0,0,0,1,0
fer0004727.png,6,0,0,2,1,0,0,1,0,0
fer0004728.png,4,0,1,4,0,0,0,0,1,0
fer0004729.png,5,0,0,2,1,0,0,2,0,0
fer0004730.png,7,0,1,0,0,1,0,0,1,0
fer0004731.png,1,2,7,0,0,0,0,0,0,0
fer0004732.png,0,10,0,0,0,0,0,0,0,0
fer0004733.png,0,10,0,0,0,0,0,0,0,0
fer0004734.png,7,2,0,0,0,0,0,1,0,0
fer0004735.png,0,9,0,0,0,0,0,0,0,1
fer0004736.png,7,3,0,0,0,0,0,0,0,0
fer0004737.png,9,0,0,0,1,0,0,0,0,0
fer0004738.png,0,0,0,6,0,0,3,0,1,0
fer0004739.png,0,0,10,0,0,0,0,0,0,0
fer0004740.png,9,0,0,0,1,0,0,0,0,0
fer0004741.png,1,9,0,0,0,0,0,0,0,0
fer0004742.png,5,0,0,0,0,0,0,4,1,0
fer0004743.png,1,0,5,1,1,0,2,0,0,0
fer0004744.png,10,0,0,0,0,0,0,0,0,0
fer0004745.png,6,3,1,0,0,0,0,0,0,0
fer0004746.png,0,9,0,0,0,0,0,0,1,0
fer0004747.png,3,0,1,1,0,0,4,0,1,0
fer0004748.png,0,0,1,0,7,0,0,0,2,0
fer0004749.png,0,0,0,1,3,0,3,0,3,0
fer0004750.png,4,0,0,5,0,0,0,0,1,0
fer0004751.png,1,4,4,0,0,0,1,0,0,0
fer0004752.png,4,0,0,4,0,0,0,0,2,0
fer0004753.png,6,0,0,3,1,0,0,0,0,0
fer0004754.png,9,0,0,1,0,0,0,0,0,0
fer0004755.png,3,0,0,3,2,0,0,0,2,0
fer0004756.png,3,0,0,5,0,0,0,0,2,0
fer0004757.png,0,8,0,0,0,0,0,0,2,0
fer0004758.png,6,0,0,3,0,0,0,0,1,0
fer0004759.png,0,0,2,0,8,0,0,0,0,0
fer0004760.png,9,0,0,0,1,0,0,0,0,0
fer0004761.png,10,0,0,0,0,0,0,0,0,0
fer0004762.png,10,0,0,0,0,0,0,0,0,0
fer0004763.png,0,0,0,10,0,0,0,0,0,0
fer0004764.png,3,0,0,5,1,0,0,0,1,0
fer0004765.png,0,0,0,10,0,0,0,0,0,0
fer0004766.png,9,0,0,1,0,0,0,0,0,0
fer0004767.png,1,9,0,0,0,0,0,0,0,0
fer0004768.png,0,0,8,0,0,0,2,0,0,0
fer0004769.png,7,0,2,0,0,0,0,0,1,0
fer0004770.png,1,1,4,0,2,0,2,0,0,0
fer0004771.png,0,10,0,0,0,0,0,0,0,0
fer0004772.png,0,9,0,0,0,0,0,0,1,0
fer0004773.png,9,0,0,0,1,0,0,0,0,0
fer0004774.png,4,0,0,0,6,0,0,0,0,0
fer0004775.png,0,0,5,0,0,0,5,0,0,0
fer0004776.png,1,0,0,7,1,0,0,0,1,0
fer0004777.png,1,0,4,2,0,1,2,0,0,0
fer0004778.png,0,10,0,0,0,0,0,0,0,0
fer0004779.png,10,0,0,0,0,0,0,0,0,0
fer0004780.png,0,10,0,0,0,0,0,0,0,0
fer0004781.png,7,0,1,2,0,0,0,0,0,0
fer0004782.png,9,0,0,0,0,1,0,0,0,0
fer0004783.png,7,1,0,0,0,0,0,0,2,0
fer0004784.png,1,8,0,0,0,0,0,1,0,0
fer0004785.png,5,0,5,0,0,0,0,0,0,0
fer0004786.png,0,0,1,0,0,0,9,0,0,0
fer0004787.png,0,0,0,10,0,0,0,0,0,0
fer0004788.png,0,5,1,0,3,0,0,0,1,0
fer0004789.png,1,3,6,0,0,0,0,0,0,0
fer0004790.png,9,1,0,0,0,0,0,0,0,0
fer0004791.png,9,1,0,0,0,0,0,0,0,0
fer0004792.png,0,10,0,0,0,0,0,0,0,0
fer0004793.png,4,0,0,0,5,0,0,1,0,0
fer0004794.png,9,0,0,1,0,0,0,0,0,0
fer0004795.png,0,10,0,0,0,0,0,0,0,0
fer0004796.png,7,0,1,2,0,0,0,0,0,0
fer0004797.png,0,0,0,7,0,3,0,0,0,0
fer0004798.png,0,0,2,0,6,0,1,0,1,0
fer0004799.png,0,0,3,0,7,0,0,0,0,0
fer0004800.png,0,0,0,0,7,0,0,1,2,0
fer0004801.png,0,0,10,0,0,0,0,0,0,0
fer0004802.png,4,6,0,0,0,0,0,0,0,0
fer0004803.png,2,0,0,8,0,0,0,0,0,0
fer0004804.png,0,0,0,9,0,0,1,0,0,0
fer0004805.png,3,0,1,3,0,0,0,0,3,0
fer0004806.png,0,10,0,0,0,0,0,0,0,0
fer0004807.png,0,0,6,1,0,0,3,0,0,0
fer0004808.png,0,10,0,0,0,0,0,0,0,0
fer0004809.png,0,0,0,0,10,0,0,0,0,0
fer0004810.png,9,0,0,1,0,0,0,0,0,0
fer0004811.png,3,0,0,6,0,0,0,0,1,0
fer0004812.png,10,0,0,0,0,0,0,0,0,0
fer0004813.png,1,2,2,0,2,0,3,0,0,0
fer0004814.png,10,0,0,0,0,0,0,0,0,0
fer0004815.png,0,0,2,0,7,0,1,0,0,0
fer0004816.png,2,1,0,0,6,0,0,0,1,0
fer0004817.png,1,8,0,0,0,0,0,1,0,0
fer0004818.png,1,9,0,0,0,0,0,0,0,0
fer0004819.png,0,10,0,0,0,0,0,0,0,0
fer0004820.png,1,0,8,0,1,0,0,0,0,0
fer0004821.png,9,0,0,0,0,0,0,1,0,0
fer0004822.png,0,1,0,9,0,0,0,0,0,0
fer0004823.png,2,6,2,0,0,0,0,0,0,0
fer0004824.png,0,10,0,0,0,0,0,0,0,0
fer0004825.png,0,0,3,0,2,1,3,0,1,0
fer0004826.png,0,10,0,0,0,0,0,0,0,0
fer0004827.png,8,0,0,0,0,0,0,2,0,0
fer0004828.png,8,0,0,2,0,0,0,0,0,0
fer0004829.png,0,10,0,0,0,0,0,0,0,0
fer0004830.png,0,10,0,0,0,0,0,0,0,0
fer0004831.png,1,8,0,1,0,0,0,0,0,0
fer0004832.png,0,0,10,0,0,0,0,0,0,0
fer0004833.png,2,0,0,3,0,0,4,1,0,0
fer0004834.png,1,0,0,0,9,0,0,0,0,0
fer0004835.png,1,0,7,0,0,0,0,1,1,0
fer0004836.png,0,1,1,0,7,0,0,1,0,0
fer0004837.png,6,3,0,0,0,0,0,1,0,0
fer0004838.png,7,1,0,1,0,0,0,0,1,0
fer0004839.png,1,0,0,0,6,1,0,0,2,0
fer0004840.png,1,0,0,0,8,0,1,0,0,0
fer0004841.png,0,4,5,0,0,0,0,0,1,0
fer0004842.png,0,3,6,0,0,0,1,0,0,0
fer0004843.png,5,0,0,5,0,0,0,0,0,0
fer0004844.png,0,0,2,0,7,0,0,0,1,0
fer0004845.png,1,0,0,0,6,1,1,0,1,0
fer0004846.png,0,0,9,0,0,1,0,0,0,0
fer0004847.png,0,0,0,10,0,0,0,0,0,0
fer0004848.png,8,0,0,2,0,0,0,0,0,0
fer0004849.png,6,0,0,3,0,0,0,0,1,0
fer0004850.png,0,0,7,0,0,0,2,0,1,0
fer0004851.png,1,9,0,0,0,0,0,0,0,0
fer0004852.png,7,0,0,0,0,0,0,0,3,0
fer0004853.png,0,10,0,0,0,0,0,0,0,0
fer0004854.png,0,10,0,0,0,0,0,0,0,0
fer0004855.png,0,8,1,0,0,0,0,0,1,0
fer0004856.png,4,0,0,6,0,0,0,0,0,0
fer0004857.png,0,0,1,0,8,0,0,0,1,0
fer0004858.png,0,0,4,1,0,0,5,0,0,0
fer0004859.png,6,3,0,0,0,1,0,0,0,0
fer0004860.png,9,1,0,0,0,0,0,0,0,0
fer0004861.png,3,0,5,0,1,0,0,0,1,0
fer0004862.png,7,0,1,2,0,0,0,0,0,0
fer0004863.png,2,1,0,6,0,0,0,1,0,0
fer0004864.png,0,0,0,9,0,0,0,0,1,0
fer0004865.png,7,0,0,1,0,0,0,0,2,0
fer0004866.png,3,0,0,4,1,0,0,0,2,0
fer0004867.png,0,10,0,0,0,0,0,0,0,0
fer0004868.png,4,0,0,4,0,1,1,0,0,0
fer0004869.png,4,0,0,0,0,0,0,6,0,0
fer0004870.png,9,0,0,0,1,0,0,0,0,0
fer0004871.png,0,10,0,0,0,0,0,0,0,0
fer0004872.png,7,0,0,1,0,0,0,1,1,0
fer0004873.png,0,10,0,0,0,0,0,0,0,0
fer0004874.png,1,0,0,5,2,1,0,0,1,0
fer0004875.png,9,0,0,1,0,0,0,0,0,0
fer0004876.png,8,0,0,1,0,0,0,1,0,0
fer0004877.png,0,10,0,0,0,0,0,0,0,0
fer0004878.png,0,10,0,0,0,0,0,0,0,0
fer0004879.png,0,10,0,0,0,0,0,0,0,0
fer0004880.png,5,0,4,0,0,0,0,0,1,0
fer0004881.png,5,0,0,3,0,0,0,0,2,0
fer0004882.png,5,4,0,0,0,0,0,1,0,0
fer0004883.png,6,1,0,1,0,0,0,0,2,0
fer0004884.png,1,0,9,0,0,0,0,0,0,0
fer0004885.png,1,9,0,0,0,0,0,0,0,0
fer0004886.png,9,0,0,1,0,0,0,0,0,0
fer0004887.png,0,0,6,0,0,1,3,0,0,0
fer0004888.png,10,0,0,0,0,0,0,0,0,0
fer0004889.png,0,0,1,0,0,8,0,0,1,0
fer0004890.png,3,0,6,0,0,0,0,1,0,0
fer0004891.png,1,0,4,1,1,0,2,0,1,0
fer0004892.png,5,5,0,0,0,0,0,0,0,0
fer0004893.png,1,2,1,0,0,0,5,0,1,0
fer0004894.png,5,0,0,2,0,0,0,1,2,0
fer0004895.png,8,0,0,2,0,0,0,0,0,0
fer0004896.png,1,0,1,6,0,0,0,0,2,0
fer0004897.png,0,0,1,0,6,0,1,0,2,0
fer0004898.png,9,1,0,0,0,0,0,0,0,0
fer0004899.png,2,0,0,0,0,3,0,5,0,0
fer0004900.png,3,0,0,0,4,1,1,0,1,0
fer0004901.png,7,0,1,0,0,1,0,0,1,0
fer0004902.png,0,10,0,0,0,0,0,0,0,0
fer0004903.png,0,0,1,1,8,0,0,0,0,0
fer0004904.png,6,0,1,0,2,0,1,0,0,0
fer0004905.png,1,9,0,0,0,0,0,0,0,0
fer0004906.png,0,1,2,1,1,0,3,0,2,0
fer0004907.png,2,0,8,0,0,0,0,0,0,0
fer0004908.png,1,6,2,0,0,0,0,0,1,0
fer0004909.png,5,2,1,0,0,0,0,0,2,0
fer0004910.png,4,0,1,3,0,1,0,0,1,0
fer0004911.png,7,0,0,3,0,0,0,0,0,0
fer0004912.png,5,3,0,0,0,0,0,2,0,0
fer0004913.png,0,0,0,0,10,0,0,0,0,0
fer0004914.png,7,0,0,2,0,0,0,0,1,0
fer0004915.png,8,0,0,0,2,0,0,0,0,0
fer0004916.png,8,2,0,0,0,0,0,0,0,0
fer0004917.png,0,10,0,0,0,0,0,0,0,0
fer0004918.png,1,0,8,1,0,0,0,0,0,0
fer0004919.png,1,9,0,0,0,0,0,0,0,0
fer0004920.png,2,8,0,0,0,0,0,0,0,0
fer0004921.png,0,5,4,0,0,0,0,0,1,0
fer0004922.png,3,1,0,1,5,0,0,0,0,0
fer0004923.png,0,9,0,0,0,0,0,0,1,0
fer0004924.png,4,0,5,0,1,0,0,0,0,0
fer0004925.png,8,0,0,0,2,0,0,0,0,0
fer0004926.png,3,0,0,5,0,0,0,1,1,0
fer0004927.png,5,5,0,0,0,0,0,0,0,0
fer0004928.png,0,0,0,10,0,0,0,0,0,0
fer0004929.png,2,0,0,2,6,0,0,0,0,0
fer0004930.png,1,0,0,9,0,0,0,0,0,0
fer0004931.png,0,0,2,0,7,0,1,0,0,0
fer0004932.png,3,0,0,5,0,0,0,2,0,0
fer0004933.png,0,0,0,10,0,0,0,0,0,0
fer0004934.png,0,10,0,0,0,0,0,0,0,0
fer0004935.png,6,0,0,4,0,0,0,0,0,0
fer0004936.png,3,0,1,5,0,0,1,0,0,0
fer0004937.png,0,0,6,0,0,0,4,0,0,0
fer0004938.png,4,1,5,0,0,0,0,0,0,0
fer0004939.png,3,0,5,0,0,0,0,0,2,0
fer0004940.png,4,5,0,0,0,0,0,1,0,0
fer0004941.png,0,0,2,2,5,0,0,0,1,0
fer0004942.png,0,9,1,0,0,0,0,0,0,0
fer0004943.png,7,0,0,0,2,0,0,0,1,0
fer0004944.png,0,10,0,0,0,0,0,0,0,0
fer0004945.png,4,5,0,0,0,0,0,0,1,0
fer0004946.png,0,10,0,0,0,0,0,0,0,0
fer0004947.png,8,0,0,0,1,0,1,0,0,0
fer0004948.png,0,8,0,0,1,0,0,0,1,0
fer0004949.png,0,10,0,0,0,0,0,0,0,0
fer0004950.png,0,1,1,8,0,0,0,0,0,0
fer0004951.png,0,10,0,0,0,0,0,0,0,0
fer0004952.png,8,0,0,0,0,0,0,0,2,0
fer0004953.png,1,0,5,3,0,0,1,0,0,0
fer0004954.png,0,10,0,0,0,0,0,0,0,0
fer0004955.png,0,0,2,0,8,0,0,0,0,0
fer0004956.png,0,10,0,0,0,0,0,0,0,0
fer0004957.png,1,9,0,0,0,0,0,0,0,0
fer0004958.png,10,0,0,0,0,0,0,0,0,0
fer0004959.png,1,9,0,0,0,0,0,0,0,0
fer0004960.png,8,1,0,1,0,0,0,0,0,0
fer0004961.png,0,0,0,0,1,6,0,0,3,0
fer0004962.png,4,0,0,0,4,0,0,2,0,0
fer0004963.png,1,0,0,6,0,1,0,0,2,0
fer0004964.png,0,10,0,0,0,0,0,0,0,0
fer0004965.png,0,9,1,0,0,0,0,0,0,0
fer0004966.png,8,0,0,2,0,0,0,0,0,0
fer0004967.png,1,0,3,1,0,0,5,0,0,0
fer0004968.png,6,0,0,3,0,0,0,0,1,0
fer0004969.png,4,4,1,1,0,0,0,0,0,0
fer0004970.png,0,4,2,1,3,0,0,0,0,0
fer0004971.png,3,0,1,2,2,1,0,0,1,0
fer0004972.png,0,10,0,0,0,0,0,0,0,0
fer0004973.png,0,0,0,0,8,0,2,0,0,0
fer0004974.png,8,0,0,1,0,0,0,1,0,0
fer0004975.png,0,10,0,0,0,0,0,0,0,0
fer0004976.png,0,10,0,0,0,0,0,0,0,0
fer0004977.png,0,0,10,0,0,0,0,0,0,0
fer0004978.png,1,0,3,1,0,0,5,0,0,0
fer0004979.png,5,1,0,3,0,0,0,1,0,0
fer0004980.png,0,10,0,0,0,0,0,0,0,0
fer0004981.png,2,0,0,7,0,0,0,0,1,0
fer0004982.png,0,3,2,0,0,0,4,0,1,0
fer0004983.png,0,2,8,0,0,0,0,0,0,0
fer0004984.png,0,1,2,0,6,0,0,1,0,0
fer0004985.png,3,6,1,0,0,0,0,0,0,0
fer0004986.png,8,0,1,0,0,0,0,0,1,0
fer0004987.png,0,10,0,0,0,0,0,0,0,0
fer0004988.png,0,10,0,0,0,0,0,0,0,0
fer0004989.png,7,0,0,0,0,1,0,2,0,0
fer0004990.png,10,0,0,0,0,0,0,0,0,0
fer0004991.png,2,7,0,1,0,0,0,0,0,0
fer0004992.png,0,9,0,0,0,0,0,0,1,0
fer0004993.png,5,0,0,0,0,0,1,0,4,0
fer0004994.png,10,0,0,0,0,0,0,0,0,0
fer0004995.png,1,3,6,0,0,0,0,0,0,0
fer0004996.png,0,0,0,10,0,0,0,0,0,0
fer0004997.png,10,0,0,0,0,0,0,0,0,0
fer0004998.png,0,10,0,0,0,0,0,0,0,0
fer0004999.png,1,9,0,0,0,0,0,0,0,0
fer0005000.png,1,9,0,0,0,0,0,0,0,0
fer0005001.png,0,0,0,0,9,0,0,0,1,0
fer0005002.png,2,0,0,6,0,0,0,0,2,0
fer0005003.png,0,10,0,0,0,0,0,0,0,0
fer0005004.png,4,0,1,0,3,0,0,0,2,0
fer0005005.png,7,1,1,1,0,0,0,0,0,0
fer0005006.png,3,0,0,0,5,0,0,0,2,0
fer0005007.png,10,0,0,0,0,0,0,0,0,0
fer0005008.png,4,0,0,0,5,0,0,0,1,0
fer0005009.png,5,0,0,3,0,0,0,0,2,0
fer0005010.png,8,0,0,1,0,0,0,1,0,0
fer0005011.png,3,0,6,0,0,0,1,0,0,0
fer0005012.png,2,3,5,0,0,0,0,0,0,0
fer0005013.png,5,0,0,4,0,0,0,1,0,0
fer0005014.png,8,0,0,2,0,0,0,0,0,0
fer0005015.png,8,0,0,2,0,0,0,0,0,0
fer0005016.png,2,0,0,0,8,0,0,0,0,0
fer0005017.png,1,4,5,0,0,0,0,0,0,0
fer0005018.png,1,0,5,0,0,0,4,0,0,0
fer0005019.png,9,0,0,1,0,0,0,0,0,0
fer0005020.png,7,0,0,1,0,0,0,0,2,0
fer0005021.png,8,0,0,0,1,1,0,0,0,0
fer0005022.png,7,0,0,2,0,0,1,0,0,0
fer0005023.png,0,4,6,0,0,0,0,0,0,0
fer0005024.png,6,0,0,2,0,0,0,0,2,0
fer0005025.png,1,9,0,0,0,0,0,0,0,0
fer0005026.png,9,0,0,0,0,0,0,0,1,0
fer0005027.png,1,1,4,0,0,1,0,1,2,0
fer0005028.png,0,2,0,7,0,0,0,1,0,0
fer0005029.png,1,0,8,0,0,0,1,0,0,0
fer0005030.png,0,0,10,0,0,0,0,0,0,0
fer0005031.png,10,0,0,0,0,0,0,0,0,0
fer0005032.png,0,0,5,0,0,0,5,0,0,0
fer0005033.png,8,0,0,0,2,0,0,0,0,0
fer0005034.png,0,10,0,0,0,0,0,0,0,0
fer0005035.png,0,10,0,0,0,0,0,0,0,0
fer0005036.png,7,0,0,1,1,0,0,0,1,0
fer0005037.png,2,0,0,0,7,1,0,0,0,0
fer0005038.png,9,0,0,1,0,0,0,0,0,0
fer0005039.png,0,9,1,0,0,0,0,0,0,0
fer0005040.png,0,10,0,0,0,0,0,0,0,0
fer0005041.png,10,0,0,0,0,0,0,0,0,0
fer0005042.png,0,10,0,0,0,0,0,0,0,0
fer0005044.png,0,0,0,10,0,0,0,0,0,0
fer0005045.png,9,0,0,0,1,0,0,0,0,0
fer0005046.png,1,9,0,0,0,0,0,0,0,0
fer0005047.png,0,0,2,0,1,1,5,0,1,0
fer0005048.png,4,0,0,6,0,0,0,0,0,0
fer0005049.png,5,0,0,2,0,1,0,0,2,0
fer0005050.png,10,0,0,0,0,0,0,0,0,0
fer0005051.png,1,0,3,1,4,0,0,0,1,0
fer0005052.png,8,0,0,0,1,0,0,0,1,0
fer0005053.png,5,0,0,5,0,0,0,0,0,0
fer0005054.png,0,9,0,0,0,0,1,0,0,0
fer0005055.png,1,9,0,0,0,0,0,0,0,0
fer0005056.png,3,0,0,1,3,0,0,2,1,0
fer0005057.png,2,0,1,5,0,1,0,1,0,0
fer0005058.png,0,0,5,0,1,0,3,0,1,0
fer0005059.png,9,0,0,1,0,0,0,0,0,0
fer0005060.png,8,0,0,1,0,0,0,1,0,0
fer0005061.png,2,7,1,0,0,0,0,0,0,0
fer0005062.png,7,0,0,2,0,0,0,0,1,0
fer0005063.png,3,0,0,5,0,0,0,1,1,0
fer0005064.png,0,0,9,0,0,0,0,1,0,0
fer0005065.png,8,0,0,2,0,0,0,0,0,0
fer0005066.png,7,0,1,2,0,0,0,0,0,0
fer0005067.png,9,1,0,0,0,0,0,0,0,0
fer0005068.png,0,0,1,0,9,0,0,0,0,0
fer0005069.png,0,0,9,0,0,0,1,0,0,0
fer0005070.png,0,10,0,0,0,0,0,0,0,0
fer0005071.png,2,0,1,6,0,1,0,0,0,0
fer0005072.png,0,0,2,4,3,0,1,0,0,0
fer0005073.png,0,9,1,0,0,0,0,0,0,0
fer0005074.png,4,0,0,5,0,0,0,0,1,0
fer0005075.png,0,10,0,0,0,0,0,0,0,0
fer0005076.png,0,0,1,0,5,4,0,0,0,0
fer0005077.png,0,9,1,0,0,0,0,0,0,0
fer0005078.png,4,5,0,0,0,0,0,0,1,0
fer0005079.png,8,0,0,0,2,0,0,0,0,0
fer0005080.png,0,1,0,7,0,0,2,0,0,0
fer0005081.png,1,9,0,0,0,0,0,0,0,0
fer0005082.png,0,0,9,0,0,0,0,0,1,0
fer0005083.png,2,0,0,0,8,0,0,0,0,0
fer0005084.png,0,9,1,0,0,0,0,0,0,0
fer0005085.png,3,0,1,0,6,0,0,0,0,0
fer0005086.png,0,10,0,0,0,0,0,0,0,0
fer0005087.png,0,2,1,1,5,0,0,0,1,0
fer0005088.png,1,0,1,1,0,0,5,0,2,0
fer0005089.png,0,10,0,0,0,0,0,0,0,0
fer0005090.png,9,0,0,0,0,0,0,1,0,0
fer0005091.png,7,0,0,1,2,0,0,0,0,0
fer0005092.png,6,0,0,4,0,0,0,0,0,0
fer0005093.png,0,10,0,0,0,0,0,0,0,0
fer0005094.png,0,10,0,0,0,0,0,0,0,0
fer0005095.png,1,0,0,6,0,0,0,3,0,0
fer0005096.png,7,0,0,1,0,1,0,1,0,0
fer0005097.png,3,0,0,3,3,0,0,0,1,0
fer0005098.png,0,3,2,3,0,0,2,0,0,0
fer0005099.png,5,0,0,1,0,0,0,2,2,0
fer0005100.png,0,10,0,0,0,0,0,0,0,0
fer0005101.png,0,10,0,0,0,0,0,0,0,0
fer0005102.png,9,0,0,1,0,0,0,0,0,0
fer0005103.png,8,0,0,1,0,0,0,0,1,0
fer0005104.png,7,3,0,0,0,0,0,0,0,0
fer0005105.png,1,9,0,0,0,0,0,0,0,0
fer0005106.png,5,1,0,3,0,0,0,0,1,0
fer0005107.png,4,2,0,0,0,0,0,1,3,0
fer0005108.png,0,2,0,0,8,0,0,0,0,0
fer0005109.png,2,1,1,0,6,0,0,0,0,0
fer0005110.png,8,0,0,1,0,0,0,0,1,0
fer0005111.png,1,1,2,4,1,1,0,0,0,0
fer0005112.png,0,10,0,0,0,0,0,0,0,0
fer0005113.png,5,1,0,4,0,0,0,0,0,0
fer0005114.png,2,0,0,6,1,0,0,0,1,0
fer0005115.png,0,10,0,0,0,0,0,0,0,0
fer0005116.png,0,0,1,9,0,0,0,0,0,0
fer0005117.png,0,0,6,0,0,0,4,0,0,0
fer0005118.png,0,9,0,1,0,0,0,0,0,0
fer0005119.png,0,1,0,8,1,0,0,0,0,0
fer0005120.png,6,0,0,1,2,0,0,0,1,0
fer0005121.png,0,0,0,0,10,0,0,0,0,0
fer0005122.png,1,3,0,0,4,2,0,0,0,0
fer0005123.png,1,0,0,9,0,0,0,0,0,0
fer0005124.png,4,0,0,4,0,0,0,0,2,0
fer0005125.png,1,2,0,0,7,0,0,0,0,0
fer0005126.png,1,9,0,0,0,0,0,0,0,0
fer0005127.png,10,0,0,0,0,0,0,0,0,0
fer0005128.png,5,0,0,5,0,0,0,0,0,0
fer0005129.png,0,0,10,0,0,0,0,0,0,0
fer0005130.png,3,6,0,0,0,0,0,0,1,0
fer0005131.png,1,0,0,0,8,0,0,0,1,0
fer0005132.png,0,10,0,0,0,0,0,0,0,0
fer0005133.png,1,0,0,4,3,1,0,1,0,0
fer0005134.png,9,0,0,1,0,0,0,0,0,0
fer0005135.png,5,0,1,0,1,0,3,0,0,0
fer0005136.png,4,0,0,3,0,0,0,0,3,0
fer0005137.png,0,10,0,0,0,0,0,0,0,0
fer0005138.png,7,0,0,3,0,0,0,0,0,0
fer0005139.png,8,0,0,2,0,0,0,0,0,0
fer0005140.png,1,0,1,2,0,1,4,0,1,0
fer0005141.png,6,0,0,4,0,0,0,0,0,0
fer0005142.png,6,0,0,2,0,1,0,1,0,0
fer0005143.png,0,10,0,0,0,0,0,0,0,0
fer0005144.png,1,7,2,0,0,0,0,0,0,0
fer0005145.png,3,7,0,0,0,0,0,0,0,0
fer0005146.png,1,8,1,0,0,0,0,0,0,0
fer0005147.png,0,0,6,3,0,0,0,0,1,0
fer0005148.png,7,2,1,0,0,0,0,0,0,0
fer0005149.png,0,0,4,0,0,0,5,0,1,0
fer0005150.png,0,0,1,0,0,0,9,0,0,0
fer0005151.png,0,10,0,0,0,0,0,0,0,0
fer0005152.png,6,4,0,0,0,0,0,0,0,0
fer0005153.png,1,1,0,1,5,2,0,0,0,0
fer0005154.png,0,10,0,0,0,0,0,0,0,0
fer0005155.png,2,7,1,0,0,0,0,0,0,0
fer0005156.png,0,7,3,0,0,0,0,0,0,0
fer0005157.png,7,0,0,3,0,0,0,0,0,0
fer0005158.png,0,10,0,0,0,0,0,0,0,0
fer0005159.png,7,0,0,0,0,0,0,2,1,0
fer0005160.png,1,1,7,0,0,0,1,0,0,0
fer0005161.png,8,0,2,0,0,0,0,0,0,0
fer0005162.png,2,8,0,0,0,0,0,0,0,0
fer0005163.png,2,5,3,0,0,0,0,0,0,0
fer0005164.png,0,0,0,3,0,0,7,0,0,0
fer0005165.png,3,0,0,0,7,0,0,0,0,0
fer0005166.png,3,0,0,2,0,1,0,2,2,0
fer0005167.png,1,9,0,0,0,0,0,0,0,0
fer0005168.png,8,0,0,2,0,0,0,0,0,0
fer0005169.png,0,0,10,0,0,0,0,0,0,0
fer0005170.png,0,10,0,0,0,0,0,0,0,0
fer0005171.png,5,0,3,1,0,0,0,0,1,0
fer0005172.png,2,2,0,6,0,0,0,0,0,0
fer0005173.png,0,10,0,0,0,0,0,0,0,0
fer0005174.png,8,0,0,1,0,0,0,0,1,0
fer0005175.png,4,0,0,5,0,0,0,0,1,0
fer0005176.png,1,0,0,9,0,0,0,0,0,0
fer0005177.png,7,0,0,1,2,0,0,0,0,0
fer0005178.png,1,1,1,0,5,0,0,0,2,0
fer0005179.png,2,0,0,8,0,0,0,0,0,0
fer0005180.png,0,10,0,0,0,0,0,0,0,0
fer0005181.png,0,0,5,0,0,0,4,0,1,0
fer0005182.png,1,0,0,0,9,0,0,0,0,0
fer0005183.png,4,0,0,5,0,0,0,0,1,0
fer0005184.png,8,0,0,2,0,0,0,0,0,0
fer0005185.png,4,2,3,0,0,0,0,1,0,0
fer0005186.png,4,0,1,1,0,0,2,0,2,0
fer0005187.png,6,0,0,3,0,0,0,0,1,0
fer0005188.png,5,0,0,2,1,0,0,0,2,0
fer0005189.png,0,10,0,0,0,0,0,0,0,0
fer0005190.png,3,0,0,7,0,0,0,0,0,0
fer0005191.png,0,10,0,0,0,0,0,0,0,0
fer0005192.png,3,0,0,0,5,0,0,0,2,0
fer0005193.png,0,10,0,0,0,0,0,0,0,0
fer0005194.png,3,2,0,0,1,1,0,3,0,0
fer0005195.png,0,0,1,1,8,0,0,0,0,0
fer0005196.png,5,0,0,5,0,0,0,0,0,0
fer0005197.png,3,7,0,0,0,0,0,0,0,0
fer0005198.png,2,1,5,0,0,1,0,0,1,0
fer0005199.png,0,0,9,0,0,0,1,0,0,0
fer0005200.png,0,10,0,0,0,0,0,0,0,0
fer0005201.png,3,1,0,0,0,1,2,2,1,0
fer0005202.png,0,0,9,0,0,0,0,0,1,0
fer0005203.png,0,0,2,0,6,0,1,0,1,0
fer0005204.png,5,0,0,4,1,0,0,0,0,0
fer0005205.png,4,0,4,0,0,0,1,0,1,0
fer0005206.png,0,10,0,0,0,0,0,0,0,0
fer0005207.png,6,0,0,4,0,0,0,0,0,0
fer0005208.png,5,0,1,2,0,0,0,0,2,0
fer0005209.png,2,5,3,0,0,0,0,0,0,0
fer0005210.png,8,0,0,1,0,0,0,1,0,0
fer0005211.png,0,5,2,0,3,0,0,0,0,0
fer0005212.png,6,0,0,0,3,0,0,0,1,0
fer0005213.png,3,0,7,0,0,0,0,0,0,0
fer0005214.png,1,0,5,0,0,0,3,0,1,0
fer0005215.png,2,0,0,4,1,2,0,0,1,0
fer0005216.png,10,0,0,0,0,0,0,0,0,0
fer0005217.png,3,0,0,5,0,1,0,0,1,0
fer0005218.png,10,0,0,0,0,0,0,0,0,0
fer0005219.png,7,1,0,2,0,0,0,0,0,0
fer0005220.png,0,0,1,9,0,0,0,0,0,0
fer0005221.png,7,0,0,1,0,0,0,0,2,0
fer0005222.png,2,0,0,0,5,0,0,1,2,0
fer0005223.png,7,0,0,0,0,0,0,0,3,0
fer0005224.png,0,0,0,0,10,0,0,0,0,0
fer0005225.png,0,0,7,0,0,0,2,0,1,0
fer0005226.png,1,0,0,9,0,0,0,0,0,0
fer0005227.png,0,10,0,0,0,0,0,0,0,0
fer0005228.png,0,10,0,0,0,0,0,0,0,0
fer0005229.png,0,10,0,0,0,0,0,0,0,0
fer0005230.png,0,10,0,0,0,0,0,0,0,0
fer0005231.png,6,0,1,3,0,0,0,0,0,0
fer0005232.png,1,0,6,0,0,0,2,0,1,0
fer0005233.png,0,0,1,0,7,0,0,1,1,0
fer0005234.png,0,1,9,0,0,0,0,0,0,0
fer0005235.png,4,0,0,1,1,0,0,3,1,0
fer0005236.png,0,9,0,0,1,0,0,0,0,0
fer0005237.png,2,0,0,0,8,0,0,0,0,0
fer0005238.png,1,0,9,0,0,0,0,0,0,0
fer0005239.png,6,0,0,1,0,0,0,0,3,0
fer0005240.png,0,8,2,0,0,0,0,0,0,0
fer0005241.png,1,0,0,0,9,0,0,0,0,0
fer0005242.png,0,0,8,0,0,0,2,0,0,0
fer0005243.png,0,10,0,0,0,0,0,0,0,0
fer0005244.png,1,0,4,0,1,0,4,0,0,0
fer0005245.png,3,0,0,3,0,0,0,4,0,0
fer0005246.png,4,3,0,0,0,1,0,1,1,0
fer0005247.png,4,0,0,4,0,0,0,0,2,0
fer0005248.png,10,0,0,0,0,0,0,0,0,0
fer0005249.png,9,0,0,1,0,0,0,0,0,0
fer0005250.png,9,0,0,0,0,0,0,0,1,0
fer0005251.png,10,0,0,0,0,0,0,0,0,0
fer0005252.png,1,0,1,5,0,0,0,0,3,0
fer0005253.png,7,0,0,0,1,1,0,1,0,0
fer0005254.png,0,0,3,0,0,0,7,0,0,0
fer0005255.png,0,10,0,0,0,0,0,0,0,0
fer0005256.png,1,9,0,0,0,0,0,0,0,0
fer0005257.png,0,3,3,4,0,0,0,0,0,0
fer0005258.png,0,10,0,0,0,0,0,0,0,0
fer0005259.png,5,0,0,1,1,3,0,0,0,0
fer0005260.png,0,10,0,0,0,0,0,0,0,0
fer0005261.png,0,10,0,0,0,0,0,0,0,0
fer0005262.png,2,7,1,0,0,0,0,0,0,0
fer0005263.png,2,8,0,0,0,0,0,0,0,0
fer0005264.png,0,8,2,0,0,0,0,0,0,0
fer0005265.png,3,1,0,3,0,0,0,2,1,0
fer0005266.png,0,10,0,0,0,0,0,0,0,0
fer0005267.png,7,0,0,0,0,0,0,0,3,0
fer0005268.png,0,10,0,0,0,0,0,0,0,0
fer0005269.png,0,10,0,0,0,0,0,0,0,0
fer0005270.png,0,0,8,0,0,0,2,0,0,0
fer0005271.png,3,0,6,0,0,0,1,0,0,0
fer0005272.png,0,1,0,8,0,0,0,0,1,0
fer0005273.png,1,1,0,8,0,0,0,0,0,0
fer0005274.png,3,0,0,1,1,1,4,0,0,0
fer0005275.png,0,0,2,0,6,0,2,0,0,0
fer0005276.png,0,0,0,0,9,0,0,0,1,0
fer0005277.png,2,0,0,0,7,0,0,0,1,0
fer0005278.png,0,10,0,0,0,0,0,0,0,0
fer0005279.png,1,9,0,0,0,0,0,0,0,0
fer0005280.png,3,7,0,0,0,0,0,0,0,0
fer0005281.png,0,0,0,7,3,0,0,0,0,0
fer0005282.png,4,0,0,2,0,0,0,1,3,0
fer0005283.png,0,10,0,0,0,0,0,0,0,0
fer0005284.png,0,0,10,0,0,0,0,0,0,0
fer0005285.png,2,0,0,5,1,0,0,1,1,0
fer0005286.png,1,0,0,0,8,1,0,0,0,0
fer0005287.png,10,0,0,0,0,0,0,0,0,0
fer0005288.png,0,10,0,0,0,0,0,0,0,0
fer0005289.png,7,0,1,0,0,2,0,0,0,0
fer0005290.png,0,10,0,0,0,0,0,0,0,0
fer0005291.png,1,2,2,0,5,0,0,0,0,0
fer0005292.png,0,10,0,0,0,0,0,0,0,0
fer0005293.png,0,10,0,0,0,0,0,0,0,0
fer0005294.png,1,0,0,0,9,0,0,0,0,0
fer0005295.png,1,9,0,0,0,0,0,0,0,0
fer0005296.png,0,10,0,0,0,0,0,0,0,0
fer0005297.png,2,3,0,0,3,1,0,0,1,0
fer0005298.png,10,0,0,0,0,0,0,0,0,0
fer0005299.png,0,10,0,0,0,0,0,0,0,0
fer0005300.png,0,1,7,1,0,0,1,0,0,0
fer0005301.png,0,10,0,0,0,0,0,0,0,0
fer0005302.png,3,0,0,1,5,0,0,1,0,0
fer0005303.png,0,10,0,0,0,0,0,0,0,0
fer0005304.png,0,1,2,0,6,0,1,0,0,0
fer0005305.png,6,0,0,2,0,0,0,0,2,0
fer0005306.png,8,0,0,1,0,0,0,0,1,0
fer0005307.png,0,0,0,0,1,1,0,8,0,0
fer0005308.png,4,6,0,0,0,0,0,0,0,0
fer0005309.png,4,0,0,4,0,0,0,0,2,0
fer0005310.png,5,1,0,2,0,0,0,0,2,0
fer0005311.png,7,0,0,1,1,0,0,0,1,0
fer0005312.png,0,10,0,0,0,0,0,0,0,0
fer0005313.png,5,0,0,0,4,0,0,0,1,0
fer0005314.png,1,0,4,2,3,0,0,0,0,0
fer0005315.png,0,10,0,0,0,0,0,0,0,0
fer0005316.png,6,1,0,1,0,0,0,2,0,0
fer0005317.png,8,0,0,2,0,0,0,0,0,0
fer0005318.png,1,2,1,0,0,6,0,0,0,0
fer0005319.png,1,0,1,4,0,0,0,3,1,0
fer0005320.png,8,1,0,1,0,0,0,0,0,0
fer0005321.png,1,0,0,8,0,0,0,0,1,0
fer0005322.png,5,0,0,0,3,0,0,1,1,0
fer0005323.png,6,0,0,0,4,0,0,0,0,0
fer0005324.png,4,0,0,5,0,0,0,0,1,0
fer0005325.png,1,0,1,2,0,5,0,0,1,0
fer0005326.png,2,0,4,2,0,0,0,0,2,0
fer0005327.png,1,0,7,0,0,0,1,0,1,0
fer0005328.png,3,0,0,5,0,0,0,1,1,0
fer0005329.png,0,10,0,0,0,0,0,0,0,0
fer0005330.png,0,10,0,0,0,0,0,0,0,0
fer0005331.png,1,1,7,0,1,0,0,0,0,0
fer0005332.png,4,6,0,0,0,0,0,0,0,0
fer0005333.png,5,0,4,0,0,0,0,0,1,0
fer0005334.png,7,1,0,0,0,0,0,0,2,0
fer0005335.png,2,0,0,3,0,1,0,3,1,0
fer0005336.png,2,8,0,0,0,0,0,0,0,0
fer0005337.png,0,10,0,0,0,0,0,0,0,0
fer0005339.png,7,0,0,0,1,0,1,1,0,0
fer0005340.png,0,9,0,0,0,0,0,0,1,0
fer0005341.png,0,10,0,0,0,0,0,0,0,0
fer0005342.png,0,10,0,0,0,0,0,0,0,0
fer0005343.png,7,0,1,0,1,0,0,1,0,0
fer0005344.png,1,0,0,6,1,0,1,1,0,0
fer0005345.png,2,0,0,8,0,0,0,0,0,0
fer0005346.png,0,10,0,0,0,0,0,0,0,0
fer0005347.png,0,0,5,0,0,0,5,0,0,0
fer0005348.png,6,0,0,4,0,0,0,0,0,0
fer0005349.png,2,0,4,3,0,0,1,0,0,0
fer0005350.png,2,0,0,2,0,1,0,5,0,0
fer0005351.png,6,0,0,3,0,0,0,0,1,0
fer0005352.png,2,8,0,0,0,0,0,0,0,0
fer0005353.png,3,0,0,3,3,0,0,0,1,0
fer0005354.png,0,0,1,0,9,0,0,0,0,0
fer0005355.png,0,1,8,0,1,0,0,0,0,0
fer0005356.png,3,0,0,0,6,1,0,0,0,0
fer0005357.png,10,0,0,0,0,0,0,0,0,0
fer0005358.png,0,1,1,0,6,0,0,0,2,0
fer0005359.png,8,0,0,2,0,0,0,0,0,0
fer0005360.png,7,0,0,1,0,0,0,0,2,0
fer0005361.png,0,7,2,0,0,1,0,0,0,0
fer0005362.png,1,0,0,1,0,0,6,0,2,0
fer0005363.png,0,10,0,0,0,0,0,0,0,0
fer0005364.png,7,0,0,2,0,0,0,0,1,0
fer0005365.png,0,0,9,0,0,0,1,0,0,0
fer0005366.png,7,0,0,0,3,0,0,0,0,0
fer0005367.png,1,1,0,1,1,5,0,0,1,0
fer0005368.png,0,0,2,1,4,0,2,1,0,0
fer0005369.png,0,10,0,0,0,0,0,0,0,0
fer0005370.png,0,0,0,8,1,0,0,0,1,0
fer0005371.png,7,0,0,0,0,1,0,0,2,0
fer0005372.png,10,0,0,0,0,0,0,0,0,0
fer0005373.png,4,0,0,6,0,0,0,0,0,0
fer0005374.png,0,10,0,0,0,0,0,0,0,0
fer0005375.png,10,0,0,0,0,0,0,0,0,0
fer0005376.png,6,3,0,0,0,0,0,1,0,0
fer0005377.png,0,0,2,0,7,0,0,0,1,0
fer0005378.png,0,10,0,0,0,0,0,0,0,0
fer0005379.png,9,0,0,1,0,0,0,0,0,0
fer0005380.png,0,10,0,0,0,0,0,0,0,0
fer0005381.png,0,0,0,10,0,0,0,0,0,0
fer0005382.png,2,0,0,1,5,1,0,1,0,0
fer0005383.png,0,0,10,0,0,0,0,0,0,0
fer0005384.png,6,0,0,3,0,0,0,1,0,0
fer0005385.png,8,1,0,0,0,0,0,0,1,0
fer0005386.png,0,10,0,0,0,0,0,0,0,0
fer0005387.png,7,1,0,2,0,0,0,0,0,0
fer0005388.png,5,0,0,4,0,0,0,0,1,0
fer0005389.png,6,0,0,0,3,0,0,1,0,0
fer0005390.png,1,0,0,0,9,0,0,0,0,0
fer0005391.png,8,0,0,2,0,0,0,0,0,0
fer0005392.png,7,0,0,2,0,0,0,1,0,0
fer0005393.png,2,0,2,2,0,1,0,2,1,0
fer0005394.png,9,1,0,0,0,0,0,0,0,0
fer0005395.png,10,0,0,0,0,0,0,0,0,0
fer0005396.png,4,0,0,1,2,0,0,1,2,0
fer0005397.png,5,1,0,3,0,0,0,0,1,0
fer0005398.png,3,0,0,0,6,1,0,0,0,0
fer0005399.png,7,0,0,3,0,0,0,0,0,0
fer0005400.png,5,4,0,0,0,0,0,1,0,0
fer0005401.png,10,0,0,0,0,0,0,0,0,0
fer0005402.png,6,0,0,0,3,0,0,1,0,0
fer0005403.png,5,0,0,5,0,0,0,0,0,0
fer0005404.png,2,0,0,1,1,3,0,0,3,0
fer0005405.png,7,0,0,2,1,0,0,0,0,0
fer0005406.png,0,9,1,0,0,0,0,0,0,0
fer0005407.png,0,10,0,0,0,0,0,0,0,0
fer0005408.png,0,10,0,0,0,0,0,0,0,0
fer0005409.png,1,0,8,0,0,0,1,0,0,0
fer0005410.png,0,10,0,0,0,0,0,0,0,0
fer0005411.png,8,0,0,0,0,0,0,2,0,0
fer0005412.png,1,0,5,2,0,0,2,0,0,0
fer0005413.png,0,10,0,0,0,0,0,0,0,0
fer0005414.png,4,0,4,1,0,0,0,0,1,0
fer0005415.png,7,0,0,1,0,1,0,0,1,0
fer0005416.png,3,0,0,6,0,1,0,0,0,0
fer0005417.png,2,1,0,7,0,0,0,0,0,0
fer0005418.png,0,1,1,0,7,0,1,0,0,0
fer0005419.png,2,8,0,0,0,0,0,0,0,0
fer0005420.png,0,6,3,0,0,0,1,0,0,0
fer0005421.png,7,0,0,3,0,0,0,0,0,0
fer0005422.png,1,2,1,4,1,0,0,0,1,0
fer0005423.png,0,10,0,0,0,0,0,0,0,0
fer0005424.png,0,0,1,0,2,5,0,2,0,0
fer0005425.png,0,0,0,7,0,1,0,0,2,0
fer0005426.png,0,0,10,0,0,0,0,0,0,0
fer0005427.png,6,3,0,0,0,0,0,0,1,0
fer0005428.png,1,9,0,0,0,0,0,0,0,0
fer0005429.png,0,7,3,0,0,0,0,0,0,0
fer0005430.png,2,0,0,5,0,0,0,3,0,0
fer0005431.png,1,0,6,0,1,0,0,0,2,0
fer0005432.png,1,0,0,9,0,0,0,0,0,0
fer0005433.png,1,9,0,0,0,0,0,0,0,0
fer0005434.png,4,6,0,0,0,0,0,0,0,0
fer0005435.png,7,0,1,2,0,0,0,0,0,0
fer0005436.png,8,0,0,1,0,0,0,0,0,1
fer0005437.png,0,0,8,1,0,0,1,0,0,0
fer0005438.png,9,1,0,0,0,0,0,0,0,0
fer0005439.png,3,2,3,0,0,0,2,0,0,0
fer0005440.png,1,9,0,0,0,0,0,0,0,0
fer0005441.png,0,10,0,0,0,0,0,0,0,0
fer0005442.png,0,5,4,0,0,0,0,0,1,0
fer0005443.png,9,0,1,0,0,0,0,0,0,0
fer0005444.png,0,8,0,2,0,0,0,0,0,0
fer0005445.png,1,0,5,0,1,0,3,0,0,0
fer0005446.png,8,0,0,2,0,0,0,0,0,0
fer0005447.png,0,10,0,0,0,0,0,0,0,0
fer0005448.png,0,0,2,0,8,0,0,0,0,0
fer0005449.png,3,6,0,0,0,0,0,0,1,0
fer0005450.png,0,0,8,0,1,0,0,0,1,0
fer0005451.png,0,10,0,0,0,0,0,0,0,0
fer0005452.png,2,0,7,0,0,0,0,0,1,0
fer0005453.png,0,10,0,0,0,0,0,0,0,0
fer0005454.png,6,0,1,0,3,0,0,0,0,0
fer0005455.png,4,0,0,3,0,3,0,0,0,0
fer0005456.png,0,10,0,0,0,0,0,0,0,0
fer0005457.png,0,10,0,0,0,0,0,0,0,0
fer0005458.png,2,6,2,0,0,0,0,0,0,0
fer0005459.png,10,0,0,0,0,0,0,0,0,0
fer0005460.png,9,0,0,0,1,0,0,0,0,0
fer0005461.png,3,0,0,3,0,0,3,0,1,0
fer0005462.png,1,0,2,0,0,0,5,0,2,0
fer0005463.png,2,4,0,0,0,0,0,4,0,0
fer0005464.png,3,0,0,4,1,0,0,2,0,0
fer0005465.png,3,0,0,1,0,1,2,0,3,0
fer0005466.png,1,9,0,0,0,0,0,0,0,0
fer0005468.png,8,0,0,1,1,0,0,0,0,0
fer0005469.png,1,0,0,9,0,0,0,0,0,0
fer0005470.png,1,0,8,0,0,0,1,0,0,0
fer0005471.png,1,9,0,0,0,0,0,0,0,0
fer0005472.png,0,0,6,0,1,0,2,0,1,0
fer0005473.png,7,1,0,0,0,0,1,0,1,0
fer0005474.png,5,4,0,0,0,0,0,1,0,0
fer0005475.png,0,0,0,1,6,1,1,0,1,0
fer0005476.png,0,0,8,0,0,0,1,1,0,0
fer0005477.png,0,10,0,0,0,0,0,0,0,0
fer0005478.png,5,0,5,0,0,0,0,0,0,0
fer0005479.png,3,7,0,0,0,0,0,0,0,0
fer0005480.png,0,10,0,0,0,0,0,0,0,0
fer0005481.png,0,0,9,0,1,0,0,0,0,0
fer0005482.png,0,10,0,0,0,0,0,0,0,0
fer0005483.png,9,0,0,0,0,0,0,0,1,0
fer0005484.png,0,1,1,0,6,0,0,0,2,0
fer0005485.png,4,0,0,4,1,1,0,0,0,0
fer0005486.png,3,1,2,2,0,0,0,0,2,0
fer0005487.png,0,10,0,0,0,0,0,0,0,0
fer0005488.png,8,0,0,1,1,0,0,0,0,0
fer0005489.png,4,4,0,0,0,1,0,0,1,0
fer0005490.png,8,0,2,0,0,0,0,0,0,0
fer0005491.png,0,0,6,0,3,0,0,0,1,0
fer0005492.png,0,1,0,1,7,0,0,0,1,0
fer0005493.png,9,0,0,1,0,0,0,0,0,0
fer0005494.png,0,0,6,0,0,0,4,0,0,0
fer0005495.png,1,0,9,0,0,0,0,0,0,0
fer0005496.png,7,3,0,0,0,0,0,0,0,0
fer0005497.png,8,0,0,2,0,0,0,0,0,0
fer0005499.png,4,0,0,2,0,0,0,1,3,0
fer0005500.png,0,10,0,0,0,0,0,0,0,0
fer0005501.png,0,0,0,2,5,1,0,0,2,0
fer0005502.png,1,0,8,0,0,0,1,0,0,0
fer0005503.png,6,1,0,1,0,0,0,0,2,0
fer0005504.png,7,0,0,3,0,0,0,0,0,0
fer0005505.png,1,0,0,2,5,1,0,0,1,0
fer0005506.png,1,0,1,0,8,0,0,0,0,0
fer0005507.png,0,3,0,0,6,0,1,0,0,0
fer0005508.png,3,0,0,3,4,0,0,0,0,0
fer0005509.png,4,0,0,5,0,0,0,0,1,0
fer0005510.png,0,2,3,1,2,1,0,0,1,0
fer0005511.png,0,10,0,0,0,0,0,0,0,0
fer0005512.png,0,10,0,0,0,0,0,0,0,0
fer0005513.png,0,0,0,10,0,0,0,0,0,0
fer0005514.png,0,0,3,0,7,0,0,0,0,0
fer0005515.png,7,2,1,0,0,0,0,0,0,0
fer0005516.png,9,0,0,0,0,0,0,0,1,0
fer0005517.png,1,0,0,1,0,1,6,0,1,0
fer0005518.png,7,2,0,0,0,0,0,0,1,0
fer0005519.png,0,0,8,0,0,0,2,0,0,0
fer0005520.png,1,0,0,0,8,0,0,0,1,0
fer0005521.png,1,0,1,0,0,0,7,0,1,0
fer0005522.png,0,0,4,0,1,0,4,0,1,0
fer0005523.png,3,1,0,3,0,0,0,0,3,0
fer0005524.png,3,0,1,6,0,0,0,0,0,0
fer0005525.png,10,0,0,0,0,0,0,0,0,0
fer0005526.png,7,0,0,2,0,0,0,0,1,0
fer0005527.png,0,0,2,1,0,0,6,0,1,0
fer0005528.png,5,0,0,4,0,0,0,0,1,0
fer0005529.png,5,0,0,5,0,0,0,0,0,0
fer0005530.png,0,1,1,0,7,0,1,0,0,0
fer0005531.png,2,0,0,0,7,0,0,0,1,0
fer0005532.png,0,10,0,0,0,0,0,0,0,0
fer0005533.png,3,0,2,1,0,0,1,0,3,0
fer0005534.png,1,1,3,0,5,0,0,0,0,0
fer0005535.png,6,0,0,2,0,0,0,2,0,0
fer0005536.png,0,8,2,0,0,0,0,0,0,0
fer0005537.png,1,8,0,0,0,0,0,1,0,0
fer0005538.png,10,0,0,0,0,0,0,0,0,0
fer0005539.png,1,0,9,0,0,0,0,0,0,0
fer0005540.png,8,0,0,1,0,1,0,0,0,0
fer0005541.png,7,3,0,0,0,0,0,0,0,0
fer0005542.png,0,0,7,0,0,0,2,0,1,0
fer0005543.png,0,10,0,0,0,0,0,0,0,0
fer0005544.png,0,10,0,0,0,0,0,0,0,0
fer0005545.png,9,0,0,0,0,0,0,0,1,0
fer0005546.png,0,1,0,4,4,0,0,0,1,0
fer0005547.png,0,10,0,0,0,0,0,0,0,0
fer0005548.png,1,0,0,0,9,0,0,0,0,0
fer0005549.png,6,1,0,3,0,0,0,0,0,0
fer0005550.png,3,7,0,0,0,0,0,0,0,0
fer0005551.png,4,0,0,3,0,0,2,0,1,0
fer0005552.png,0,0,8,0,1,0,1,0,0,0
fer0005553.png,0,0,1,0,4,0,3,0,2,0
fer0005554.png,0,10,0,0,0,0,0,0,0,0
fer0005555.png,0,0,1,0,9,0,0,0,0,0
fer0005556.png,9,0,0,1,0,0,0,0,0,0
fer0005557.png,5,0,1,0,0,0,2,0,2,0
fer0005558.png,5,0,0,0,4,0,0,0,1,0
fer0005559.png,1,1,3,0,5,0,0,0,0,0
fer0005560.png,0,8,1,0,1,0,0,0,0,0
fer0005561.png,8,0,0,2,0,0,0,0,0,0
fer0005562.png,0,10,0,0,0,0,0,0,0,0
fer0005563.png,0,10,0,0,0,0,0,0,0,0
fer0005564.png,7,0,1,0,0,0,0,0,2,0
fer0005565.png,0,10,0,0,0,0,0,0,0,0
fer0005566.png,1,0,1,4,1,0,2,0,1,0
fer0005567.png,0,0,8,0,0,0,1,0,1,0
fer0005568.png,5,0,0,3,0,0,0,0,2,0
fer0005569.png,0,10,0,0,0,0,0,0,0,0
fer0005570.png,5,0,0,4,0,0,0,0,1,0
fer0005571.png,8,0,0,1,0,1,0,0,0,0
fer0005572.png,2,0,0,7,0,0,0,0,1,0
fer0005573.png,4,0,1,4,0,0,0,1,0,0
fer0005574.png,5,1,0,3,0,0,0,0,1,0
fer0005575.png,8,0,0,0,0,1,0,0,1,0
fer0005576.png,0,0,0,10,0,0,0,0,0,0
fer0005577.png,5,0,0,5,0,0,0,0,0,0
fer0005578.png,4,0,0,5,0,0,0,0,1,0
fer0005579.png,0,1,4,1,0,0,3,0,1,0
fer0005580.png,8,1,0,0,0,0,0,0,1,0
fer0005581.png,1,0,8,0,0,0,1,0,0,0
fer0005582.png,0,0,1,0,8,0,1,0,0,0
fer0005583.png,0,10,0,0,0,0,0,0,0,0
fer0005584.png,0,0,8,2,0,0,0,0,0,0
fer0005585.png,10,0,0,0,0,0,0,0,0,0
fer0005586.png,2,0,5,0,0,0,1,0,2,0
fer0005587.png,0,0,0,3,5,0,0,0,2,0
fer0005588.png,8,0,0,2,0,0,0,0,0,0
fer0005589.png,5,0,0,4,0,0,1,0,0,0
fer0005590.png,3,0,4,0,0,0,1,1,1,0
fer0005591.png,8,0,0,0,0,0,1,0,1,0
fer0005592.png,0,0,0,0,9,0,1,0,0,0
fer0005593.png,5,5,0,0,0,0,0,0,0,0
fer0005594.png,1,9,0,0,0,0,0,0,0,0
fer0005595.png,9,0,0,0,0,0,0,0,1,0
fer0005596.png,4,0,0,5,0,0,0,0,1,0
fer0005597.png,9,0,0,1,0,0,0,0,0,0
fer0005598.png,0,9,1,0,0,0,0,0,0,0
fer0005599.png,8,0,0,1,1,0,0,0,0,0
fer0005600.png,8,0,0,0,0,0,0,1,1,0
fer0005601.png,10,0,0,0,0,0,0,0,0,0
fer0005602.png,0,0,0,8,0,0,0,0,2,0
fer0005603.png,1,9,0,0,0,0,0,0,0,0
fer0005604.png,6,0,1,0,3,0,0,0,0,0
fer0005605.png,3,0,4,1,1,0,1,0,0,0
fer0005606.png,2,3,1,1,0,0,0,0,3,0
fer0005607.png,1,9,0,0,0,0,0,0,0,0
fer0005608.png,5,2,0,3,0,0,0,0,0,0
fer0005609.png,1,1,5,0,1,1,0,0,1,0
fer0005610.png,9,0,0,0,0,0,0,0,1,0
fer0005611.png,3,0,0,5,1,0,0,0,1,0
fer0005612.png,2,0,5,0,0,0,2,0,1,0
fer0005613.png,8,1,0,0,0,0,0,1,0,0
fer0005614.png,7,0,0,1,2,0,0,0,0,0
fer0005615.png,0,0,4,2,1,0,3,0,0,0
fer0005616.png,3,0,2,0,1,0,1,2,1,0
fer0005617.png,6,0,0,3,0,1,0,0,0,0
fer0005618.png,8,0,0,1,1,0,0,0,0,0
fer0005619.png,1,9,0,0,0,0,0,0,0,0
fer0005620.png,9,0,0,1,0,0,0,0,0,0
fer0005621.png,1,9,0,0,0,0,0,0,0,0
fer0005622.png,2,0,1,0,6,0,0,0,1,0
fer0005623.png,1,0,2,2,3,0,0,0,2,0
fer0005624.png,3,0,0,6,0,0,0,0,1,0
fer0005625.png,0,0,5,0,1,0,4,0,0,0
fer0005626.png,0,9,0,0,0,0,0,0,1,0
fer0005627.png,6,0,0,4,0,0,0,0,0,0
fer0005628.png,4,0,0,1,0,0,1,0,4,0
fer0005629.png,8,0,0,1,0,1,0,0,0,0
fer0005630.png,1,0,0,8,0,0,0,0,1,0
fer0005631.png,8,0,0,1,0,0,0,0,1,0
fer0005632.png,8,0,0,2,0,0,0,0,0,0
fer0005633.png,0,10,0,0,0,0,0,0,0,0
fer0005634.png,0,0,0,0,10,0,0,0,0,0
fer0005635.png,5,0,1,2,0,0,0,0,2,0
fer0005636.png,0,10,0,0,0,0,0,0,0,0
fer0005637.png,7,0,0,2,1,0,0,0,0,0
fer0005638.png,0,10,0,0,0,0,0,0,0,0
fer0005639.png,8,0,0,1,1,0,0,0,0,0
fer0005640.png,10,0,0,0,0,0,0,0,0,0
fer0005641.png,6,0,0,1,2,0,0,0,1,0
fer0005642.png,10,0,0,0,0,0,0,0,0,0
fer0005643.png,3,1,0,6,0,0,0,0,0,0
fer0005644.png,4,0,2,4,0,0,0,0,0,0
fer0005645.png,1,9,0,0,0,0,0,0,0,0
fer0005646.png,1,0,2,0,2,1,4,0,0,0
fer0005647.png,0,0,9,0,0,0,0,0,1,0
fer0005648.png,0,0,0,0,10,0,0,0,0,0
fer0005649.png,10,0,0,0,0,0,0,0,0,0
fer0005650.png,5,0,0,4,0,0,0,0,1,0
fer0005651.png,0,10,0,0,0,0,0,0,0,0
fer0005652.png,2,1,0,2,0,0,2,0,3,0
fer0005653.png,2,0,6,1,0,0,0,1,0,0
fer0005654.png,0,10,0,0,0,0,0,0,0,0
fer0005655.png,0,0,0,6,3,0,0,0,1,0
fer0005656.png,0,0,2,4,0,1,2,0,1,0
fer0005657.png,0,10,0,0,0,0,0,0,0,0
fer0005658.png,10,0,0,0,0,0,0,0,0,0
fer0005659.png,0,10,0,0,0,0,0,0,0,0
fer0005660.png,3,6,0,0,0,0,0,0,1,0
fer0005661.png,0,7,3,0,0,0,0,0,0,0
fer0005662.png,0,10,0,0,0,0,0,0,0,0
fer0005663.png,1,9,0,0,0,0,0,0,0,0
fer0005664.png,7,0,0,1,1,1,0,0,0,0
fer0005665.png,0,0,0,7,0,1,0,0,2,0
fer0005666.png,4,0,0,6,0,0,0,0,0,0
fer0005667.png,0,1,1,3,3,0,2,0,0,0
fer0005668.png,5,0,0,5,0,0,0,0,0,0
fer0005669.png,0,0,9,0,0,0,1,0,0,0
fer0005670.png,0,10,0,0,0,0,0,0,0,0
fer0005671.png,1,0,0,0,9,0,0,0,0,0
fer0005672.png,9,0,0,1,0,0,0,0,0,0
fer0005673.png,7,0,0,2,0,0,0,0,1,0
fer0005674.png,0,8,2,0,0,0,0,0,0,0
fer0005675.png,2,0,7,0,0,0,1,0,0,0
fer0005676.png,10,0,0,0,0,0,0,0,0,0
fer0005677.png,0,10,0,0,0,0,0,0,0,0
fer0005678.png,1,0,0,9,0,0,0,0,0,0
fer0005679.png,5,2,0,0,0,0,0,2,1,0
fer0005680.png,1,9,0,0,0,0,0,0,0,0
fer0005681.png,0,1,1,0,7,1,0,0,0,0
fer0005682.png,6,0,0,1,0,0,0,0,3,0
fer0005683.png,0,10,0,0,0,0,0,0,0,0
fer0005684.png,10,0,0,0,0,0,0,0,0,0
fer0005685.png,0,0,10,0,0,0,0,0,0,0
fer0005686.png,4,0,0,5,0,1,0,0,0,0
fer0005687.png,5,0,0,4,0,0,0,0,1,0
fer0005688.png,9,0,0,1,0,0,0,0,0,0
fer0005689.png,0,10,0,0,0,0,0,0,0,0
fer0005690.png,0,0,0,0,9,0,0,0,1,0
fer0005691.png,0,1,0,7,1,0,0,0,1,0
fer0005692.png,1,2,6,0,0,0,0,0,1,0
fer0005693.png,4,0,0,6,0,0,0,0,0,0
fer0005694.png,0,10,0,0,0,0,0,0,0,0
fer0005695.png,1,0,5,0,0,0,3,0,1,0
fer0005696.png,0,10,0,0,0,0,0,0,0,0
fer0005697.png,8,0,0,2,0,0,0,0,0,0
fer0005698.png,3,0,0,7,0,0,0,0,0,0
fer0005699.png,6,0,0,3,0,0,0,0,0,1
fer0005700.png,0,0,0,0,10,0,0,0,0,0
fer0005701.png,0,7,3,0,0,0,0,0,0,0
fer0005702.png,7,0,0,3,0,0,0,0,0,0
fer0005703.png,0,10,0,0,0,0,0,0,0,0
fer0005704.png,9,0,0,0,1,0,0,0,0,0
fer0005705.png,8,0,0,0,0,0,0,0,2,0
fer0005706.png,2,0,0,6,0,0,0,0,2,0
fer0005707.png,0,10,0,0,0,0,0,0,0,0
fer0005708.png,0,10,0,0,0,0,0,0,0,0
fer0005709.png,1,8,0,0,1,0,0,0,0,0
fer0005710.png,2,0,0,3,0,0,3,0,2,0
fer0005711.png,0,0,10,0,0,0,0,0,0,0
fer0005712.png,9,0,0,1,0,0,0,0,0,0
fer0005713.png,8,0,0,2,0,0,0,0,0,0
fer0005714.png,5,0,0,5,0,0,0,0,0,0
fer0005715.png,0,4,0,4,0,0,2,0,0,0
fer0005716.png,0,5,3,0,0,0,2,0,0,0
fer0005717.png,0,10,0,0,0,0,0,0,0,0
fer0005718.png,0,9,0,0,0,1,0,0,0,0
fer0005719.png,3,0,1,4,0,0,0,0,2,0
fer0005720.png,1,1,0,0,8,0,0,0,0,0
fer0005721.png,1,0,0,7,0,0,0,0,2,0
fer0005722.png,6,0,0,4,0,0,0,0,0,0
fer0005723.png,0,10,0,0,0,0,0,0,0,0
fer0005724.png,0,0,4,0,0,0,6,0,0,0
fer0005725.png,10,0,0,0,0,0,0,0,0,0
fer0005726.png,1,9,0,0,0,0,0,0,0,0
fer0005727.png,9,0,0,0,1,0,0,0,0,0
fer0005728.png,0,0,0,0,9,0,0,0,1,0
fer0005729.png,9,0,0,0,0,0,1,0,0,0
fer0005730.png,3,0,0,6,0,0,0,0,1,0
fer0005731.png,0,10,0,0,0,0,0,0,0,0
fer0005732.png,9,0,0,0,0,0,0,0,1,0
fer0005733.png,9,0,0,1,0,0,0,0,0,0
fer0005734.png,1,0,2,1,1,0,5,0,0,0
fer0005735.png,1,0,0,1,8,0,0,0,0,0
fer0005736.png,4,0,0,5,0,0,0,0,1,0
fer0005737.png,9,0,0,0,0,0,0,0,1,0
fer0005738.png,0,0,1,0,5,0,1,0,3,0
fer0005739.png,0,0,10,0,0,0,0,0,0,0
fer0005740.png,6,0,0,4,0,0,0,0,0,0
fer0005741.png,0,10,0,0,0,0,0,0,0,0
fer0005742.png,1,9,0,0,0,0,0,0,0,0
fer0005743.png,0,0,0,9,0,0,0,0,1,0
fer0005744.png,2,8,0,0,0,0,0,0,0,0
fer0005745.png,2,0,0,7,0,0,1,0,0,0
fer0005746.png,0,0,1,0,6,0,3,0,0,0
fer0005747.png,2,6,0,0,0,0,0,1,1,0
fer0005748.png,2,0,8,0,0,0,0,0,0,0
fer0005749.png,8,0,0,0,0,0,0,2,0,0
fer0005750.png,2,0,0,8,0,0,0,0,0,0
fer0005751.png,2,1,1,0,4,0,0,0,2,0
fer0005752.png,0,9,1,0,0,0,0,0,0,0
fer0005753.png,6,0,0,1,0,0,0,0,3,0
fer0005754.png,4,1,3,0,0,0,0,0,2,0
fer0005755.png,8,0,0,1,1,0,0,0,0,0
fer0005756.png,7,2,0,0,0,0,0,0,1,0
fer0005757.png,0,10,0,0,0,0,0,0,0,0
fer0005758.png,1,9,0,0,0,0,0,0,0,0
fer0005759.png,2,0,8,0,0,0,0,0,0,0
fer0005760.png,7,0,0,3,0,0,0,0,0,0
fer0005761.png,0,10,0,0,0,0,0,0,0,0
fer0005762.png,1,7,0,0,0,0,0,1,1,0
fer0005763.png,10,0,0,0,0,0,0,0,0,0
fer0005764.png,0,1,0,9,0,0,0,0,0,0
fer0005765.png,1,9,0,0,0,0,0,0,0,0
fer0005766.png,0,0,8,0,0,0,1,0,1,0
fer0005767.png,0,10,0,0,0,0,0,0,0,0
fer0005768.png,0,0,2,0,8,0,0,0,0,0
fer0005769.png,0,8,0,0,0,0,0,0,2,0
fer0005770.png,0,10,0,0,0,0,0,0,0,0
fer0005771.png,0,10,0,0,0,0,0,0,0,0
fer0005772.png,7,1,0,0,0,0,0,2,0,0
fer0005773.png,1,0,0,2,5,2,0,0,0,0
fer0005774.png,0,10,0,0,0,0,0,0,0,0
fer0005775.png,5,1,0,3,0,0,0,0,1,0
fer0005776.png,0,9,0,0,0,0,1,0,0,0
fer0005777.png,6,0,0,2,0,0,0,1,1,0
fer0005778.png,7,0,1,1,0,0,0,1,0,0
fer0005779.png,4,0,0,0,4,0,0,0,2,0
fer0005780.png,7,3,0,0,0,0,0,0,0,0
fer0005781.png,7,1,0,1,1,0,0,0,0,0
fer0005782.png,9,1,0,0,0,0,0,0,0,0
fer0005783.png,0,0,7,0,0,0,3,0,0,0
fer0005784.png,0,9,1,0,0,0,0,0,0,0
fer0005785.png,0,10,0,0,0,0,0,0,0,0
fer0005786.png,3,1,0,6,0,0,0,0,0,0
fer0005787.png,7,0,0,0,1,0,0,1,1,0
fer0005788.png,0,10,0,0,0,0,0,0,0,0
fer0005789.png,3,0,0,7,0,0,0,0,0,0
fer0005790.png,1,0,0,9,0,0,0,0,0,0
fer0005791.png,1,0,6,0,0,0,2,0,1,0
fer0005792.png,0,10,0,0,0,0,0,0,0,0
fer0005793.png,7,0,0,3,0,0,0,0,0,0
fer0005794.png,0,10,0,0,0,0,0,0,0,0
fer0005795.png,0,10,0,0,0,0,0,0,0,0
fer0005796.png,0,8,0,0,2,0,0,0,0,0
fer0005797.png,0,2,1,2,1,0,4,0,0,0
fer0005798.png,0,0,3,1,4,2,0,0,0,0
fer0005799.png,9,0,0,1,0,0,0,0,0,0
fer0005800.png,0,10,0,0,0,0,0,0,0,0
fer0005801.png,9,0,0,0,1,0,0,0,0,0
fer0005802.png,4,0,0,6,0,0,0,0,0,0
fer0005803.png,0,0,1,0,9,0,0,0,0,0
fer0005804.png,4,6,0,0,0,0,0,0,0,0
fer0005805.png,8,0,1,0,0,0,0,0,1,0
fer0005806.png,10,0,0,0,0,0,0,0,0,0
fer0005807.png,0,10,0,0,0,0,0,0,0,0
fer0005808.png,0,8,2,0,0,0,0,0,0,0
fer0005809.png,0,10,0,0,0,0,0,0,0,0
fer0005810.png,0,2,0,0,6,0,1,0,1,0
fer0005811.png,0,8,2,0,0,0,0,0,0,0
fer0005812.png,0,10,0,0,0,0,0,0,0,0
fer0005813.png,2,0,1,5,0,0,0,1,1,0
fer0005814.png,6,0,0,1,1,1,0,0,1,0
fer0005815.png,4,0,2,2,0,1,0,0,1,0
fer0005816.png,2,0,0,2,4,0,0,0,2,0
fer0005817.png,0,0,0,0,2,4,0,2,2,0
fer0005818.png,1,1,0,0,6,2,0,0,0,0
fer0005819.png,6,1,0,1,1,1,0,0,0,0
fer0005820.png,0,1,2,0,7,0,0,0,0,0
fer0005821.png,10,0,0,0,0,0,0,0,0,0
fer0005822.png,9,0,0,0,0,0,0,1,0,0
fer0005823.png,0,7,3,0,0,0,0,0,0,0
fer0005824.png,1,0,0,7,0,0,0,1,1,0
fer0005825.png,4,0,0,5,0,0,0,0,1,0
fer0005826.png,0,0,8,0,0,0,1,0,1,0
fer0005827.png,9,0,0,0,0,1,0,0,0,0
fer0005828.png,0,10,0,0,0,0,0,0,0,0
fer0005829.png,2,0,0,8,0,0,0,0,0,0
fer0005830.png,0,0,10,0,0,0,0,0,0,0
fer0005831.png,4,0,4,1,0,0,0,0,1,0
fer0005832.png,10,0,0,0,0,0,0,0,0,0
fer0005833.png,0,10,0,0,0,0,0,0,0,0
fer0005834.png,0,9,0,1,0,0,0,0,0,0
fer0005835.png,0,0,0,9,0,0,1,0,0,0
fer0005836.png,0,0,0,0,9,0,0,0,1,0
fer0005837.png,8,0,0,1,0,0,0,1,0,0
fer0005838.png,4,1,0,1,4,0,0,0,0,0
fer0005839.png,8,0,0,1,0,0,0,0,1,0
fer0005840.png,0,10,0,0,0,0,0,0,0,0
fer0005841.png,9,0,0,0,0,0,0,0,1,0
fer0005842.png,9,0,0,1,0,0,0,0,0,0
fer0005843.png,0,0,4,1,1,0,4,0,0,0
fer0005844.png,0,1,1,0,8,0,0,0,0,0
fer0005845.png,0,8,1,0,0,1,0,0,0,0
fer0005846.png,3,0,0,5,0,0,0,0,2,0
fer0005847.png,0,0,0,10,0,0,0,0,0,0
fer0005848.png,8,0,0,0,0,0,0,2,0,0
fer0005849.png,5,0,0,3,0,0,0,2,0,0
fer0005850.png,1,0,0,9,0,0,0,0,0,0
fer0005851.png,2,1,0,0,6,0,0,0,1,0
fer0005852.png,10,0,0,0,0,0,0,0,0,0
fer0005853.png,3,5,0,2,0,0,0,0,0,0
fer0005854.png,0,7,3,0,0,0,0,0,0,0
fer0005855.png,2,0,6,0,0,0,1,1,0,0
fer0005856.png,0,10,0,0,0,0,0,0,0,0
fer0005857.png,9,0,0,0,1,0,0,0,0,0
fer0005858.png,2,0,8,0,0,0,0,0,0,0
fer0005859.png,7,0,0,0,0,0,1,0,2,0
fer0005860.png,4,0,0,6,0,0,0,0,0,0
fer0005861.png,10,0,0,0,0,0,0,0,0,0
fer0005862.png,0,10,0,0,0,0,0,0,0,0
fer0005863.png,0,10,0,0,0,0,0,0,0,0
fer0005864.png,9,0,0,1,0,0,0,0,0,0
fer0005865.png,7,3,0,0,0,0,0,0,0,0
fer0005866.png,0,10,0,0,0,0,0,0,0,0
fer0005867.png,6,1,0,3,0,0,0,0,0,0
fer0005868.png,0,0,10,0,0,0,0,0,0,0
fer0005869.png,1,0,0,9,0,0,0,0,0,0
fer0005870.png,1,0,0,0,6,1,1,0,1,0
fer0005871.png,8,0,0,1,1,0,0,0,0,0
fer0005872.png,7,0,0,2,0,0,0,0,1,0
fer0005873.png,4,6,0,0,0,0,0,0,0,0
fer0005874.png,10,0,0,0,0,0,0,0,0,0
fer0005875.png,10,0,0,0,0,0,0,0,0,0
fer0005876.png,1,0,0,9,0,0,0,0,0,0
fer0005877.png,8,0,0,1,0,0,0,1,0,0
fer0005878.png,0,8,1,0,0,1,0,0,0,0
fer0005879.png,7,0,0,3,0,0,0,0,0,0
fer0005880.png,3,0,2,0,2,0,3,0,0,0
fer0005881.png,4,0,0,5,1,0,0,0,0,0
fer0005882.png,9,0,0,0,0,0,0,0,1,0
fer0005883.png,4,0,0,1,4,1,0,0,0,0
fer0005884.png,2,0,2,3,1,0,0,1,1,0
fer0005885.png,0,10,0,0,0,0,0,0,0,0
fer0005886.png,7,0,1,2,0,0,0,0,0,0
fer0005887.png,7,0,0,3,0,0,0,0,0,0
fer0005888.png,1,0,0,0,5,4,0,0,0,0
fer0005889.png,0,1,1,1,6,0,1,0,0,0
fer0005890.png,6,0,0,3,0,0,0,0,1,0
fer0005891.png,0,6,4,0,0,0,0,0,0,0
fer0005892.png,1,0,8,0,0,0,0,1,0,0
fer0005893.png,6,4,0,0,0,0,0,0,0,0
fer0005894.png,1,0,1,0,7,0,0,1,0,0
fer0005895.png,3,0,0,2,3,0,1,0,1,0
fer0005896.png,0,10,0,0,0,0,0,0,0,0
fer0005897.png,0,0,0,10,0,0,0,0,0,0
fer0005898.png,8,0,0,1,0,0,0,1,0,0
fer0005899.png,4,0,1,2,0,0,0,0,3,0
fer0005900.png,1,8,0,0,0,0,0,0,1,0
fer0005901.png,1,0,8,0,0,0,0,1,0,0
fer0005902.png,3,0,0,7,0,0,0,0,0,0
fer0005903.png,9,1,0,0,0,0,0,0,0,0
fer0005904.png,0,10,0,0,0,0,0,0,0,0
fer0005905.png,2,0,0,6,0,0,0,0,2,0
fer0005906.png,1,9,0,0,0,0,0,0,0,0
fer0005907.png,6,0,0,0,3,0,0,1,0,0
fer0005908.png,0,10,0,0,0,0,0,0,0,0
fer0005909.png,6,0,0,0,0,0,1,0,3,0
fer0005910.png,0,10,0,0,0,0,0,0,0,0
fer0005911.png,0,10,0,0,0,0,0,0,0,0
fer0005912.png,0,0,0,0,10,0,0,0,0,0
fer0005913.png,0,9,0,0,0,0,0,0,1,0
fer0005914.png,10,0,0,0,0,0,0,0,0,0
fer0005915.png,0,0,2,0,5,0,3,0,0,0
fer0005916.png,4,0,0,4,0,1,1,0,0,0
fer0005917.png,3,0,0,5,2,0,0,0,0,0
fer0005918.png,7,0,0,1,1,0,0,1,0,0
fer0005919.png,0,1,9,0,0,0,0,0,0,0
fer0005920.png,3,1,1,2,1,0,0,1,1,0
fer0005921.png,0,0,1,0,8,0,0,0,1,0
fer0005923.png,0,0,0,10,0,0,0,0,0,0
fer0005924.png,8,0,0,2,0,0,0,0,0,0
fer0005925.png,0,8,2,0,0,0,0,0,0,0
fer0005926.png,0,0,3,0,7,0,0,0,0,0
fer0005927.png,0,10,0,0,0,0,0,0,0,0
fer0005928.png,0,0,10,0,0,0,0,0,0,0
fer0005929.png,0,9,0,0,0,1,0,0,0,0
fer0005930.png,3,0,7,0,0,0,0,0,0,0
fer0005931.png,5,0,0,0,0,1,0,3,1,0
fer0005932.png,1,0,0,8,1,0,0,0,0,0
fer0005933.png,0,10,0,0,0,0,0,0,0,0
fer0005934.png,2,0,0,0,8,0,0,0,0,0
fer0005935.png,0,0,9,0,0,0,1,0,0,0
fer0005936.png,3,7,0,0,0,0,0,0,0,0
fer0005937.png,0,10,0,0,0,0,0,0,0,0
fer0005938.png,2,2,5,0,0,0,0,0,1,0
fer0005939.png,0,0,1,3,0,1,4,0,1,0
fer0005940.png,6,0,0,3,0,1,0,0,0,0
fer0005941.png,0,10,0,0,0,0,0,0,0,0
fer0005942.png,7,0,0,1,0,0,0,2,0,0
fer0005943.png,4,0,0,1,4,0,1,0,0,0
fer0005944.png,0,0,3,0,7,0,0,0,0,0
fer0005945.png,5,1,0,1,1,0,0,2,0,0
fer0005946.png,0,0,8,0,1,0,1,0,0,0
fer0005947.png,0,10,0,0,0,0,0,0,0,0
fer0005948.png,2,1,0,7,0,0,0,0,0,0
fer0005949.png,0,1,1,0,7,0,0,0,1,0
fer0005950.png,1,8,0,0,0,0,0,0,1,0
fer0005951.png,2,0,2,2,1,2,0,0,1,0
fer0005952.png,7,0,1,0,0,0,0,0,2,0
fer0005953.png,9,0,1,0,0,0,0,0,0,0
fer0005954.png,4,0,0,2,3,1,0,0,0,0
fer0005955.png,0,9,1,0,0,0,0,0,0,0
fer0005956.png,0,7,3,0,0,0,0,0,0,0
fer0005957.png,4,0,0,2,0,0,2,0,2,0
fer0005958.png,6,0,1,3,0,0,0,0,0,0
fer0005959.png,0,0,7,0,0,0,0,0,3,0
fer0005960.png,8,0,0,0,0,0,0,1,1,0
fer0005961.png,1,0,0,8,0,0,0,0,1,0
fer0005962.png,4,0,0,3,2,1,0,0,0,0
fer0005963.png,2,8,0,0,0,0,0,0,0,0
fer0005964.png,0,10,0,0,0,0,0,0,0,0
fer0005965.png,9,0,0,1,0,0,0,0,0,0
fer0005966.png,3,1,0,3,0,0,0,1,2,0
fer0005967.png,9,0,0,0,0,0,0,0,1,0
fer0005968.png,3,0,4,0,0,1,1,0,1,0
fer0005969.png,0,10,0,0,0,0,0,0,0,0
fer0005970.png,9,1,0,0,0,0,0,0,0,0
fer0005971.png,8,1,0,0,0,0,0,1,0,0
fer0005972.png,5,0,0,0,1,0,0,3,1,0
fer0005973.png,6,1,1,1,1,0,0,0,0,0
fer0005974.png,3,0,0,6,0,0,0,0,1,0
fer0005975.png,2,8,0,0,0,0,0,0,0,0
fer0005976.png,2,7,0,1,0,0,0,0,0,0
fer0005977.png,0,0,0,10,0,0,0,0,0,0
fer0005978.png,0,10,0,0,0,0,0,0,0,0
fer0005979.png,4,0,0,6,0,0,0,0,0,0
fer0005980.png,7,3,0,0,0,0,0,0,0,0
fer0005981.png,4,0,1,4,0,0,0,0,1,0
fer0005982.png,7,0,0,1,0,1,0,0,1,0
fer0005983.png,4,2,0,0,1,0,0,2,1,0
fer0005984.png,4,1,1,1,0,0,0,0,3,0
fer0005985.png,10,0,0,0,0,0,0,0,0,0
fer0005986.png,2,0,0,4,1,0,0,0,3,0
fer0005987.png,7,0,0,3,0,0,0,0,0,0
fer0005988.png,0,10,0,0,0,0,0,0,0,0
fer0005989.png,1,1,1,0,6,0,0,0,1,0
fer0005990.png,6,0,1,0,0,0,1,0,2,0
fer0005991.png,0,10,0,0,0,0,0,0,0,0
fer0005992.png,2,0,0,0,8,0,0,0,0,0
fer0005993.png,0,0,0,9,0,0,0,0,1,0
fer0005994.png,4,0,1,4,0,0,0,0,1,0
fer0005995.png,2,8,0,0,0,0,0,0,0,0
fer0005996.png,7,0,0,1,2,0,0,0,0,0
fer0005997.png,0,10,0,0,0,0,0,0,0,0
fer0005998.png,10,0,0,0,0,0,0,0,0,0
fer0005999.png,0,10,0,0,0,0,0,0,0,0
fer0006000.png,2,0,7,0,0,0,0,0,1,0
fer0006001.png,0,3,7,0,0,0,0,0,0,0
fer0006002.png,0,10,0,0,0,0,0,0,0,0
fer0006003.png,9,0,0,1,0,0,0,0,0,0
fer0006004.png,4,0,1,3,1,0,0,0,1,0
fer0006005.png,7,0,0,1,1,0,0,0,1,0
fer0006006.png,3,0,6,0,0,0,0,1,0,0
fer0006007.png,2,3,3,0,1,0,1,0,0,0
fer0006008.png,4,0,0,0,5,0,0,0,1,0
fer0006009.png,10,0,0,0,0,0,0,0,0,0
fer0006010.png,2,1,0,1,5,0,0,0,1,0
fer0006011.png,2,0,0,0,7,0,0,1,0,0
fer0006012.png,1,0,1,7,1,0,0,0,0,0
fer0006013.png,6,0,1,3,0,0,0,0,0,0
fer0006014.png,10,0,0,0,0,0,0,0,0,0
fer0006015.png,9,0,0,1,0,0,0,0,0,0
fer0006016.png,0,10,0,0,0,0,0,0,0,0
fer0006017.png,0,0,9,0,0,0,1,0,0,0
fer0006018.png,2,0,1,1,0,0,6,0,0,0
fer0006019.png,1,0,6,0,0,0,3,0,0,0
fer0006020.png,7,0,0,3,0,0,0,0,0,0
fer0006021.png,7,0,0,3,0,0,0,0,0,0
fer0006022.png,5,0,0,4,0,0,0,0,1,0
fer0006023.png,6,0,0,4,0,0,0,0,0,0
fer0006024.png,3,1,1,0,0,0,3,1,1,0
fer0006025.png,4,6,0,0,0,0,0,0,0,0
fer0006026.png,7,0,0,2,0,0,0,0,1,0
fer0006027.png,9,0,0,0,0,0,0,0,1,0
fer0006028.png,1,0,9,0,0,0,0,0,0,0
fer0006029.png,0,10,0,0,0,0,0,0,0,0
fer0006030.png,0,10,0,0,0,0,0,0,0,0
fer0006031.png,1,9,0,0,0,0,0,0,0,0
fer0006032.png,0,9,1,0,0,0,0,0,0,0
fer0006033.png,1,0,9,0,0,0,0,0,0,0
fer0006034.png,6,0,0,3,0,0,1,0,0,0
fer0006035.png,5,0,0,0,2,1,0,0,2,0
fer0006036.png,0,1,0,5,2,0,0,0,2,0
fer0006037.png,0,1,9,0,0,0,0,0,0,0
fer0006038.png,1,8,1,0,0,0,0,0,0,0
fer0006039.png,0,10,0,0,0,0,0,0,0,0
fer0006040.png,4,0,0,6,0,0,0,0,0,0
fer0006041.png,6,0,0,3,0,0,0,1,0,0
fer0006042.png,4,0,0,1,2,0,0,0,3,0
fer0006043.png,9,1,0,0,0,0,0,0,0,0
fer0006044.png,1,0,9,0,0,0,0,0,0,0
fer0006045.png,1,0,7,0,0,0,1,0,1,0
fer0006046.png,1,0,9,0,0,0,0,0,0,0
fer0006047.png,0,0,0,6,3,0,1,0,0,0
fer0006048.png,6,0,0,2,1,1,0,0,0,0
fer0006049.png,0,1,1,0,8,0,0,0,0,0
fer0006050.png,4,0,0,6,0,0,0,0,0,0
fer0006051.png,0,1,2,0,6,0,1,0,0,0
fer0006052.png,9,0,0,0,0,0,0,0,1,0
fer0006053.png,6,1,0,3,0,0,0,0,0,0
fer0006054.png,0,0,0,10,0,0,0,0,0,0
fer0006055.png,9,1,0,0,0,0,0,0,0,0
fer0006056.png,8,0,0,0,0,0,0,2,0,0
fer0006057.png,5,0,0,3,0,2,0,0,0,0
fer0006058.png,3,2,0,5,0,0,0,0,0,0
fer0006059.png,1,2,0,5,0,0,0,1,1,0
fer0006060.png,8,1,0,1,0,0,0,0,0,0
fer0006061.png,0,0,0,10,0,0,0,0,0,0
fer0006062.png,0,0,0,0,10,0,0,0,0,0
fer0006063.png,0,9,1,0,0,0,0,0,0,0
fer0006064.png,0,10,0,0,0,0,0,0,0,0
fer0006065.png,10,0,0,0,0,0,0,0,0,0
fer0006066.png,2,0,0,8,0,0,0,0,0,0
fer0006067.png,1,9,0,0,0,0,0,0,0,0
fer0006068.png,0,10,0,0,0,0,0,0,0,0
fer0006069.png,2,0,0,0,4,3,0,0,1,0
fer0006070.png,8,0,0,2,0,0,0,0,0,0
fer0006071.png,2,0,0,5,1,0,0,1,1,0
fer0006072.png,1,0,0,6,1,0,0,0,2,0
fer0006073.png,2,0,8,0,0,0,0,0,0,0
fer0006074.png,0,0,0,9,0,0,1,0,0,0
fer0006075.png,1,0,1,6,1,0,0,1,0,0
fer0006076.png,0,10,0,0,0,0,0,0,0,0
fer0006077.png,0,0,0,0,6,3,1,0,0,0
fer0006078.png,0,0,0,4,0,0,5,0,1,0
fer0006079.png,1,0,1,0,8,0,0,0,0,0
fer0006080.png,4,0,0,4,1,0,0,0,1,0
fer0006081.png,0,0,0,9,1,0,0,0,0,0
fer0006082.png,1,9,0,0,0,0,0,0,0,0
fer0006083.png,0,0,9,0,0,0,1,0,0,0
fer0006084.png,1,0,8,0,0,0,1,0,0,0
fer0006085.png,0,10,0,0,0,0,0,0,0,0
fer0006086.png,1,6,0,0,0,0,1,0,2,0
fer0006087.png,6,0,0,0,3,0,0,0,1,0
fer0006088.png,0,1,1,0,6,0,0,0,2,0
fer0006090.png,3,7,0,0,0,0,0,0,0,0
fer0006091.png,2,0,0,5,0,1,0,0,2,0
fer0006092.png,0,3,2,1,4,0,0,0,0,0
fer0006093.png,6,1,2,0,0,0,0,0,1,0
fer0006094.png,1,0,1,6,2,0,0,0,0,0
fer0006095.png,0,10,0,0,0,0,0,0,0,0
fer0006096.png,4,0,0,5,0,0,0,0,1,0
fer0006097.png,0,10,0,0,0,0,0,0,0,0
fer0006098.png,1,0,0,1,1,0,4,0,3,0
fer0006099.png,0,6,1,3,0,0,0,0,0,0
fer0006100.png,1,0,0,4,0,2,0,3,0,0
fer0006101.png,1,0,0,2,7,0,0,0,0,0
fer0006102.png,2,1,0,1,6,0,0,0,0,0
fer0006103.png,4,0,1,3,0,0,1,0,1,0
fer0006104.png,0,9,0,0,0,0,0,0,1,0
fer0006105.png,0,0,10,0,0,0,0,0,0,0
fer0006106.png,9,0,0,0,1,0,0,0,0,0
fer0006107.png,2,0,4,0,0,0,4,0,0,0
fer0006108.png,8,0,0,1,1,0,0,0,0,0
fer0006109.png,1,0,0,1,7,0,0,0,1,0
fer0006110.png,2,8,0,0,0,0,0,0,0,0
fer0006111.png,0,10,0,0,0,0,0,0,0,0
fer0006112.png,0,10,0,0,0,0,0,0,0,0
fer0006113.png,0,10,0,0,0,0,0,0,0,0
fer0006114.png,0,10,0,0,0,0,0,0,0,0
fer0006115.png,10,0,0,0,0,0,0,0,0,0
fer0006116.png,0,0,0,0,10,0,0,0,0,0
fer0006117.png,0,0,6,0,4,0,0,0,0,0
fer0006118.png,1,0,0,0,9,0,0,0,0,0
fer0006119.png,0,10,0,0,0,0,0,0,0,0
fer0006120.png,0,0,10,0,0,0,0,0,0,0
fer0006121.png,5,0,1,1,1,0,0,1,1,0
fer0006122.png,0,10,0,0,0,0,0,0,0,0
fer0006123.png,1,9,0,0,0,0,0,0,0,0
fer0006124.png,1,0,0,9,0,0,0,0,0,0
fer0006125.png,1,9,0,0,0,0,0,0,0,0
fer0006126.png,0,0,10,0,0,0,0,0,0,0
fer0006127.png,0,0,10,0,0,0,0,0,0,0
fer0006128.png,0,9,0,0,0,1,0,0,0,0
fer0006129.png,3,0,0,7,0,0,0,0,0,0
fer0006130.png,9,0,0,0,1,0,0,0,0,0
fer0006131.png,0,0,1,1,0,0,7,1,0,0
fer0006132.png,1,0,0,0,3,4,1,0,1,0
fer0006133.png,7,0,0,3,0,0,0,0,0,0
fer0006134.png,1,0,0,4,0,0,2,2,1,0
fer0006135.png,8,0,0,0,2,0,0,0,0,0
fer0006136.png,4,0,0,5,0,1,0,0,0,0
fer0006137.png,0,10,0,0,0,0,0,0,0,0
fer0006138.png,5,0,0,3,1,0,0,0,1,0
fer0006139.png,2,0,1,4,0,0,3,0,0,0
fer0006140.png,9,0,0,0,1,0,0,0,0,0
fer0006141.png,3,0,5,0,0,0,1,0,1,0
fer0006142.png,3,0,3,0,3,0,0,0,1,0
fer0006143.png,8,1,0,1,0,0,0,0,0,0
fer0006144.png,0,10,0,0,0,0,0,0,0,0
fer0006145.png,8,0,0,0,0,0,0,0,2,0
fer0006146.png,2,0,0,7,0,0,0,0,1,0
fer0006147.png,1,0,8,0,0,1,0,0,0,0
fer0006148.png,0,2,5,0,2,0,0,0,1,0
fer0006149.png,4,0,0,5,0,0,0,1,0,0
fer0006150.png,5,0,3,1,0,0,1,0,0,0
fer0006151.png,0,1,9,0,0,0,0,0,0,0
fer0006152.png,1,1,3,0,5,0,0,0,0,0
fer0006153.png,5,4,0,0,0,0,0,0,1,0
fer0006154.png,0,3,7,0,0,0,0,0,0,0
fer0006155.png,6,0,0,2,0,0,0,2,0,0
fer0006156.png,0,10,0,0,0,0,0,0,0,0
fer0006157.png,4,1,1,3,0,0,0,0,1,0
fer0006158.png,9,0,0,0,0,0,0,0,1,0
fer0006159.png,0,0,1,5,3,0,1,0,0,0
fer0006160.png,0,0,0,4,5,0,0,0,1,0
fer0006161.png,10,0,0,0,0,0,0,0,0,0
fer0006162.png,1,9,0,0,0,0,0,0,0,0
fer0006163.png,0,3,3,0,4,0,0,0,0,0
fer0006164.png,8,0,0,0,1,1,0,0,0,0
fer0006165.png,6,0,0,4,0,0,0,0,0,0
fer0006166.png,3,0,4,0,0,0,1,0,2,0
fer0006167.png,9,0,0,1,0,0,0,0,0,0
fer0006168.png,0,10,0,0,0,0,0,0,0,0
fer0006169.png,0,0,10,0,0,0,0,0,0,0
fer0006170.png,0,9,0,1,0,0,0,0,0,0
fer0006171.png,3,0,4,0,1,0,2,0,0,0
fer0006172.png,7,1,0,2,0,0,0,0,0,0
fer0006173.png,0,9,0,1,0,0,0,0,0,0
fer0006174.png,0,1,1,7,1,0,0,0,0,0
fer0006175.png,0,0,0,10,0,0,0,0,0,0
fer0006176.png,1,2,7,0,0,0,0,0,0,0
fer0006177.png,5,0,0,4,0,1,0,0,0,0
fer0006178.png,0,10,0,0,0,0,0,0,0,0
fer0006179.png,4,1,0,1,0,0,1,2,1,0
fer0006180.png,8,0,1,0,0,0,0,0,1,0
fer0006181.png,3,0,0,7,0,0,0,0,0,0
fer0006182.png,9,0,0,1,0,0,0,0,0,0
fer0006183.png,7,0,0,1,0,0,0,1,1,0
fer0006184.png,9,0,1,0,0,0,0,0,0,0
fer0006185.png,5,4,0,0,0,0,0,1,0,0
fer0006186.png,0,0,10,0,0,0,0,0,0,0
fer0006187.png,0,10,0,0,0,0,0,0,0,0
fer0006188.png,1,1,2,0,6,0,0,0,0,0
fer0006190.png,10,0,0,0,0,0,0,0,0,0
fer0006191.png,0,10,0,0,0,0,0,0,0,0
fer0006192.png,6,0,0,1,0,0,0,0,3,0
fer0006193.png,5,5,0,0,0,0,0,0,0,0
fer0006194.png,8,0,0,0,0,0,1,0,1,0
fer0006195.png,1,0,0,0,9,0,0,0,0,0
fer0006196.png,0,9,0,1,0,0,0,0,0,0
fer0006197.png,1,0,0,3,1,1,0,1,3,0
fer0006198.png,0,8,1,0,0,0,0,0,1,0
fer0006199.png,3,0,0,3,3,0,0,0,1,0
fer0006200.png,10,0,0,0,0,0,0,0,0,0
fer0006201.png,0,0,6,0,1,0,2,0,1,0
fer0006202.png,5,0,0,5,0,0,0,0,0,0
fer0006203.png,0,0,9,0,0,0,1,0,0,0
fer0006204.png,0,10,0,0,0,0,0,0,0,0
fer0006205.png,0,10,0,0,0,0,0,0,0,0
fer0006206.png,0,0,10,0,0,0,0,0,0,0
fer0006207.png,2,8,0,0,0,0,0,0,0,0
fer0006208.png,7,0,1,1,0,1,0,0,0,0
fer0006209.png,6,0,0,2,0,0,0,2,0,0
fer0006210.png,0,1,0,0,4,2,0,0,3,0
fer0006211.png,7,2,1,0,0,0,0,0,0,0
fer0006212.png,2,1,4,3,0,0,0,0,0,0
fer0006213.png,3,0,0,6,0,0,0,0,1,0
fer0006214.png,0,1,2,0,7,0,0,0,0,0
fer0006215.png,0,0,0,1,8,1,0,0,0,0
fer0006216.png,3,0,0,1,0,0,0,5,1,0
fer0006217.png,1,9,0,0,0,0,0,0,0,0
fer0006218.png,3,1,0,1,1,3,0,1,0,0
fer0006219.png,6,0,0,0,2,1,0,1,0,0
fer0006220.png,0,0,4,0,0,0,6,0,0,0
fer0006221.png,9,0,0,1,0,0,0,0,0,0
fer0006222.png,2,0,0,1,3,3,1,0,0,0
fer0006223.png,9,0,0,0,0,0,0,0,1,0
fer0006224.png,0,8,2,0,0,0,0,0,0,0
fer0006225.png,8,1,1,0,0,0,0,0,0,0
fer0006226.png,0,7,3,0,0,0,0,0,0,0
fer0006227.png,0,0,9,0,0,0,1,0,0,0
fer0006228.png,2,0,0,6,0,0,0,0,2,0
fer0006229.png,0,10,0,0,0,0,0,0,0,0
fer0006230.png,4,2,0,0,0,0,0,4,0,0
fer0006231.png,2,3,0,1,2,1,0,1,0,0
fer0006232.png,1,0,0,8,0,0,0,0,1,0
fer0006233.png,0,10,0,0,0,0,0,0,0,0
fer0006234.png,0,9,1,0,0,0,0,0,0,0
fer0006235.png,4,0,0,2,1,0,0,1,2,0
fer0006236.png,4,0,0,4,1,0,0,0,1,0
fer0006237.png,0,0,9,0,0,0,1,0,0,0
fer0006238.png,0,10,0,0,0,0,0,0,0,0
fer0006239.png,8,0,0,2,0,0,0,0,0,0
fer0006240.png,4,6,0,0,0,0,0,0,0,0
fer0006241.png,3,0,2,1,0,0,1,0,3,0
fer0006242.png,8,0,0,2,0,0,0,0,0,0
fer0006243.png,1,7,1,0,0,0,0,1,0,0
fer0006244.png,0,0,9,0,0,0,1,0,0,0
fer0006245.png,5,0,4,1,0,0,0,0,0,0
fer0006246.png,3,0,0,0,4,1,0,0,2,0
fer0006247.png,1,9,0,0,0,0,0,0,0,0
fer0006248.png,0,10,0,0,0,0,0,0,0,0
fer0006249.png,0,10,0,0,0,0,0,0,0,0
fer0006250.png,5,0,0,3,2,0,0,0,0,0
fer0006251.png,9,0,0,0,1,0,0,0,0,0
fer0006252.png,0,1,2,1,0,0,5,0,1,0
fer0006253.png,9,0,0,0,0,0,0,1,0,0
fer0006254.png,0,0,8,0,0,0,2,0,0,0
fer0006255.png,1,9,0,0,0,0,0,0,0,0
fer0006256.png,0,0,8,0,1,0,1,0,0,0
fer0006257.png,4,0,0,1,2,2,0,1,0,0
fer0006258.png,0,10,0,0,0,0,0,0,0,0
fer0006259.png,0,9,0,0,0,1,0,0,0,0
fer0006260.png,3,0,2,1,1,0,0,0,3,0
fer0006261.png,1,0,1,0,7,0,0,0,1,0
fer0006262.png,0,0,10,0,0,0,0,0,0,0
fer0006263.png,1,0,9,0,0,0,0,0,0,0
fer0006264.png,9,1,0,0,0,0,0,0,0,0
fer0006265.png,0,1,1,0,7,0,1,0,0,0
fer0006266.png,0,10,0,0,0,0,0,0,0,0
fer0006267.png,0,10,0,0,0,0,0,0,0,0
fer0006268.png,0,10,0,0,0,0,0,0,0,0
fer0006269.png,2,0,1,0,6,0,1,0,0,0
fer0006270.png,1,1,0,1,5,1,0,0,1,0
fer0006271.png,0,10,0,0,0,0,0,0,0,0
fer0006272.png,0,10,0,0,0,0,0,0,0,0
fer0006273.png,3,0,0,1,5,0,0,0,1,0
fer0006274.png,0,10,0,0,0,0,0,0,0,0
fer0006275.png,0,0,9,0,0,0,1,0,0,0
fer0006276.png,7,1,0,1,0,0,0,0,1,0
fer0006277.png,2,8,0,0,0,0,0,0,0,0
fer0006278.png,4,0,0,6,0,0,0,0,0,0
fer0006279.png,0,10,0,0,0,0,0,0,0,0
fer0006280.png,0,0,0,0,8,2,0,0,0,0
fer0006281.png,3,0,0,0,6,0,0,0,1,0
fer0006282.png,0,10,0,0,0,0,0,0,0,0
fer0006283.png,8,1,0,1,0,0,0,0,0,0
fer0006284.png,8,1,0,0,0,0,0,0,1,0
fer0006285.png,8,0,1,1,0,0,0,0,0,0
fer0006286.png,5,1,0,0,2,0,0,2,0,0
fer0006287.png,0,10,0,0,0,0,0,0,0,0
fer0006288.png,3,0,2,2,0,0,0,1,2,0
fer0006289.png,0,10,0,0,0,0,0,0,0,0
fer0006290.png,0,10,0,0,0,0,0,0,0,0
fer0006291.png,0,0,0,7,0,0,0,0,3,0
fer0006292.png,0,10,0,0,0,0,0,0,0,0
fer0006293.png,0,0,9,0,0,0,1,0,0,0
fer0006294.png,0,0,1,7,0,0,2,0,0,0
fer0006295.png,1,9,0,0,0,0,0,0,0,0
fer0006296.png,0,0,9,0,0,0,0,0,1,0
fer0006297.png,0,1,6,0,0,0,3,0,0,0
fer0006298.png,0,0,0,2,8,0,0,0,0,0
fer0006299.png,3,0,0,4,3,0,0,0,0,0
fer0006300.png,0,6,0,0,4,0,0,0,0,0
fer0006301.png,6,0,0,3,0,0,0,1,0,0
fer0006302.png,8,0,0,2,0,0,0,0,0,0
fer0006303.png,4,0,0,1,4,0,0,1,0,0
fer0006304.png,6,1,2,0,0,1,0,0,0,0
fer0006305.png,9,0,0,0,0,0,0,0,1,0
fer0006306.png,3,0,0,3,1,0,0,1,2,0
fer0006307.png,0,10,0,0,0,0,0,0,0,0
fer0006308.png,3,0,0,4,0,0,0,1,2,0
fer0006309.png,0,6,4,0,0,0,0,0,0,0
fer0006310.png,2,0,2,1,0,0,2,1,2,0
fer0006311.png,0,0,0,9,0,1,0,0,0,0
fer0006312.png,9,0,0,0,0,0,0,0,1,0
fer0006313.png,10,0,0,0,0,0,0,0,0,0
fer0006314.png,2,8,0,0,0,0,0,0,0,0
fer0006315.png,0,0,8,0,0,0,2,0,0,0
fer0006316.png,0,10,0,0,0,0,0,0,0,0
fer0006317.png,3,0,0,6,0,0,0,0,1,0
fer0006318.png,2,0,0,0,5,3,0,0,0,0
fer0006319.png,1,1,0,8,0,0,0,0,0,0
fer0006320.png,0,10,0,0,0,0,0,0,0,0
fer0006321.png,1,9,0,0,0,0,0,0,0,0
fer0006322.png,7,2,0,0,0,0,0,1,0,0
fer0006323.png,0,10,0,0,0,0,0,0,0,0
fer0006324.png,0,10,0,0,0,0,0,0,0,0
fer0006325.png,1,9,0,0,0,0,0,0,0,0
fer0006326.png,2,0,0,2,3,0,0,3,0,0
fer0006327.png,9,0,0,0,0,0,0,0,1,0
fer0006328.png,1,0,0,7,1,0,0,0,1,0
fer0006329.png,3,0,0,2,2,2,0,0,1,0
fer0006330.png,6,0,1,1,1,0,0,1,0,0
fer0006331.png,0,10,0,0,0,0,0,0,0,0
fer0006332.png,7,0,0,1,0,0,0,2,0,0
fer0006333.png,5,0,0,1,0,1,2,0,1,0
fer0006334.png,0,1,0,0,9,0,0,0,0,0
fer0006335.png,6,0,0,4,0,0,0,0,0,0
fer0006336.png,0,10,0,0,0,0,0,0,0,0
fer0006337.png,0,10,0,0,0,0,0,0,0,0
fer0006338.png,9,0,0,0,0,1,0,0,0,0
fer0006339.png,0,9,1,0,0,0,0,0,0,0
fer0006340.png,9,0,0,0,1,0,0,0,0,0
fer0006341.png,6,0,0,3,1,0,0,0,0,0
fer0006342.png,6,0,0,3,0,0,0,0,1,0
fer0006343.png,0,2,2,0,5,0,1,0,0,0
fer0006344.png,1,0,5,0,0,0,3,0,1,0
fer0006345.png,1,7,0,0,0,0,0,2,0,0
fer0006346.png,0,0,9,0,0,0,1,0,0,0
fer0006347.png,0,1,9,0,0,0,0,0,0,0
fer0006348.png,0,0,6,1,0,1,1,1,0,0
fer0006349.png,0,10,0,0,0,0,0,0,0,0
fer0006350.png,0,10,0,0,0,0,0,0,0,0
fer0006351.png,0,0,1,2,6,0,0,0,1,0
fer0006352.png,9,0,0,1,0,0,0,0,0,0
fer0006353.png,0,0,7,0,0,0,3,0,0,0
fer0006354.png,0,10,0,0,0,0,0,0,0,0
fer0006355.png,0,9,0,0,1,0,0,0,0,0
fer0006357.png,0,10,0,0,0,0,0,0,0,0
fer0006358.png,1,0,2,0,7,0,0,0,0,0
fer0006359.png,0,10,0,0,0,0,0,0,0,0
fer0006360.png,0,0,3,0,6,0,0,0,1,0
fer0006361.png,7,0,0,3,0,0,0,0,0,0
fer0006362.png,0,0,0,0,10,0,0,0,0,0
fer0006363.png,8,0,0,1,0,0,1,0,0,0
fer0006364.png,0,10,0,0,0,0,0,0,0,0
fer0006365.png,0,10,0,0,0,0,0,0,0,0
fer0006366.png,0,3,4,0,0,0,0,0,3,0
fer0006367.png,2,5,0,3,0,0,0,0,0,0
fer0006368.png,3,0,0,7,0,0,0,0,0,0
fer0006369.png,0,10,0,0,0,0,0,0,0,0
fer0006370.png,0,0,9,0,0,0,1,0,0,0
fer0006371.png,1,0,7,0,0,0,2,0,0,0
fer0006372.png,3,0,0,7,0,0,0,0,0,0
fer0006373.png,0,10,0,0,0,0,0,0,0,0
fer0006374.png,9,0,1,0,0,0,0,0,0,0
fer0006375.png,9,0,0,0,0,0,0,1,0,0
fer0006376.png,0,0,7,0,0,0,3,0,0,0
fer0006377.png,3,0,0,2,4,0,0,0,1,0
fer0006378.png,1,0,2,4,2,0,1,0,0,0
fer0006379.png,0,10,0,0,0,0,0,0,0,0
fer0006380.png,0,1,3,0,2,0,2,0,2,0
fer0006381.png,0,9,1,0,0,0,0,0,0,0
fer0006382.png,4,0,0,3,2,0,0,1,0,0
fer0006383.png,2,0,0,8,0,0,0,0,0,0
fer0006384.png,7,0,0,2,0,1,0,0,0,0
fer0006385.png,10,0,0,0,0,0,0,0,0,0
fer0006386.png,2,0,5,0,2,0,1,0,0,0
fer0006387.png,6,0,0,2,1,0,0,0,1,0
fer0006388.png,0,10,0,0,0,0,0,0,0,0
fer0006389.png,4,0,2,1,0,0,0,1,2,0
fer0006390.png,0,10,0,0,0,0,0,0,0,0
fer0006391.png,5,0,1,1,1,2,0,0,0,0
fer0006392.png,7,0,0,3,0,0,0,0,0,0
fer0006393.png,0,10,0,0,0,0,0,0,0,0
fer0006394.png,1,8,1,0,0,0,0,0,0,0
fer0006395.png,4,0,0,4,1,0,0,0,1,0
fer0006396.png,8,0,0,0,0,0,0,2,0,0
fer0006397.png,0,0,9,0,0,0,1,0,0,0
fer0006398.png,2,0,8,0,0,0,0,0,0,0
fer0006399.png,8,1,0,0,0,0,0,0,1,0
fer0006400.png,0,0,0,0,9,0,0,0,1,0
fer0006401.png,1,9,0,0,0,0,0,0,0,0
fer0006402.png,1,0,9,0,0,0,0,0,0,0
fer0006403.png,0,10,0,0,0,0,0,0,0,0
fer0006404.png,0,0,9,0,0,0,1,0,0,0
fer0006405.png,0,7,0,0,1,1,1,0,0,0
fer0006406.png,0,0,10,0,0,0,0,0,0,0
fer0006407.png,1,0,1,0,7,0,0,0,1,0
fer0006408.png,4,0,3,0,1,0,1,0,1,0
fer0006409.png,2,0,0,0,1,6,0,0,1,0
fer0006410.png,7,0,0,2,0,0,0,0,1,0
fer0006411.png,0,0,1,0,8,0,1,0,0,0
fer0006412.png,1,1,8,0,0,0,0,0,0,0
fer0006413.png,0,0,0,0,8,0,0,0,2,0
fer0006414.png,2,0,8,0,0,0,0,0,0,0
fer0006415.png,0,0,0,0,10,0,0,0,0,0
fer0006416.png,8,0,0,1,1,0,0,0,0,0
fer0006417.png,0,9,1,0,0,0,0,0,0,0
fer0006418.png,3,0,1,2,0,0,2,0,2,0
fer0006419.png,0,10,0,0,0,0,0,0,0,0
fer0006420.png,0,0,1,0,9,0,0,0,0,0
fer0006421.png,0,1,0,7,0,0,0,1,1,0
fer0006422.png,4,0,0,2,0,1,0,1,2,0
fer0006423.png,1,9,0,0,0,0,0,0,0,0
fer0006424.png,0,10,0,0,0,0,0,0,0,0
fer0006425.png,2,0,1,0,0,1,4,0,2,0
fer0006426.png,0,0,6,2,0,0,2,0,0,0
fer0006427.png,5,0,0,4,0,0,0,1,0,0
fer0006428.png,0,2,7,0,0,1,0,0,0,0
fer0006429.png,0,0,3,0,7,0,0,0,0,0
fer0006430.png,5,4,0,1,0,0,0,0,0,0
fer0006431.png,0,10,0,0,0,0,0,0,0,0
fer0006432.png,6,0,0,3,0,0,0,0,1,0
fer0006433.png,7,2,0,0,0,0,0,1,0,0
fer0006434.png,0,0,8,1,0,0,1,0,0,0
fer0006435.png,6,0,0,4,0,0,0,0,0,0
fer0006436.png,1,1,0,8,0,0,0,0,0,0
fer0006437.png,0,10,0,0,0,0,0,0,0,0
fer0006438.png,1,0,8,0,0,0,1,0,0,0
fer0006439.png,3,0,0,5,0,1,0,0,1,0
fer0006440.png,9,0,0,1,0,0,0,0,0,0
fer0006441.png,1,0,1,1,5,1,0,0,1,0
fer0006442.png,0,10,0,0,0,0,0,0,0,0
fer0006443.png,9,0,0,1,0,0,0,0,0,0
fer0006444.png,0,10,0,0,0,0,0,0,0,0
fer0006445.png,5,0,1,1,1,0,1,0,1,0
fer0006446.png,7,0,0,1,0,0,0,0,2,0
fer0006447.png,0,5,2,0,1,0,0,0,2,0
fer0006448.png,0,0,8,0,0,0,2,0,0,0
fer0006449.png,4,1,0,3,0,0,0,0,2,0
fer0006450.png,8,0,0,1,0,0,0,0,1,0
fer0006451.png,0,0,3,0,0,0,6,0,1,0
fer0006452.png,1,9,0,0,0,0,0,0,0,0
fer0006453.png,5,0,0,5,0,0,0,0,0,0
fer0006454.png,0,10,0,0,0,0,0,0,0,0
fer0006455.png,1,1,0,5,0,0,1,0,2,0
fer0006456.png,0,0,10,0,0,0,0,0,0,0
fer0006457.png,0,0,0,0,7,1,0,0,2,0
fer0006458.png,0,10,0,0,0,0,0,0,0,0
fer0006459.png,0,10,0,0,0,0,0,0,0,0
fer0006460.png,5,0,0,4,0,0,0,0,1,0
fer0006461.png,0,10,0,0,0,0,0,0,0,0
fer0006462.png,0,10,0,0,0,0,0,0,0,0
fer0006463.png,1,9,0,0,0,0,0,0,0,0
fer0006465.png,0,0,0,5,4,1,0,0,0,0
fer0006466.png,10,0,0,0,0,0,0,0,0,0
fer0006467.png,5,0,0,2,2,0,0,0,1,0
fer0006468.png,0,0,3,0,1,0,6,0,0,0
fer0006469.png,0,4,5,0,0,0,1,0,0,0
fer0006470.png,2,0,0,0,7,0,0,0,1,0
fer0006471.png,0,0,0,8,0,0,0,0,2,0
fer0006472.png,0,0,9,0,0,0,0,0,1,0
fer0006473.png,3,5,1,0,0,0,0,0,1,0
fer0006474.png,0,0,0,0,1,9,0,0,0,0
fer0006475.png,3,7,0,0,0,0,0,0,0,0
fer0006476.png,1,0,0,0,7,0,1,0,1,0
fer0006477.png,3,4,0,0,1,0,0,0,2,0
fer0006478.png,9,0,0,0,0,0,0,1,0,0
fer0006479.png,1,1,0,1,4,0,0,0,3,0
fer0006480.png,1,0,0,9,0,0,0,0,0,0
fer0006481.png,5,0,3,1,1,0,0,0,0,0
fer0006482.png,9,0,0,1,0,0,0,0,0,0
fer0006483.png,0,0,9,0,0,0,1,0,0,0
fer0006484.png,8,0,0,1,0,0,0,1,0,0
fer0006485.png,6,0,1,2,0,0,0,0,1,0
fer0006486.png,0,10,0,0,0,0,0,0,0,0
fer0006487.png,9,0,0,0,1,0,0,0,0,0
fer0006488.png,9,0,0,1,0,0,0,0,0,0
fer0006489.png,8,0,0,0,1,0,0,1,0,0
fer0006490.png,1,0,0,9,0,0,0,0,0,0
fer0006491.png,6,3,0,0,0,0,0,1,0,0
fer0006492.png,0,0,6,0,0,0,4,0,0,0
fer0006493.png,2,8,0,0,0,0,0,0,0,0
fer0006494.png,0,0,4,0,0,0,4,0,2,0
fer0006495.png,2,0,1,0,0,0,3,2,2,0
fer0006496.png,0,0,0,10,0,0,0,0,0,0
fer0006497.png,5,0,0,4,0,0,0,0,1,0
fer0006498.png,0,0,3,0,6,0,0,0,1,0
fer0006499.png,0,3,7,0,0,0,0,0,0,0
fer0006500.png,0,0,0,10,0,0,0,0,0,0
fer0006501.png,2,0,1,2,4,0,0,0,1,0
fer0006502.png,0,0,1,0,7,0,1,0,1,0
fer0006503.png,0,1,4,1,3,0,1,0,0,0
fer0006504.png,0,0,9,0,0,0,1,0,0,0
fer0006505.png,10,0,0,0,0,0,0,0,0,0
fer0006506.png,9,0,0,0,1,0,0,0,0,0
fer0006507.png,8,0,0,1,1,0,0,0,0,0
fer0006508.png,0,10,0,0,0,0,0,0,0,0
fer0006509.png,9,0,0,1,0,0,0,0,0,0
fer0006510.png,2,0,0,6,1,1,0,0,0,0
fer0006511.png,0,10,0,0,0,0,0,0,0,0
fer0006512.png,0,10,0,0,0,0,0,0,0,0
fer0006513.png,9,1,0,0,0,0,0,0,0,0
fer0006514.png,10,0,0,0,0,0,0,0,0,0
fer0006515.png,1,0,0,3,3,1,0,2,0,0
fer0006516.png,0,1,0,0,8,0,1,0,0,0
fer0006517.png,2,0,1,0,5,1,0,0,1,0
fer0006518.png,2,7,0,1,0,0,0,0,0,0
fer0006519.png,0,2,5,0,1,0,2,0,0,0
fer0006520.png,0,10,0,0,0,0,0,0,0,0
fer0006521.png,0,10,0,0,0,0,0,0,0,0
fer0006522.png,1,0,0,9,0,0,0,0,0,0
fer0006523.png,4,0,5,0,0,0,1,0,0,0
fer0006524.png,1,0,9,0,0,0,0,0,0,0
fer0006525.png,8,0,0,2,0,0,0,0,0,0
fer0006526.png,6,3,0,0,0,0,1,0,0,0
fer0006528.png,0,1,0,7,0,0,1,0,1,0
fer0006529.png,8,0,0,2,0,0,0,0,0,0
fer0006530.png,1,0,0,9,0,0,0,0,0,0
fer0006531.png,3,0,0,7,0,0,0,0,0,0
fer0006532.png,0,8,2,0,0,0,0,0,0,0
fer0006533.png,5,1,0,0,0,0,0,0,4,0
fer0006534.png,4,0,0,1,2,3,0,0,0,0
fer0006535.png,10,0,0,0,0,0,0,0,0,0
fer0006536.png,6,0,0,4,0,0,0,0,0,0
fer0006537.png,4,1,0,4,0,0,0,1,0,0
fer0006538.png,8,0,0,0,2,0,0,0,0,0
fer0006539.png,0,10,0,0,0,0,0,0,0,0
fer0006540.png,7,0,0,2,0,0,0,0,1,0
fer0006541.png,8,1,0,0,0,0,0,1,0,0
fer0006542.png,1,0,3,0,5,0,1,0,0,0
fer0006543.png,8,1,0,0,0,0,0,0,1,0
fer0006544.png,2,0,0,7,1,0,0,0,0,0
fer0006545.png,1,0,8,0,0,0,0,0,1,0
fer0006546.png,2,8,0,0,0,0,0,0,0,0
fer0006547.png,0,0,1,0,9,0,0,0,0,0
fer0006548.png,3,1,4,0,0,0,1,0,1,0
fer0006549.png,2,0,0,5,2,0,0,1,0,0
fer0006550.png,0,0,5,1,0,1,2,0,1,0
fer0006551.png,1,0,8,0,0,0,1,0,0,0
fer0006552.png,0,0,0,3,0,0,7,0,0,0
fer0006553.png,0,0,8,0,0,0,2,0,0,0
fer0006554.png,3,0,0,7,0,0,0,0,0,0
fer0006555.png,1,6,1,0,2,0,0,0,0,0
fer0006556.png,0,0,0,0,0,0,10,0,0,0
fer0006557.png,7,0,0,1,2,0,0,0,0,0
fer0006558.png,0,0,8,0,0,0,2,0,0,0
fer0006559.png,8,0,0,0,1,0,0,0,1,0
fer0006560.png,8,0,0,2,0,0,0,0,0,0
fer0006561.png,0,0,7,0,0,0,3,0,0,0
fer0006562.png,0,0,1,1,8,0,0,0,0,0
fer0006563.png,2,8,0,0,0,0,0,0,0,0
fer0006564.png,0,9,1,0,0,0,0,0,0,0
fer0006565.png,0,10,0,0,0,0,0,0,0,0
fer0006566.png,0,7,2,0,1,0,0,0,0,0
fer0006567.png,0,0,1,0,8,0,1,0,0,0
fer0006568.png,5,4,1,0,0,0,0,0,0,0
fer0006569.png,2,0,0,7,0,0,0,0,1,0
fer0006570.png,1,0,1,3,0,0,4,0,1,0
fer0006571.png,10,0,0,0,0,0,0,0,0,0
fer0006572.png,0,10,0,0,0,0,0,0,0,0
fer0006573.png,7,0,2,0,0,0,0,0,1,0
fer0006574.png,0,0,10,0,0,0,0,0,0,0
fer0006575.png,3,0,0,0,6,0,0,0,1,0
fer0006576.png,8,2,0,0,0,0,0,0,0,0
fer0006577.png,6,0,0,2,0,0,0,0,2,0
fer0006578.png,0,10,0,0,0,0,0,0,0,0
fer0006579.png,9,0,0,1,0,0,0,0,0,0
fer0006580.png,0,0,0,0,0,0,10,0,0,0
fer0006581.png,5,0,3,1,0,0,1,0,0,0
fer0006582.png,9,0,0,0,0,0,0,0,1,0
fer0006583.png,0,10,0,0,0,0,0,0,0,0
fer0006584.png,0,0,10,0,0,0,0,0,0,0
fer0006585.png,8,1,0,1,0,0,0,0,0,0
fer0006586.png,0,9,0,0,0,0,0,0,1,0
fer0006587.png,0,0,9,0,0,0,1,0,0,0
fer0006588.png,7,1,0,1,0,0,0,0,1,0
fer0006589.png,0,7,3,0,0,0,0,0,0,0
fer0006590.png,0,10,0,0,0,0,0,0,0,0
fer0006591.png,0,10,0,0,0,0,0,0,0,0
fer0006592.png,0,0,8,1,0,0,1,0,0,0
fer0006593.png,0,10,0,0,0,0,0,0,0,0
fer0006594.png,8,0,0,1,0,0,0,1,0,0
fer0006595.png,0,10,0,0,0,0,0,0,0,0
fer0006596.png,0,10,0,0,0,0,0,0,0,0
fer0006597.png,2,8,0,0,0,0,0,0,0,0
fer0006598.png,1,1,7,0,0,0,1,0,0,0
fer0006599.png,8,0,0,2,0,0,0,0,0,0
fer0006600.png,1,9,0,0,0,0,0,0,0,0
fer0006601.png,5,0,0,5,0,0,0,0,0,0
fer0006602.png,3,7,0,0,0,0,0,0,0,0
fer0006603.png,0,10,0,0,0,0,0,0,0,0
fer0006604.png,2,0,0,1,2,3,0,0,2,0
fer0006605.png,8,1,0,0,0,0,0,0,1,0
fer0006606.png,3,0,0,3,0,0,0,0,4,0
fer0006607.png,4,0,0,0,1,2,0,1,2,0
fer0006608.png,9,0,1,0,0,0,0,0,0,0
fer0006609.png,0,0,0,10,0,0,0,0,0,0
fer0006610.png,8,0,0,0,0,0,0,0,2,0
fer0006611.png,0,10,0,0,0,0,0,0,0,0
fer0006612.png,2,0,0,8,0,0,0,0,0,0
fer0006613.png,6,0,0,1,2,0,0,0,1,0
fer0006614.png,1,0,0,4,0,1,0,3,1,0
fer0006615.png,1,3,0,0,1,2,0,0,3,0
fer0006616.png,10,0,0,0,0,0,0,0,0,0
fer0006617.png,4,1,0,3,0,0,0,0,2,0
fer0006618.png,0,0,1,3,3,1,1,0,1,0
fer0006619.png,0,0,0,2,0,0,6,0,2,0
fer0006620.png,0,10,0,0,0,0,0,0,0,0
fer0006621.png,9,0,0,1,0,0,0,0,0,0
fer0006622.png,9,0,0,1,0,0,0,0,0,0
fer0006623.png,1,0,0,9,0,0,0,0,0,0
fer0006624.png,2,0,0,1,1,4,1,0,1,0
fer0006625.png,5,0,0,5,0,0,0,0,0,0
fer0006626.png,7,0,0,2,1,0,0,0,0,0
fer0006627.png,9,0,0,0,0,0,0,0,1,0
fer0006628.png,1,0,1,0,3,0,2,0,3,0
fer0006629.png,0,10,0,0,0,0,0,0,0,0
fer0006630.png,10,0,0,0,0,0,0,0,0,0
fer0006631.png,2,0,0,6,0,1,0,0,1,0
fer0006633.png,0,0,10,0,0,0,0,0,0,0
fer0006634.png,10,0,0,0,0,0,0,0,0,0
fer0006635.png,0,0,1,1,6,0,0,0,2,0
fer0006636.png,0,0,4,1,1,0,4,0,0,0
fer0006637.png,2,0,0,4,3,0,0,0,1,0
fer0006638.png,0,5,0,0,3,0,0,0,2,0
fer0006639.png,0,8,2,0,0,0,0,0,0,0
fer0006640.png,0,9,1,0,0,0,0,0,0,0
fer0006641.png,2,0,5,0,0,0,3,0,0,0
fer0006642.png,6,0,0,4,0,0,0,0,0,0
fer0006643.png,0,0,0,10,0,0,0,0,0,0
fer0006644.png,0,0,6,0,2,0,2,0,0,0
fer0006645.png,0,0,1,8,1,0,0,0,0,0
fer0006646.png,9,0,0,1,0,0,0,0,0,0
fer0006647.png,7,0,0,0,0,0,1,0,2,0
fer0006648.png,5,0,0,4,0,0,0,0,1,0
fer0006649.png,0,10,0,0,0,0,0,0,0,0
fer0006650.png,7,0,0,3,0,0,0,0,0,0
fer0006651.png,0,0,2,0,8,0,0,0,0,0
fer0006652.png,0,9,1,0,0,0,0,0,0,0
fer0006653.png,0,2,0,0,7,0,0,0,1,0
fer0006654.png,0,6,1,0,1,0,1,0,1,0
fer0006655.png,0,0,4,0,2,0,4,0,0,0
fer0006656.png,0,1,9,0,0,0,0,0,0,0
fer0006657.png,9,0,0,0,1,0,0,0,0,0
fer0006658.png,5,0,0,1,0,1,0,2,1,0
fer0006659.png,0,0,0,10,0,0,0,0,0,0
fer0006660.png,7,0,0,0,2,0,0,0,1,0
fer0006661.png,5,0,0,1,1,0,0,0,3,0
fer0006662.png,6,0,0,3,0,0,0,0,1,0
fer0006663.png,0,10,0,0,0,0,0,0,0,0
fer0006664.png,2,0,7,0,0,0,0,0,1,0
fer0006665.png,9,0,0,1,0,0,0,0,0,0
fer0006666.png,5,0,0,5,0,0,0,0,0,0
fer0006667.png,5,0,1,1,0,0,2,0,1,0
fer0006668.png,4,6,0,0,0,0,0,0,0,0
fer0006669.png,9,0,0,0,0,0,0,0,1,0
fer0006670.png,10,0,0,0,0,0,0,0,0,0
fer0006671.png,6,0,0,3,0,0,0,0,1,0
fer0006672.png,1,9,0,0,0,0,0,0,0,0
fer0006673.png,2,0,0,0,7,0,0,0,1,0
fer0006674.png,6,1,0,1,1,0,0,0,1,0
fer0006675.png,0,10,0,0,0,0,0,0,0,0
fer0006676.png,0,10,0,0,0,0,0,0,0,0
fer0006677.png,0,10,0,0,0,0,0,0,0,0
fer0006678.png,10,0,0,0,0,0,0,0,0,0
fer0006679.png,1,0,3,0,0,0,5,0,1,0
fer0006680.png,7,0,0,1,0,0,0,2,0,0
fer0006681.png,0,10,0,0,0,0,0,0,0,0
fer0006682.png,5,0,0,2,0,0,0,2,1,0
fer0006683.png,7,0,0,3,0,0,0,0,0,0
fer0006684.png,0,0,7,0,0,0,3,0,0,0
fer0006685.png,0,10,0,0,0,0,0,0,0,0
fer0006686.png,0,4,0,0,6,0,0,0,0,0
fer0006687.png,0,0,2,1,7,0,0,0,0,0
fer0006688.png,7,2,0,0,0,0,0,0,1,0
fer0006689.png,1,0,0,8,0,0,0,0,1,0
fer0006690.png,5,5,0,0,0,0,0,0,0,0
fer0006691.png,0,2,0,8,0,0,0,0,0,0
fer0006692.png,0,0,8,0,0,1,1,0,0,0
fer0006694.png,8,0,0,0,0,0,0,2,0,0
fer0006695.png,9,1,0,0,0,0,0,0,0,0
fer0006696.png,0,8,1,0,1,0,0,0,0,0
fer0006697.png,0,1,9,0,0,0,0,0,0,0
fer0006698.png,1,8,0,0,0,0,0,0,1,0
fer0006699.png,6,0,3,0,0,0,0,0,1,0
fer0006700.png,0,1,9,0,0,0,0,0,0,0
fer0006701.png,4,2,2,0,0,0,1,1,0,0
fer0006702.png,5,4,0,0,0,0,0,0,1,0
fer0006703.png,5,0,0,2,0,0,0,0,3,0
fer0006704.png,2,0,0,8,0,0,0,0,0,0
fer0006705.png,9,1,0,0,0,0,0,0,0,0
fer0006706.png,6,0,0,2,0,0,0,1,1,0
fer0006707.png,0,10,0,0,0,0,0,0,0,0
fer0006708.png,4,0,0,5,0,0,0,1,0,0
fer0006709.png,1,0,7,0,2,0,0,0,0,0
fer0006710.png,0,10,0,0,0,0,0,0,0,0
fer0006711.png,0,0,1,0,9,0,0,0,0,0
fer0006712.png,9,0,0,1,0,0,0,0,0,0
fer0006713.png,0,1,2,2,2,0,2,0,1,0
fer0006714.png,8,1,0,1,0,0,0,0,0,0
fer0006715.png,8,0,0,2,0,0,0,0,0,0
fer0006716.png,0,0,0,0,9,0,0,0,1,0
fer0006717.png,1,1,0,1,6,0,0,0,1,0
fer0006718.png,9,0,0,0,1,0,0,0,0,0
fer0006719.png,10,0,0,0,0,0,0,0,0,0
fer0006720.png,2,0,0,8,0,0,0,0,0,0
fer0006721.png,1,0,0,5,0,2,0,1,1,0
fer0006722.png,5,1,0,3,0,0,0,1,0,0
fer0006723.png,5,0,0,0,0,0,0,4,1,0
fer0006724.png,0,2,2,0,6,0,0,0,0,0
fer0006725.png,0,9,0,0,0,0,0,1,0,0
fer0006726.png,9,0,0,0,0,0,0,0,1,0
fer0006727.png,3,5,2,0,0,0,0,0,0,0
fer0006728.png,9,0,0,1,0,0,0,0,0,0
fer0006729.png,6,4,0,0,0,0,0,0,0,0
fer0006730.png,4,0,0,1,0,0,0,4,1,0
fer0006731.png,0,0,9,0,1,0,0,0,0,0
fer0006732.png,2,0,5,1,0,0,2,0,0,0
fer0006733.png,3,0,0,5,0,0,0,0,2,0
fer0006734.png,6,0,0,3,0,0,0,0,1,0
fer0006735.png,2,1,0,7,0,0,0,0,0,0
fer0006736.png,0,0,9,0,0,0,1,0,0,0
fer0006737.png,1,3,2,0,2,0,0,0,2,0
fer0006738.png,3,5,0,0,0,0,0,2,0,0
fer0006739.png,1,0,9,0,0,0,0,0,0,0
fer0006740.png,7,0,0,2,0,0,0,0,1,0
fer0006741.png,0,8,2,0,0,0,0,0,0,0
fer0006742.png,7,1,0,0,1,0,0,0,1,0
fer0006743.png,2,0,8,0,0,0,0,0,0,0
fer0006744.png,0,10,0,0,0,0,0,0,0,0
fer0006745.png,7,0,0,3,0,0,0,0,0,0
fer0006746.png,2,0,0,7,0,0,0,0,1,0
fer0006747.png,2,0,0,7,0,0,0,0,1,0
fer0006748.png,0,10,0,0,0,0,0,0,0,0
fer0006749.png,1,9,0,0,0,0,0,0,0,0
fer0006750.png,1,0,2,0,6,0,0,0,1,0
fer0006751.png,0,0,1,3,4,0,0,0,2,0
fer0006752.png,1,0,4,0,0,0,5,0,0,0
fer0006753.png,0,0,0,0,0,0,7,0,3,0
fer0006754.png,5,4,0,0,0,0,0,0,1,0
fer0006755.png,7,0,0,2,0,0,0,0,1,0
fer0006756.png,1,0,0,7,1,0,0,0,1,0
fer0006757.png,6,1,0,1,0,0,0,0,2,0
fer0006758.png,1,0,6,0,0,0,2,0,1,0
fer0006759.png,8,1,0,1,0,0,0,0,0,0
fer0006760.png,6,0,0,0,1,1,0,0,2,0
fer0006761.png,0,10,0,0,0,0,0,0,0,0
fer0006762.png,0,0,2,1,7,0,0,0,0,0
fer0006763.png,0,0,0,10,0,0,0,0,0,0
fer0006764.png,0,10,0,0,0,0,0,0,0,0
fer0006765.png,1,0,1,0,0,4,0,0,4,0
fer0006766.png,0,10,0,0,0,0,0,0,0,0
fer0006767.png,8,0,0,0,2,0,0,0,0,0
fer0006768.png,0,10,0,0,0,0,0,0,0,0
fer0006769.png,0,6,2,0,0,1,0,0,1,0
fer0006770.png,9,1,0,0,0,0,0,0,0,0
fer0006771.png,0,0,2,0,6,1,0,0,1,0
fer0006772.png,0,10,0,0,0,0,0,0,0,0
fer0006773.png,5,0,0,4,0,0,0,0,1,0
fer0006774.png,2,0,0,2,6,0,0,0,0,0
fer0006775.png,8,0,0,2,0,0,0,0,0,0
fer0006776.png,2,0,4,1,0,0,2,0,1,0
fer0006777.png,6,0,3,0,0,0,0,0,1,0
fer0006778.png,0,10,0,0,0,0,0,0,0,0
fer0006779.png,4,2,0,4,0,0,0,0,0,0
fer0006780.png,3,1,0,0,0,0,0,0,6,0
fer0006781.png,0,5,5,0,0,0,0,0,0,0
fer0006782.png,1,1,4,0,0,0,4,0,0,0
fer0006783.png,7,0,0,3,0,0,0,0,0,0
fer0006784.png,1,0,8,0,0,1,0,0,0,0
fer0006785.png,9,0,0,0,0,0,0,1,0,0
fer0006786.png,2,1,0,0,7,0,0,0,0,0
fer0006787.png,1,1,0,4,0,1,1,0,2,0
fer0006788.png,0,0,0,10,0,0,0,0,0,0
fer0006789.png,0,8,1,0,0,0,0,0,1,0
fer0006790.png,0,10,0,0,0,0,0,0,0,0
fer0006791.png,8,0,0,2,0,0,0,0,0,0
fer0006792.png,2,0,0,6,0,0,0,0,2,0
fer0006793.png,4,0,0,1,0,2,3,0,0,0
fer0006794.png,0,0,0,9,0,0,0,0,1,0
fer0006795.png,4,0,0,5,0,0,0,0,1,0
fer0006796.png,0,10,0,0,0,0,0,0,0,0
fer0006797.png,0,0,0,1,9,0,0,0,0,0
fer0006798.png,8,0,0,2,0,0,0,0,0,0
fer0006799.png,7,0,0,2,0,0,0,0,1,0
fer0006800.png,1,9,0,0,0,0,0,0,0,0
fer0006801.png,8,0,0,2,0,0,0,0,0,0
fer0006802.png,6,0,0,4,0,0,0,0,0,0
fer0006803.png,0,10,0,0,0,0,0,0,0,0
fer0006804.png,3,0,1,4,1,0,1,0,0,0
fer0006805.png,4,0,0,4,1,0,0,0,1,0
fer0006806.png,7,0,0,2,1,0,0,0,0,0
fer0006807.png,5,0,0,4,0,0,0,0,1,0
fer0006808.png,0,10,0,0,0,0,0,0,0,0
fer0006809.png,6,0,0,4,0,0,0,0,0,0
fer0006810.png,3,0,0,5,0,1,0,0,1,0
fer0006811.png,9,0,0,1,0,0,0,0,0,0
fer0006812.png,4,0,0,4,0,0,0,0,2,0
fer0006813.png,0,0,7,0,0,0,3,0,0,0
fer0006814.png,0,10,0,0,0,0,0,0,0,0
fer0006815.png,0,0,4,0,0,0,6,0,0,0
fer0006816.png,3,5,2,0,0,0,0,0,0,0
fer0006817.png,5,0,0,3,1,0,0,1,0,0
fer0006818.png,7,0,0,3,0,0,0,0,0,0
fer0006819.png,2,0,7,0,0,0,1,0,0,0
fer0006820.png,1,9,0,0,0,0,0,0,0,0
fer0006821.png,9,0,0,0,1,0,0,0,0,0
fer0006822.png,1,0,3,0,2,0,2,1,1,0
fer0006823.png,8,1,0,0,0,0,0,1,0,0
fer0006824.png,0,10,0,0,0,0,0,0,0,0
fer0006825.png,0,0,1,2,1,1,5,0,0,0
fer0006826.png,0,10,0,0,0,0,0,0,0,0
fer0006827.png,9,0,0,1,0,0,0,0,0,0
fer0006828.png,0,10,0,0,0,0,0,0,0,0
fer0006829.png,0,9,1,0,0,0,0,0,0,0
fer0006830.png,5,0,0,2,1,1,0,1,0,0
fer0006831.png,4,0,0,1,0,0,0,1,4,0
fer0006832.png,1,0,9,0,0,0,0,0,0,0
fer0006833.png,2,0,0,7,0,0,0,0,1,0
fer0006834.png,0,10,0,0,0,0,0,0,0,0
fer0006835.png,0,0,8,1,1,0,0,0,0,0
fer0006836.png,6,0,0,4,0,0,0,0,0,0
fer0006837.png,7,0,0,2,0,0,0,0,1,0
fer0006838.png,1,0,1,0,7,0,0,0,1,0
fer0006839.png,0,0,8,0,0,0,2,0,0,0
fer0006840.png,0,10,0,0,0,0,0,0,0,0
fer0006841.png,3,0,0,7,0,0,0,0,0,0
fer0006842.png,6,0,0,4,0,0,0,0,0,0
fer0006843.png,9,0,0,1,0,0,0,0,0,0
fer0006844.png,8,0,0,0,0,1,0,0,1,0
fer0006845.png,3,0,0,4,0,0,0,1,2,0
fer0006846.png,9,0,0,1,0,0,0,0,0,0
fer0006847.png,4,6,0,0,0,0,0,0,0,0
fer0006848.png,0,1,8,0,1,0,0,0,0,0
fer0006849.png,0,10,0,0,0,0,0,0,0,0
fer0006850.png,0,10,0,0,0,0,0,0,0,0
fer0006851.png,5,0,0,5,0,0,0,0,0,0
fer0006852.png,0,1,0,8,0,0,0,0,1,0
fer0006853.png,7,0,0,3,0,0,0,0,0,0
fer0006854.png,9,0,1,0,0,0,0,0,0,0
fer0006855.png,1,1,3,0,2,0,2,0,1,0
fer0006856.png,3,0,0,3,0,0,3,1,0,0
fer0006857.png,0,2,2,0,5,0,0,0,1,0
fer0006858.png,6,0,0,4,0,0,0,0,0,0
fer0006859.png,1,0,3,1,0,0,5,0,0,0
fer0006860.png,1,9,0,0,0,0,0,0,0,0
fer0006861.png,1,0,0,7,1,0,0,0,1,0
fer0006862.png,0,0,10,0,0,0,0,0,0,0
fer0006863.png,0,0,1,0,8,1,0,0,0,0
fer0006864.png,0,5,4,0,0,0,1,0,0,0
fer0006865.png,2,8,0,0,0,0,0,0,0,0
fer0006866.png,2,0,7,0,0,0,0,0,1,0
fer0006867.png,5,1,0,1,2,0,0,1,0,0
fer0006868.png,0,0,3,0,0,0,7,0,0,0
fer0006869.png,8,0,0,1,0,0,0,0,1,0
fer0006870.png,0,10,0,0,0,0,0,0,0,0
fer0006871.png,6,0,0,3,0,0,0,1,0,0
fer0006872.png,8,0,0,0,0,0,1,1,0,0
fer0006873.png,7,2,0,1,0,0,0,0,0,0
fer0006874.png,0,0,0,7,2,0,0,0,1,0
fer0006875.png,8,0,0,1,0,1,0,0,0,0
fer0006876.png,9,0,0,0,0,0,0,0,1,0
fer0006877.png,9,0,0,1,0,0,0,0,0,0
fer0006878.png,0,0,4,0,0,0,6,0,0,0
fer0006879.png,0,10,0,0,0,0,0,0,0,0
fer0006880.png,0,10,0,0,0,0,0,0,0,0
fer0006881.png,8,0,0,2,0,0,0,0,0,0
fer0006882.png,6,0,0,2,0,0,0,1,1,0
fer0006883.png,5,0,2,0,1,0,1,0,1,0
fer0006884.png,1,9,0,0,0,0,0,0,0,0
fer0006885.png,4,1,0,2,0,1,2,0,0,0
fer0006886.png,9,1,0,0,0,0,0,0,0,0
fer0006887.png,1,0,8,0,0,0,0,0,1,0
fer0006888.png,9,0,0,1,0,0,0,0,0,0
fer0006889.png,4,0,0,5,0,0,0,0,1,0
fer0006890.png,2,8,0,0,0,0,0,0,0,0
fer0006891.png,2,7,1,0,0,0,0,0,0,0
fer0006892.png,5,0,0,1,2,0,0,1,1,0
fer0006893.png,4,6,0,0,0,0,0,0,0,0
fer0006894.png,0,0,3,0,0,0,6,0,1,0
fer0006895.png,4,0,0,4,1,1,0,0,0,0
fer0006896.png,9,0,0,1,0,0,0,0,0,0
fer0006897.png,1,2,0,7,0,0,0,0,0,0
fer0006898.png,7,0,1,2,0,0,0,0,0,0
fer0006899.png,0,10,0,0,0,0,0,0,0,0
fer0006900.png,3,1,2,1,1,0,2,0,0,0
fer0006901.png,0,10,0,0,0,0,0,0,0,0
fer0006902.png,0,10,0,0,0,0,0,0,0,0
fer0006903.png,0,1,0,1,7,1,0,0,0,0
fer0006904.png,0,3,4,0,2,0,0,0,1,0
fer0006905.png,9,0,0,1,0,0,0,0,0,0
fer0006906.png,6,0,0,3,0,0,0,0,1,0
fer0006907.png,6,0,0,3,0,0,0,1,0,0
fer0006908.png,0,2,1,0,5,0,1,0,1,0
fer0006909.png,7,0,0,1,0,1,0,0,1,0
fer0006910.png,6,0,0,3,0,0,0,1,0,0
fer0006911.png,1,0,0,0,2,2,0,2,3,0
fer0006912.png,6,0,1,3,0,0,0,0,0,0
fer0006913.png,0,1,9,0,0,0,0,0,0,0
fer0006914.png,0,1,0,0,8,1,0,0,0,0
fer0006915.png,5,0,0,4,0,0,0,0,1,0
fer0006916.png,2,0,0,8,0,0,0,0,0,0
fer0006917.png,7,0,0,1,1,0,0,0,1,0
fer0006918.png,7,2,0,1,0,0,0,0,0,0
fer0006919.png,9,0,0,0,0,0,0,0,1,0
fer0006920.png,0,10,0,0,0,0,0,0,0,0
fer0006921.png,0,0,9,0,0,0,1,0,0,0
fer0006922.png,4,0,0,3,0,0,0,1,2,0
fer0006923.png,0,0,9,0,0,0,1,0,0,0
fer0006924.png,2,0,0,8,0,0,0,0,0,0
fer0006925.png,4,0,0,5,0,0,0,0,1,0
fer0006926.png,0,10,0,0,0,0,0,0,0,0
fer0006927.png,1,1,5,1,0,0,1,0,1,0
fer0006928.png,4,0,0,5,1,0,0,0,0,0
fer0006929.png,0,0,1,0,9,0,0,0,0,0
fer0006930.png,6,0,4,0,0,0,0,0,0,0
fer0006931.png,6,0,0,2,0,0,1,0,1,0
fer0006932.png,1,9,0,0,0,0,0,0,0,0
fer0006933.png,0,0,1,0,9,0,0,0,0,0
fer0006934.png,8,0,0,0,0,0,0,0,2,0
fer0006935.png,7,0,0,1,0,0,0,0,2,0
fer0006936.png,0,10,0,0,0,0,0,0,0,0
fer0006937.png,0,1,0,0,4,2,0,0,3,0
fer0006938.png,7,0,0,1,0,0,0,0,2,0
fer0006939.png,8,0,0,2,0,0,0,0,0,0
fer0006940.png,1,1,0,1,5,2,0,0,0,0
fer0006941.png,10,0,0,0,0,0,0,0,0,0
fer0006942.png,9,0,0,1,0,0,0,0,0,0
fer0006943.png,10,0,0,0,0,0,0,0,0,0
fer0006944.png,5,0,0,2,2,0,0,0,1,0
fer0006945.png,5,0,0,5,0,0,0,0,0,0
fer0006946.png,0,10,0,0,0,0,0,0,0,0
fer0006947.png,0,8,2,0,0,0,0,0,0,0
fer0006948.png,1,3,5,0,0,0,0,0,1,0
fer0006949.png,0,0,0,10,0,0,0,0,0,0
fer0006950.png,8,0,0,1,1,0,0,0,0,0
fer0006951.png,0,0,10,0,0,0,0,0,0,0
fer0006952.png,9,0,0,0,0,0,0,1,0,0
fer0006953.png,9,0,0,0,0,0,1,0,0,0
fer0006953.png,9,0,0,0,0,0,1,0,0,0
fer0006954.png,6,1,0,1,0,0,0,1,1,0
fer0006955.png,3,0,0,1,0,0,0,0,6,0
fer0006956.png,4,1,0,2,0,1,0,0,2,0
fer0006957.png,9,0,0,0,0,0,0,0,1,0
fer0006958.png,0,1,5,0,0,0,4,0,0,0
fer0006959.png,0,10,0,0,0,0,0,0,0,0
fer0006960.png,0,10,0,0,0,0,0,0,0,0
fer0006961.png,0,10,0,0,0,0,0,0,0,0
fer0006962.png,0,10,0,0,0,0,0,0,0,0
fer0006963.png,6,1,0,2,0,1,0,0,0,0
fer0006964.png,1,8,0,0,0,0,0,1,0,0
fer0006965.png,5,0,0,3,0,0,0,1,1,0
fer0006966.png,2,0,1,4,0,0,0,1,2,0
fer0006967.png,0,10,0,0,0,0,0,0,0,0
fer0006968.png,8,0,0,2,0,0,0,0,0,0
fer0006969.png,2,1,0,5,0,0,0,0,2,0
fer0006970.png,1,9,0,0,0,0,0,0,0,0
fer0006971.png,1,9,0,0,0,0,0,0,0,0
fer0006972.png,0,0,2,0,7,0,1,0,0,0
fer0006973.png,1,2,0,0,0,0,4,0,3,0
fer0006974.png,0,8,0,1,0,0,0,0,1,0
fer0006975.png,2,8,0,0,0,0,0,0,0,0
fer0006976.png,1,1,1,1,0,0,5,0,1,0
fer0006977.png,0,0,0,10,0,0,0,0,0,0
fer0006978.png,0,10,0,0,0,0,0,0,0,0
fer0006979.png,4,0,0,6,0,0,0,0,0,0
fer0006980.png,4,6,0,0,0,0,0,0,0,0
fer0006981.png,0,0,8,0,0,0,2,0,0,0
fer0006982.png,1,9,0,0,0,0,0,0,0,0
fer0006983.png,2,0,0,3,1,1,0,1,2,0
fer0006984.png,0,10,0,0,0,0,0,0,0,0
fer0006985.png,7,0,0,2,0,0,0,1,0,0
fer0006986.png,2,0,0,8,0,0,0,0,0,0
fer0006987.png,0,0,9,0,0,0,1,0,0,0
fer0006988.png,2,0,0,7,0,0,0,0,1,0
fer0006989.png,3,0,0,4,1,1,0,1,0,0
fer0006990.png,5,0,1,3,0,1,0,0,0,0
fer0006991.png,0,8,0,0,0,0,0,1,1,0
fer0006992.png,3,0,0,5,2,0,0,0,0,0
fer0006993.png,7,0,0,3,0,0,0,0,0,0
fer0006994.png,9,1,0,0,0,0,0,0,0,0
fer0006995.png,2,0,0,6,1,0,0,0,1,0
fer0006996.png,2,1,2,2,1,0,0,1,1,0
fer0006997.png,0,10,0,0,0,0,0,0,0,0
fer0006998.png,0,10,0,0,0,0,0,0,0,0
fer0006999.png,0,9,0,0,1,0,0,0,0,0
fer0007001.png,2,8,0,0,0,0,0,0,0,0
fer0007002.png,2,8,0,0,0,0,0,0,0,0
fer0007003.png,10,0,0,0,0,0,0,0,0,0
fer0007004.png,0,0,1,1,7,0,1,0,0,0
fer0007005.png,0,10,0,0,0,0,0,0,0,0
fer0007006.png,6,0,0,2,0,0,0,1,1,0
fer0007007.png,0,10,0,0,0,0,0,0,0,0
fer0007008.png,1,9,0,0,0,0,0,0,0,0
fer0007009.png,2,0,7,0,1,0,0,0,0,0
fer0007010.png,5,4,0,0,0,0,0,0,1,0
fer0007011.png,0,9,0,0,0,0,1,0,0,0
fer0007012.png,3,0,0,5,0,1,0,0,1,0
fer0007013.png,0,10,0,0,0,0,0,0,0,0
fer0007014.png,0,10,0,0,0,0,0,0,0,0
fer0007015.png,1,0,0,5,0,0,2,1,1,0
fer0007016.png,2,0,0,2,1,0,3,0,2,0
fer0007017.png,0,6,3,0,0,0,0,0,1,0
fer0007018.png,7,0,1,1,0,0,1,0,0,0
fer0007019.png,3,2,4,0,0,0,0,0,1,0
fer0007020.png,0,10,0,0,0,0,0,0,0,0
fer0007021.png,3,7,0,0,0,0,0,0,0,0
fer0007022.png,6,0,0,0,3,0,0,0,1,0
fer0007023.png,0,0,5,0,1,0,4,0,0,0
fer0007024.png,0,0,0,10,0,0,0,0,0,0
fer0007025.png,0,0,8,0,0,0,2,0,0,0
fer0007026.png,8,0,0,2,0,0,0,0,0,0
fer0007027.png,0,6,4,0,0,0,0,0,0,0
fer0007028.png,7,0,0,2,1,0,0,0,0,0
fer0007029.png,6,0,0,4,0,0,0,0,0,0
fer0007030.png,2,8,0,0,0,0,0,0,0,0
fer0007031.png,2,0,0,0,7,0,1,0,0,0
fer0007032.png,8,0,0,2,0,0,0,0,0,0
fer0007033.png,1,0,1,6,0,0,1,0,1,0
fer0007034.png,4,0,0,1,4,0,0,1,0,0
fer0007035.png,2,7,0,0,0,0,0,1,0,0
fer0007036.png,3,0,6,0,1,0,0,0,0,0
fer0007037.png,5,3,0,1,0,0,0,0,1,0
fer0007038.png,0,0,0,8,0,0,0,0,2,0
fer0007039.png,0,10,0,0,0,0,0,0,0,0
fer0007040.png,8,0,0,0,1,0,0,0,1,0
fer0007041.png,1,0,2,0,6,0,0,0,1,0
fer0007042.png,1,0,1,0,6,1,0,0,1,0
fer0007043.png,6,4,0,0,0,0,0,0,0,0
fer0007044.png,0,10,0,0,0,0,0,0,0,0
fer0007045.png,0,0,8,0,0,0,2,0,0,0
fer0007046.png,1,0,3,1,0,0,1,1,3,0
fer0007047.png,0,9,0,0,0,1,0,0,0,0
fer0007048.png,3,0,0,6,1,0,0,0,0,0
fer0007049.png,9,0,0,1,0,0,0,0,0,0
fer0007050.png,0,10,0,0,0,0,0,0,0,0
fer0007051.png,5,0,1,0,4,0,0,0,0,0
fer0007052.png,0,0,0,0,9,0,0,0,1,0
fer0007053.png,0,1,1,6,0,2,0,0,0,0
fer0007054.png,1,0,8,0,0,0,1,0,0,0
fer0007055.png,10,0,0,0,0,0,0,0,0,0
fer0007056.png,7,0,0,2,1,0,0,0,0,0
fer0007057.png,8,0,1,0,0,0,0,0,1,0
fer0007058.png,0,0,8,1,0,0,1,0,0,0
fer0007059.png,1,2,3,0,3,0,0,0,1,0
fer0007060.png,0,0,4,0,0,0,6,0,0,0
fer0007061.png,0,2,3,0,0,1,1,0,3,0
fer0007062.png,5,0,0,4,0,0,0,0,1,0
fer0007063.png,0,10,0,0,0,0,0,0,0,0
fer0007064.png,0,0,1,3,0,1,0,1,4,0
fer0007065.png,0,10,0,0,0,0,0,0,0,0
fer0007066.png,3,0,0,7,0,0,0,0,0,0
fer0007067.png,1,0,0,0,9,0,0,0,0,0
fer0007068.png,1,0,7,0,1,0,0,0,1,0
fer0007069.png,0,0,0,5,0,0,5,0,0,0
fer0007070.png,0,0,0,10,0,0,0,0,0,0
fer0007071.png,0,0,0,9,0,0,0,0,1,0
fer0007072.png,2,0,0,6,0,2,0,0,0,0
fer0007073.png,0,0,0,10,0,0,0,0,0,0
fer0007074.png,5,0,4,0,0,0,0,0,1,0
fer0007075.png,1,0,0,0,0,2,0,7,0,0
fer0007076.png,9,0,0,1,0,0,0,0,0,0
fer0007077.png,4,2,0,0,0,0,0,0,4,0
fer0007078.png,0,1,3,0,4,0,2,0,0,0
fer0007079.png,8,0,0,0,1,0,0,1,0,0
fer0007080.png,6,0,2,1,0,0,1,0,0,0
fer0007081.png,5,0,0,3,0,0,0,0,2,0
fer0007082.png,0,0,5,1,0,0,0,0,4,0
fer0007083.png,5,0,0,4,0,0,0,1,0,0
fer0007084.png,8,0,0,2,0,0,0,0,0,0
fer0007085.png,0,10,0,0,0,0,0,0,0,0
fer0007086.png,10,0,0,0,0,0,0,0,0,0
fer0007087.png,6,1,0,3,0,0,0,0,0,0
fer0007088.png,9,0,0,0,1,0,0,0,0,0
fer0007089.png,4,0,0,1,3,1,0,1,0,0
fer0007090.png,8,0,0,2,0,0,0,0,0,0
fer0007091.png,8,0,0,1,0,0,0,0,1,0
fer0007092.png,4,0,2,0,0,0,0,0,4,0
fer0007093.png,6,0,0,0,2,0,0,2,0,0
fer0007094.png,5,1,0,3,0,0,0,0,1,0
fer0007095.png,8,1,0,0,0,0,0,0,1,0
fer0007096.png,7,0,0,2,0,0,0,0,1,0
fer0007097.png,0,10,0,0,0,0,0,0,0,0
fer0007098.png,6,0,0,0,2,2,0,0,0,0
fer0007099.png,0,10,0,0,0,0,0,0,0,0
fer0007100.png,2,2,1,5,0,0,0,0,0,0
fer0007101.png,0,10,0,0,0,0,0,0,0,0
fer0007102.png,1,0,5,2,0,0,1,0,1,0
fer0007103.png,10,0,0,0,0,0,0,0,0,0
fer0007104.png,2,0,0,6,1,0,0,0,1,0
fer0007105.png,0,10,0,0,0,0,0,0,0,0
fer0007106.png,8,0,0,0,0,0,0,1,1,0
fer0007107.png,5,0,0,5,0,0,0,0,0,0
fer0007108.png,0,10,0,0,0,0,0,0,0,0
fer0007109.png,7,2,0,0,0,0,1,0,0,0
fer0007110.png,8,0,0,1,0,0,0,0,1,0
fer0007111.png,8,0,0,2,0,0,0,0,0,0
fer0007112.png,3,7,0,0,0,0,0,0,0,0
fer0007113.png,6,0,0,4,0,0,0,0,0,0
fer0007114.png,0,0,2,1,2,1,3,0,1,0
fer0007115.png,0,10,0,0,0,0,0,0,0,0
fer0007116.png,6,0,0,1,3,0,0,0,0,0
fer0007117.png,10,0,0,0,0,0,0,0,0,0
fer0007118.png,0,0,7,0,0,0,3,0,0,0
fer0007119.png,0,0,1,2,7,0,0,0,0,0
fer0007120.png,0,10,0,0,0,0,0,0,0,0
fer0007121.png,0,7,2,0,1,0,0,0,0,0
fer0007122.png,10,0,0,0,0,0,0,0,0,0
fer0007123.png,0,10,0,0,0,0,0,0,0,0
fer0007124.png,0,0,8,0,1,0,0,0,1,0
fer0007125.png,7,0,0,2,0,0,0,0,1,0
fer0007126.png,1,9,0,0,0,0,0,0,0,0
fer0007127.png,4,0,3,0,2,0,0,0,1,0
fer0007128.png,0,0,0,1,1,8,0,0,0,0
fer0007129.png,2,0,0,5,0,0,0,1,2,0
fer0007130.png,9,0,0,0,0,0,0,1,0,0
fer0007131.png,4,0,0,6,0,0,0,0,0,0
fer0007132.png,0,10,0,0,0,0,0,0,0,0
fer0007133.png,0,10,0,0,0,0,0,0,0,0
fer0007134.png,6,1,0,1,0,0,0,0,2,0
fer0007135.png,1,2,2,0,5,0,0,0,0,0
fer0007136.png,6,0,1,2,0,0,0,0,1,0
fer0007137.png,0,9,0,0,1,0,0,0,0,0
fer0007138.png,0,0,10,0,0,0,0,0,0,0
fer0007139.png,0,9,1,0,0,0,0,0,0,0
fer0007140.png,3,7,0,0,0,0,0,0,0,0
fer0007141.png,7,0,0,0,0,1,0,1,1,0
fer0007142.png,4,0,0,6,0,0,0,0,0,0
fer0007143.png,7,0,0,2,1,0,0,0,0,0
fer0007144.png,0,10,0,0,0,0,0,0,0,0
fer0007145.png,7,0,2,1,0,0,0,0,0,0
fer0007146.png,0,10,0,0,0,0,0,0,0,0
fer0007147.png,0,10,0,0,0,0,0,0,0,0
fer0007148.png,8,2,0,0,0,0,0,0,0,0
fer0007149.png,0,0,9,0,0,0,1,0,0,0
fer0007150.png,10,0,0,0,0,0,0,0,0,0
fer0007151.png,1,9,0,0,0,0,0,0,0,0
fer0007152.png,0,0,1,0,0,1,0,6,2,0
fer0007153.png,7,0,0,2,0,0,0,1,0,0
fer0007154.png,9,0,0,0,0,0,0,0,1,0
fer0007155.png,0,10,0,0,0,0,0,0,0,0
fer0007156.png,0,7,1,0,1,0,0,0,1,0
fer0007157.png,0,0,0,10,0,0,0,0,0,0
fer0007158.png,2,0,0,1,5,1,0,1,0,0
fer0007159.png,1,9,0,0,0,0,0,0,0,0
fer0007160.png,0,0,8,0,0,0,2,0,0,0
fer0007161.png,0,0,0,2,5,3,0,0,0,0
fer0007162.png,1,9,0,0,0,0,0,0,0,0
fer0007163.png,7,0,0,2,0,0,0,0,1,0
fer0007164.png,4,0,1,1,2,0,0,1,1,0
fer0007165.png,0,10,0,0,0,0,0,0,0,0
fer0007166.png,0,0,6,0,0,0,4,0,0,0
fer0007167.png,0,9,0,0,0,1,0,0,0,0
fer0007168.png,3,1,0,2,0,0,0,2,2,0
fer0007169.png,0,7,3,0,0,0,0,0,0,0
fer0007170.png,0,10,0,0,0,0,0,0,0,0
fer0007171.png,0,1,0,0,6,2,0,1,0,0
fer0007172.png,0,10,0,0,0,0,0,0,0,0
fer0007173.png,0,1,2,0,4,0,2,0,1,0
fer0007174.png,0,10,0,0,0,0,0,0,0,0
fer0007175.png,0,10,0,0,0,0,0,0,0,0
fer0007176.png,1,0,0,1,0,6,0,0,2,0
fer0007177.png,0,5,5,0,0,0,0,0,0,0
fer0007178.png,7,1,0,2,0,0,0,0,0,0
fer0007179.png,5,0,0,3,0,1,0,0,1,0
fer0007180.png,0,10,0,0,0,0,0,0,0,0
fer0007181.png,0,0,0,0,8,2,0,0,0,0
fer0007182.png,10,0,0,0,0,0,0,0,0,0
fer0007183.png,9,0,0,1,0,0,0,0,0,0
fer0007184.png,1,9,0,0,0,0,0,0,0,0
fer0007185.png,0,10,0,0,0,0,0,0,0,0
fer0007186.png,0,3,0,0,3,0,1,0,3,0
fer0007187.png,0,0,9,0,0,0,1,0,0,0
fer0007188.png,1,0,4,1,1,0,2,0,1,0
fer0007189.png,3,0,0,4,0,1,1,0,1,0
fer0007190.png,0,10,0,0,0,0,0,0,0,0
fer0007191.png,8,0,0,1,0,0,0,1,0,0
fer0007192.png,9,0,0,1,0,0,0,0,0,0
fer0007193.png,0,10,0,0,0,0,0,0,0,0
fer0007194.png,3,6,0,0,1,0,0,0,0,0
fer0007195.png,0,3,7,0,0,0,0,0,0,0
fer0007196.png,1,0,0,8,0,1,0,0,0,0
fer0007197.png,0,0,7,2,0,0,1,0,0,0
fer0007198.png,10,0,0,0,0,0,0,0,0,0
fer0007199.png,0,10,0,0,0,0,0,0,0,0
fer0007200.png,1,0,0,2,7,0,0,0,0,0
fer0007201.png,0,10,0,0,0,0,0,0,0,0
fer0007202.png,0,10,0,0,0,0,0,0,0,0
fer0007203.png,1,0,0,1,6,1,0,0,1,0
fer0007204.png,9,0,0,1,0,0,0,0,0,0
fer0007205.png,0,0,7,0,0,0,3,0,0,0
fer0007206.png,9,0,0,0,1,0,0,0,0,0
fer0007207.png,0,10,0,0,0,0,0,0,0,0
fer0007208.png,0,0,3,0,6,0,0,0,1,0
fer0007209.png,0,0,0,10,0,0,0,0,0,0
fer0007210.png,0,10,0,0,0,0,0,0,0,0
fer0007211.png,10,0,0,0,0,0,0,0,0,0
fer0007212.png,0,0,1,9,0,0,0,0,0,0
fer0007213.png,7,0,0,3,0,0,0,0,0,0
fer0007214.png,0,0,8,0,0,0,2,0,0,0
fer0007215.png,0,10,0,0,0,0,0,0,0,0
fer0007216.png,5,0,0,4,0,0,0,0,1,0
fer0007217.png,5,0,0,3,0,0,0,0,2,0
fer0007218.png,0,10,0,0,0,0,0,0,0,0
fer0007219.png,2,0,0,7,0,0,0,0,1,0
fer0007220.png,6,0,0,0,2,1,0,1,0,0
fer0007221.png,1,0,0,9,0,0,0,0,0,0
fer0007222.png,7,0,0,0,2,1,0,0,0,0
fer0007223.png,10,0,0,0,0,0,0,0,0,0
fer0007224.png,7,0,1,2,0,0,0,0,0,0
fer0007225.png,2,0,0,0,7,0,0,0,1,0
fer0007226.png,0,9,0,0,0,0,1,0,0,0
fer0007227.png,0,0,0,9,0,0,0,0,1,0
fer0007228.png,0,10,0,0,0,0,0,0,0,0
fer0007229.png,0,10,0,0,0,0,0,0,0,0
fer0007230.png,10,0,0,0,0,0,0,0,0,0
fer0007231.png,2,0,0,0,5,1,0,0,2,0
fer0007232.png,1,0,0,0,8,0,0,1,0,0
fer0007233.png,2,0,0,7,0,0,0,0,1,0
fer0007234.png,0,0,10,0,0,0,0,0,0,0
fer0007235.png,0,5,5,0,0,0,0,0,0,0
fer0007236.png,0,0,0,10,0,0,0,0,0,0
fer0007237.png,3,0,0,6,1,0,0,0,0,0
fer0007238.png,9,0,0,1,0,0,0,0,0,0
fer0007239.png,1,0,1,0,0,0,8,0,0,0
fer0007240.png,0,0,10,0,0,0,0,0,0,0
fer0007241.png,0,0,3,0,5,0,0,0,2,0
fer0007242.png,7,0,0,3,0,0,0,0,0,0
fer0007243.png,1,0,0,4,0,4,0,1,0,0
fer0007244.png,8,1,0,0,0,0,0,0,1,0
fer0007245.png,4,1,0,2,2,0,0,0,1,0
fer0007246.png,1,0,4,0,4,0,0,0,1,0
fer0007247.png,0,10,0,0,0,0,0,0,0,0
fer0007248.png,5,0,1,1,0,0,2,1,0,0
fer0007249.png,0,10,0,0,0,0,0,0,0,0
fer0007250.png,0,10,0,0,0,0,0,0,0,0
fer0007251.png,4,0,0,1,5,0,0,0,0,0
fer0007252.png,9,0,0,1,0,0,0,0,0,0
fer0007253.png,6,0,0,1,0,2,0,0,1,0
fer0007254.png,1,1,0,6,0,0,0,0,2,0
fer0007255.png,4,0,2,1,1,1,1,0,0,0
fer0007256.png,3,7,0,0,0,0,0,0,0,0
fer0007257.png,9,0,0,0,1,0,0,0,0,0
fer0007258.png,6,0,0,3,0,1,0,0,0,0
fer0007259.png,4,0,0,6,0,0,0,0,0,0
fer0007260.png,10,0,0,0,0,0,0,0,0,0
fer0007261.png,1,9,0,0,0,0,0,0,0,0
fer0007262.png,8,0,1,0,0,0,1,0,0,0
fer0007263.png,0,10,0,0,0,0,0,0,0,0
fer0007264.png,0,10,0,0,0,0,0,0,0,0
fer0007265.png,5,0,0,0,0,1,0,3,1,0
fer0007266.png,0,0,0,6,0,1,0,2,1,0
fer0007267.png,1,9,0,0,0,0,0,0,0,0
fer0007268.png,1,1,0,0,6,0,0,0,2,0
fer0007269.png,0,0,8,0,0,0,2,0,0,0
fer0007270.png,3,0,7,0,0,0,0,0,0,0
fer0007271.png,1,0,0,9,0,0,0,0,0,0
fer0007272.png,3,0,0,4,1,0,0,0,2,0
fer0007273.png,5,0,0,5,0,0,0,0,0,0
fer0007274.png,0,10,0,0,0,0,0,0,0,0
fer0007275.png,2,0,0,0,7,1,0,0,0,0
fer0007276.png,1,9,0,0,0,0,0,0,0,0
fer0007277.png,0,0,9,0,0,0,1,0,0,0
fer0007278.png,5,0,0,0,3,0,0,0,2,0
fer0007279.png,0,10,0,0,0,0,0,0,0,0
fer0007280.png,5,5,0,0,0,0,0,0,0,0
fer0007281.png,10,0,0,0,0,0,0,0,0,0
fer0007282.png,0,10,0,0,0,0,0,0,0,0
fer0007283.png,0,9,0,0,0,0,0,0,1,0
fer0007284.png,0,0,1,0,6,1,1,0,1,0
fer0007285.png,4,1,0,5,0,0,0,0,0,0
fer0007286.png,0,0,4,0,2,0,4,0,0,0
fer0007287.png,4,0,0,0,3,1,0,1,1,0
fer0007288.png,7,0,0,0,2,0,0,1,0,0
fer0007289.png,0,9,1,0,0,0,0,0,0,0
fer0007290.png,2,0,0,7,0,0,0,0,1,0
fer0007291.png,0,10,0,0,0,0,0,0,0,0
fer0007292.png,0,1,7,0,0,0,0,1,1,0
fer0007293.png,0,0,5,1,0,0,2,0,2,0
fer0007294.png,4,0,0,5,0,0,0,0,1,0
fer0007295.png,1,9,0,0,0,0,0,0,0,0
fer0007296.png,10,0,0,0,0,0,0,0,0,0
fer0007297.png,0,1,2,0,1,4,0,0,2,0
fer0007298.png,7,0,0,1,1,0,0,0,1,0
fer0007299.png,1,0,8,0,0,0,1,0,0,0
fer0007300.png,9,0,0,0,0,0,0,0,1,0
fer0007301.png,0,1,1,5,0,0,2,0,1,0
fer0007302.png,0,9,1,0,0,0,0,0,0,0
fer0007303.png,10,0,0,0,0,0,0,0,0,0
fer0007304.png,0,10,0,0,0,0,0,0,0,0
fer0007305.png,4,0,0,5,0,0,0,0,1,0
fer0007306.png,6,0,0,1,0,1,0,2,0,0
fer0007307.png,8,0,2,0,0,0,0,0,0,0
fer0007308.png,7,1,2,0,0,0,0,0,0,0
fer0007309.png,2,0,0,4,2,1,0,0,1,0
fer0007310.png,10,0,0,0,0,0,0,0,0,0
fer0007311.png,0,0,1,0,8,0,0,0,1,0
fer0007312.png,0,0,1,1,7,0,0,0,1,0
fer0007313.png,0,2,8,0,0,0,0,0,0,0
fer0007314.png,0,10,0,0,0,0,0,0,0,0
fer0007315.png,3,0,0,6,0,0,0,0,1,0
fer0007316.png,0,10,0,0,0,0,0,0,0,0
fer0007317.png,0,10,0,0,0,0,0,0,0,0
fer0007318.png,0,10,0,0,0,0,0,0,0,0
fer0007319.png,0,10,0,0,0,0,0,0,0,0
fer0007320.png,3,0,0,3,0,0,4,0,0,0
fer0007321.png,0,0,1,9,0,0,0,0,0,0
fer0007322.png,0,5,1,1,2,0,0,0,1,0
fer0007323.png,6,0,0,4,0,0,0,0,0,0
fer0007324.png,1,0,1,2,0,0,5,1,0,0
fer0007325.png,7,0,0,0,0,1,0,1,1,0
fer0007326.png,1,0,1,0,0,0,4,1,3,0
fer0007327.png,0,10,0,0,0,0,0,0,0,0
fer0007328.png,8,0,0,0,0,0,0,1,1,0
fer0007329.png,0,10,0,0,0,0,0,0,0,0
fer0007330.png,8,0,1,1,0,0,0,0,0,0
fer0007331.png,0,0,9,0,0,0,1,0,0,0
fer0007332.png,5,0,0,3,1,0,0,0,1,0
fer0007333.png,0,1,1,6,0,0,1,0,1,0
fer0007334.png,1,0,7,0,0,0,2,0,0,0
fer0007335.png,3,0,1,4,0,1,0,1,0,0
fer0007336.png,0,2,7,1,0,0,0,0,0,0
fer0007337.png,7,0,0,2,0,0,0,0,1,0
fer0007338.png,0,0,8,1,0,0,1,0,0,0
fer0007339.png,6,0,0,2,0,0,0,1,1,0
fer0007340.png,0,10,0,0,0,0,0,0,0,0
fer0007341.png,0,9,1,0,0,0,0,0,0,0
fer0007342.png,0,0,4,0,4,0,1,0,1,0
fer0007343.png,2,0,0,8,0,0,0,0,0,0
fer0007344.png,2,0,0,0,8,0,0,0,0,0
fer0007345.png,10,0,0,0,0,0,0,0,0,0
fer0007346.png,1,0,1,2,5,0,0,0,1,0
fer0007347.png,0,1,1,0,5,0,3,0,0,0
fer0007348.png,0,1,9,0,0,0,0,0,0,0
fer0007349.png,0,0,3,0,0,0,7,0,0,0
fer0007350.png,0,9,0,0,0,0,0,0,1,0
fer0007351.png,5,0,0,5,0,0,0,0,0,0
fer0007352.png,9,0,0,0,1,0,0,0,0,0
fer0007353.png,0,10,0,0,0,0,0,0,0,0
fer0007354.png,2,0,1,0,6,0,1,0,0,0
fer0007355.png,3,0,0,6,1,0,0,0,0,0
fer0007356.png,0,0,10,0,0,0,0,0,0,0
fer0007357.png,1,0,0,9,0,0,0,0,0,0
fer0007358.png,0,1,0,0,1,1,0,6,1,0
fer0007359.png,6,0,0,3,1,0,0,0,0,0
fer0007360.png,4,0,0,1,0,0,0,4,1,0
fer0007361.png,0,0,2,0,8,0,0,0,0,0
fer0007362.png,4,0,0,5,0,0,0,0,1,0
fer0007363.png,1,9,0,0,0,0,0,0,0,0
fer0007364.png,1,9,0,0,0,0,0,0,0,0
fer0007365.png,0,0,9,0,0,0,1,0,0,0
fer0007366.png,0,0,2,0,0,0,8,0,0,0
fer0007367.png,0,10,0,0,0,0,0,0,0,0
fer0007368.png,6,0,0,1,0,2,0,0,1,0
fer0007369.png,2,0,0,8,0,0,0,0,0,0
fer0007370.png,2,0,0,3,2,2,0,1,0,0
fer0007371.png,5,3,0,1,0,0,0,0,1,0
fer0007372.png,0,4,6,0,0,0,0,0,0,0
fer0007373.png,2,0,0,0,0,0,0,8,0,0
fer0007374.png,6,0,0,0,4,0,0,0,0,0
fer0007375.png,7,0,0,3,0,0,0,0,0,0
fer0007376.png,0,10,0,0,0,0,0,0,0,0
fer0007377.png,4,0,4,0,0,0,0,1,1,0
fer0007378.png,5,0,0,5,0,0,0,0,0,0
fer0007379.png,9,0,0,0,0,0,0,0,1,0
fer0007380.png,5,0,1,3,1,0,0,0,0,0
fer0007381.png,6,2,0,0,0,0,1,1,0,0
fer0007382.png,7,0,0,0,0,0,0,3,0,0
fer0007383.png,6,0,0,2,1,0,0,1,0,0
fer0007384.png,0,0,0,9,0,0,0,0,1,0
fer0007385.png,4,5,0,0,0,0,0,0,1,0
fer0007386.png,9,0,0,1,0,0,0,0,0,0
fer0007387.png,9,0,0,1,0,0,0,0,0,0
fer0007388.png,9,0,0,0,0,0,0,1,0,0
fer0007389.png,0,0,1,0,6,0,2,1,0,0
fer0007390.png,7,0,0,2,0,0,0,1,0,0
fer0007391.png,6,1,0,3,0,0,0,0,0,0
fer0007392.png,6,0,0,3,0,0,0,1,0,0
fer0007393.png,10,0,0,0,0,0,0,0,0,0
fer0007394.png,0,10,0,0,0,0,0,0,0,0
fer0007395.png,0,10,0,0,0,0,0,0,0,0
fer0007396.png,3,0,1,4,0,0,0,0,2,0
fer0007397.png,0,10,0,0,0,0,0,0,0,0
fer0007398.png,9,0,0,1,0,0,0,0,0,0
fer0007399.png,8,0,0,0,2,0,0,0,0,0
fer0007400.png,0,10,0,0,0,0,0,0,0,0
fer0007401.png,8,0,0,1,1,0,0,0,0,0
fer0007402.png,0,0,1,0,9,0,0,0,0,0
fer0007403.png,0,0,10,0,0,0,0,0,0,0
fer0007404.png,0,0,6,0,0,0,4,0,0,0
fer0007405.png,0,7,1,0,1,0,0,0,1,0
fer0007406.png,6,2,0,0,1,0,0,1,0,0
fer0007407.png,10,0,0,0,0,0,0,0,0,0
fer0007408.png,0,1,9,0,0,0,0,0,0,0
fer0007409.png,0,0,4,4,1,0,0,1,0,0
fer0007410.png,0,1,8,0,0,0,1,0,0,0
fer0007411.png,1,9,0,0,0,0,0,0,0,0
fer0007412.png,2,0,0,6,0,0,0,0,2,0
fer0007413.png,0,0,0,2,0,0,6,0,2,0
fer0007414.png,0,0,0,9,0,0,1,0,0,0
fer0007415.png,0,0,8,0,1,0,0,0,1,0
fer0007416.png,1,4,0,2,1,0,0,0,2,0
fer0007417.png,9,0,0,1,0,0,0,0,0,0
fer0007418.png,0,0,9,0,0,0,1,0,0,0
fer0007419.png,8,0,0,2,0,0,0,0,0,0
fer0007420.png,2,0,0,7,0,0,0,1,0,0
fer0007421.png,2,7,0,0,0,0,0,0,1,0
fer0007422.png,4,0,4,0,0,0,1,1,0,0
fer0007423.png,6,0,2,1,0,0,0,0,1,0
fer0007424.png,0,0,0,10,0,0,0,0,0,0
fer0007425.png,0,10,0,0,0,0,0,0,0,0
fer0007426.png,0,10,0,0,0,0,0,0,0,0
fer0007427.png,10,0,0,0,0,0,0,0,0,0
fer0007428.png,0,10,0,0,0,0,0,0,0,0
fer0007429.png,0,10,0,0,0,0,0,0,0,0
fer0007430.png,1,9,0,0,0,0,0,0,0,0
fer0007431.png,1,0,0,7,0,0,0,0,2,0
fer0007432.png,8,0,1,1,0,0,0,0,0,0
fer0007433.png,7,0,0,1,0,0,0,0,2,0
fer0007434.png,3,0,1,0,0,0,0,4,2,0
fer0007435.png,0,0,4,0,0,0,6,0,0,0
fer0007436.png,0,10,0,0,0,0,0,0,0,0
fer0007437.png,3,2,0,1,1,1,0,0,2,0
fer0007438.png,0,0,10,0,0,0,0,0,0,0
fer0007439.png,2,1,0,0,2,3,0,1,1,0
fer0007440.png,5,5,0,0,0,0,0,0,0,0
fer0007441.png,0,0,1,0,8,0,0,0,1,0
fer0007442.png,1,9,0,0,0,0,0,0,0,0
fer0007443.png,0,0,6,0,0,1,3,0,0,0
fer0007444.png,2,0,0,8,0,0,0,0,0,0
fer0007445.png,0,0,8,0,0,1,0,0,1,0
fer0007446.png,8,0,0,0,0,1,0,0,1,0
fer0007447.png,0,10,0,0,0,0,0,0,0,0
fer0007448.png,1,2,5,1,0,0,1,0,0,0
fer0007449.png,2,0,1,0,7,0,0,0,0,0
fer0007450.png,6,0,0,3,0,1,0,0,0,0
fer0007451.png,9,0,0,0,1,0,0,0,0,0
fer0007452.png,5,0,0,4,0,0,0,1,0,0
fer0007453.png,0,10,0,0,0,0,0,0,0,0
fer0007454.png,6,0,0,4,0,0,0,0,0,0
fer0007455.png,2,0,0,6,0,0,0,2,0,0
fer0007456.png,3,0,1,5,0,0,0,0,1,0
fer0007457.png,4,0,0,2,1,1,0,1,1,0
fer0007458.png,8,0,0,0,2,0,0,0,0,0
fer0007459.png,4,3,0,1,0,0,0,2,0,0
fer0007460.png,0,0,9,0,0,0,1,0,0,0
fer0007461.png,3,0,0,5,2,0,0,0,0,0
fer0007462.png,0,1,2,0,0,0,6,0,1,0
fer0007463.png,10,0,0,0,0,0,0,0,0,0
fer0007464.png,1,0,9,0,0,0,0,0,0,0
fer0007465.png,2,7,0,1,0,0,0,0,0,0
fer0007466.png,1,0,1,5,0,0,0,3,0,0
fer0007467.png,1,1,8,0,0,0,0,0,0,0
fer0007468.png,1,1,1,0,5,0,0,0,2,0
fer0007469.png,0,0,9,0,0,0,1,0,0,0
fer0007470.png,10,0,0,0,0,0,0,0,0,0
fer0007471.png,0,0,1,1,7,0,0,0,1,0
fer0007472.png,1,9,0,0,0,0,0,0,0,0
fer0007473.png,9,0,0,1,0,0,0,0,0,0
fer0007474.png,6,3,0,0,0,0,0,0,1,0
fer0007475.png,6,0,0,0,2,0,0,0,2,0
fer0007476.png,1,0,0,1,1,3,0,1,3,0
fer0007477.png,3,0,0,4,1,0,1,0,1,0
fer0007478.png,8,0,0,1,0,0,0,1,0,0
fer0007479.png,1,9,0,0,0,0,0,0,0,0
fer0007480.png,5,1,3,0,0,0,0,0,0,1
fer0007481.png,10,0,0,0,0,0,0,0,0,0
fer0007482.png,0,9,0,1,0,0,0,0,0,0
fer0007483.png,5,0,0,5,0,0,0,0,0,0
fer0007484.png,4,4,1,0,0,0,0,0,1,0
fer0007485.png,0,0,0,8,0,0,0,0,2,0
fer0007486.png,1,0,0,2,1,5,0,1,0,0
fer0007487.png,5,0,0,1,2,1,0,0,1,0
fer0007488.png,7,2,0,0,0,0,0,0,1,0
fer0007489.png,0,5,3,1,1,0,0,0,0,0
fer0007490.png,4,0,0,6,0,0,0,0,0,0
fer0007491.png,0,0,0,0,8,1,0,0,1,0
fer0007492.png,5,4,0,0,0,0,1,0,0,0
fer0007493.png,2,0,0,6,0,0,0,1,1,0
fer0007494.png,0,7,3,0,0,0,0,0,0,0
fer0007495.png,0,0,3,3,0,0,3,0,1,0
fer0007496.png,2,0,1,4,0,0,2,0,1,0
fer0007497.png,0,0,0,5,4,1,0,0,0,0
fer0007498.png,10,0,0,0,0,0,0,0,0,0
fer0007499.png,10,0,0,0,0,0,0,0,0,0
fer0007500.png,0,0,5,1,4,0,0,0,0,0
fer0007501.png,0,9,0,0,0,0,0,1,0,0
fer0007502.png,5,0,1,4,0,0,0,0,0,0
fer0007503.png,0,0,3,0,2,0,4,0,1,0
fer0007504.png,7,0,0,3,0,0,0,0,0,0
fer0007505.png,0,10,0,0,0,0,0,0,0,0
fer0007506.png,0,6,3,0,0,0,0,0,1,0
fer0007507.png,9,0,0,0,0,0,0,1,0,0
fer0007508.png,6,0,0,1,0,0,0,1,2,0
fer0007509.png,0,9,1,0,0,0,0,0,0,0
fer0007510.png,8,0,0,1,0,0,0,1,0,0
fer0007511.png,1,1,0,0,5,2,0,0,1,0
fer0007512.png,8,0,0,1,0,0,0,0,1,0
fer0007513.png,0,10,0,0,0,0,0,0,0,0
fer0007514.png,0,10,0,0,0,0,0,0,0,0
fer0007515.png,0,4,0,0,4,0,0,0,2,0
fer0007516.png,7,0,0,2,0,0,0,0,1,0
fer0007517.png,5,0,0,4,0,0,0,0,1,0
fer0007518.png,0,0,0,9,0,0,0,0,1,0
fer0007519.png,0,3,7,0,0,0,0,0,0,0
fer0007520.png,7,0,2,0,0,0,0,0,1,0
fer0007521.png,1,0,0,0,9,0,0,0,0,0
fer0007522.png,0,10,0,0,0,0,0,0,0,0
fer0007523.png,0,5,2,0,2,0,0,0,1,0
fer0007524.png,1,2,5,0,1,0,1,0,0,0
fer0007525.png,2,4,4,0,0,0,0,0,0,0
fer0007526.png,0,0,0,8,0,0,0,0,2,0
fer0007527.png,2,0,0,0,8,0,0,0,0,0
fer0007528.png,5,1,0,3,0,0,0,0,1,0
fer0007529.png,1,9,0,0,0,0,0,0,0,0
fer0007530.png,0,10,0,0,0,0,0,0,0,0
fer0007531.png,5,0,0,2,2,0,0,1,0,0
fer0007532.png,1,2,0,0,4,1,0,2,0,0
fer0007533.png,9,0,1,0,0,0,0,0,0,0
fer0007534.png,1,0,2,0,6,0,1,0,0,0
fer0007535.png,2,7,1,0,0,0,0,0,0,0
fer0007536.png,4,0,0,6,0,0,0,0,0,0
fer0007537.png,1,8,1,0,0,0,0,0,0,0
fer0007538.png,5,0,0,4,0,0,0,0,1,0
fer0007539.png,0,0,1,5,0,0,4,0,0,0
fer0007540.png,9,0,0,0,0,0,0,1,0,0
fer0007541.png,2,0,0,7,0,0,0,0,1,0
fer0007542.png,1,9,0,0,0,0,0,0,0,0
fer0007543.png,0,10,0,0,0,0,0,0,0,0
fer0007544.png,3,0,7,0,0,0,0,0,0,0
fer0007545.png,0,9,0,1,0,0,0,0,0,0
fer0007546.png,5,0,0,5,0,0,0,0,0,0
fer0007547.png,8,0,0,1,0,0,0,1,0,0
fer0007548.png,5,0,0,3,0,0,0,1,1,0
fer0007549.png,1,0,0,9,0,0,0,0,0,0
fer0007550.png,0,10,0,0,0,0,0,0,0,0
fer0007551.png,8,0,0,2,0,0,0,0,0,0
fer0007552.png,0,1,9,0,0,0,0,0,0,0
fer0007553.png,8,0,0,2,0,0,0,0,0,0
fer0007554.png,2,0,0,3,1,2,0,0,2,0
fer0007555.png,0,10,0,0,0,0,0,0,0,0
fer0007556.png,0,0,0,7,0,0,0,0,3,0
fer0007557.png,3,6,0,0,0,1,0,0,0,0
fer0007558.png,8,0,0,2,0,0,0,0,0,0
fer0007559.png,0,10,0,0,0,0,0,0,0,0
fer0007560.png,0,0,0,0,9,0,1,0,0,0
fer0007561.png,1,0,0,9,0,0,0,0,0,0
fer0007562.png,5,0,0,0,4,0,0,0,1,0
fer0007563.png,3,1,0,0,4,1,0,0,1,0
fer0007564.png,0,0,8,0,0,0,2,0,0,0
fer0007565.png,0,10,0,0,0,0,0,0,0,0
fer0007566.png,5,0,0,3,0,0,0,1,1,0
fer0007567.png,0,10,0,0,0,0,0,0,0,0
fer0007568.png,0,0,0,10,0,0,0,0,0,0
fer0007569.png,9,0,0,1,0,0,0,0,0,0
fer0007570.png,5,0,0,3,1,0,0,0,1,0
fer0007571.png,0,6,0,0,4,0,0,0,0,0
fer0007572.png,0,10,0,0,0,0,0,0,0,0
fer0007573.png,7,0,0,1,0,0,0,1,1,0
fer0007574.png,0,0,0,0,5,5,0,0,0,0
fer0007575.png,4,0,0,1,4,0,0,0,1,0
fer0007576.png,4,0,0,5,0,0,0,0,1,0
fer0007577.png,0,0,9,0,0,0,1,0,0,0
fer0007578.png,0,10,0,0,0,0,0,0,0,0
fer0007579.png,0,0,0,3,1,6,0,0,0,0
fer0007580.png,8,2,0,0,0,0,0,0,0,0
fer0007581.png,2,0,0,6,0,0,0,0,2,0
fer0007582.png,1,0,9,0,0,0,0,0,0,0
fer0007583.png,3,0,0,6,0,0,0,0,1,0
fer0007584.png,3,0,0,7,0,0,0,0,0,0
fer0007585.png,0,10,0,0,0,0,0,0,0,0
fer0007586.png,1,9,0,0,0,0,0,0,0,0
fer0007587.png,0,1,0,5,1,0,1,1,1,0
fer0007588.png,10,0,0,0,0,0,0,0,0,0
fer0007589.png,9,0,0,1,0,0,0,0,0,0
fer0007590.png,5,0,0,1,0,2,0,1,1,0
fer0007591.png,0,10,0,0,0,0,0,0,0,0
fer0007592.png,0,0,9,0,0,0,1,0,0,0
fer0007593.png,6,0,0,3,0,0,0,0,1,0
fer0007594.png,5,0,0,3,1,0,0,1,0,0
fer0007595.png,0,9,1,0,0,0,0,0,0,0
fer0007596.png,2,0,0,5,0,1,0,0,2,0
fer0007597.png,0,10,0,0,0,0,0,0,0,0
fer0007598.png,0,10,0,0,0,0,0,0,0,0
fer0007599.png,4,0,0,3,0,0,1,0,2,0
fer0007600.png,5,0,0,4,0,0,0,0,1,0
fer0007601.png,5,0,0,1,3,0,0,0,1,0
fer0007602.png,7,0,0,1,0,0,0,1,1,0
fer0007603.png,3,6,0,0,0,1,0,0,0,0
fer0007604.png,0,10,0,0,0,0,0,0,0,0
fer0007605.png,4,0,0,4,0,0,0,0,2,0
fer0007606.png,4,0,0,6,0,0,0,0,0,0
fer0007607.png,0,6,4,0,0,0,0,0,0,0
fer0007608.png,0,0,10,0,0,0,0,0,0,0
fer0007609.png,0,10,0,0,0,0,0,0,0,0
fer0007610.png,2,0,0,2,0,1,0,3,2,0
fer0007611.png,10,0,0,0,0,0,0,0,0,0
fer0007612.png,10,0,0,0,0,0,0,0,0,0
fer0007613.png,4,0,0,5,0,0,1,0,0,0
fer0007614.png,3,7,0,0,0,0,0,0,0,0
fer0007615.png,1,9,0,0,0,0,0,0,0,0
fer0007616.png,10,0,0,0,0,0,0,0,0,0
fer0007617.png,7,0,1,0,0,0,0,1,1,0
fer0007618.png,7,0,0,3,0,0,0,0,0,0
fer0007619.png,7,0,0,3,0,0,0,0,0,0
fer0007620.png,7,0,0,3,0,0,0,0,0,0
fer0007621.png,3,0,1,1,4,0,0,1,0,0
fer0007622.png,4,0,0,3,0,0,0,1,2,0
fer0007623.png,5,0,0,4,0,0,0,0,1,0
fer0007624.png,10,0,0,0,0,0,0,0,0,0
fer0007625.png,7,3,0,0,0,0,0,0,0,0
fer0007626.png,2,0,0,6,0,1,0,1,0,0
fer0007627.png,1,0,0,8,0,0,0,0,1,0
fer0007628.png,6,0,0,4,0,0,0,0,0,0
fer0007629.png,0,0,0,8,0,0,0,1,1,0
fer0007630.png,0,10,0,0,0,0,0,0,0,0
fer0007631.png,7,0,3,0,0,0,0,0,0,0
fer0007632.png,1,0,0,1,7,0,0,0,1,0
fer0007633.png,0,0,9,0,0,0,1,0,0,0
fer0007634.png,1,0,0,9,0,0,0,0,0,0
fer0007635.png,9,0,0,0,0,0,0,0,1,0
fer0007636.png,0,0,2,0,8,0,0,0,0,0
fer0007637.png,0,0,1,0,9,0,0,0,0,0
fer0007638.png,0,10,0,0,0,0,0,0,0,0
fer0007639.png,5,0,1,2,0,0,1,0,1,0
fer0007640.png,1,4,3,0,2,0,0,0,0,0
fer0007641.png,10,0,0,0,0,0,0,0,0,0
fer0007642.png,0,10,0,0,0,0,0,0,0,0
fer0007643.png,0,0,0,10,0,0,0,0,0,0
fer0007644.png,10,0,0,0,0,0,0,0,0,0
fer0007645.png,2,8,0,0,0,0,0,0,0,0
fer0007646.png,6,1,0,2,0,0,0,0,1,0
fer0007647.png,1,9,0,0,0,0,0,0,0,0
fer0007648.png,7,3,0,0,0,0,0,0,0,0
fer0007649.png,2,0,0,0,5,2,0,0,1,0
fer0007650.png,2,0,2,0,5,0,1,0,0,0
fer0007651.png,0,10,0,0,0,0,0,0,0,0
fer0007652.png,6,0,0,1,2,0,0,0,1,0
fer0007653.png,0,9,1,0,0,0,0,0,0,0
fer0007654.png,2,0,1,1,5,0,0,0,1,0
fer0007655.png,0,10,0,0,0,0,0,0,0,0
fer0007656.png,2,0,0,6,0,0,0,0,2,0
fer0007657.png,5,3,0,0,0,0,0,2,0,0
fer0007658.png,5,0,0,4,0,0,1,0,0,0
fer0007659.png,3,0,4,0,2,1,0,0,0,0
fer0007660.png,0,0,0,10,0,0,0,0,0,0
fer0007661.png,0,10,0,0,0,0,0,0,0,0
fer0007662.png,2,0,4,1,0,1,2,0,0,0
fer0007663.png,0,10,0,0,0,0,0,0,0,0
fer0007664.png,0,2,7,0,0,0,1,0,0,0
fer0007665.png,4,3,0,1,0,0,0,1,1,0
fer0007666.png,0,3,1,1,3,1,0,0,1,0
fer0007667.png,4,0,0,2,4,0,0,0,0,0
fer0007668.png,6,4,0,0,0,0,0,0,0,0
fer0007669.png,0,0,1,0,8,1,0,0,0,0
fer0007670.png,1,0,5,0,0,0,3,0,1,0
fer0007671.png,4,0,0,6,0,0,0,0,0,0
fer0007672.png,0,2,1,5,0,0,2,0,0,0
fer0007673.png,0,10,0,0,0,0,0,0,0,0
fer0007674.png,0,0,1,1,7,0,0,0,1,0
fer0007675.png,4,5,0,0,0,0,0,1,0,0
fer0007676.png,9,0,0,0,0,0,0,0,1,0
fer0007677.png,9,0,0,1,0,0,0,0,0,0
fer0007678.png,4,0,0,6,0,0,0,0,0,0
fer0007679.png,0,0,10,0,0,0,0,0,0,0
fer0007680.png,1,0,7,0,0,0,2,0,0,0
fer0007681.png,0,10,0,0,0,0,0,0,0,0
fer0007682.png,6,4,0,0,0,0,0,0,0,0
fer0007683.png,0,10,0,0,0,0,0,0,0,0
fer0007684.png,1,9,0,0,0,0,0,0,0,0
fer0007685.png,0,4,0,0,0,5,0,0,1,0
fer0007686.png,8,0,0,2,0,0,0,0,0,0
fer0007687.png,0,10,0,0,0,0,0,0,0,0
fer0007688.png,0,10,0,0,0,0,0,0,0,0
fer0007689.png,0,0,10,0,0,0,0,0,0,0
fer0007690.png,10,0,0,0,0,0,0,0,0,0
fer0007691.png,1,0,0,9,0,0,0,0,0,0
fer0007692.png,9,0,0,1,0,0,0,0,0,0
fer0007693.png,0,10,0,0,0,0,0,0,0,0
fer0007694.png,0,10,0,0,0,0,0,0,0,0
fer0007695.png,2,6,0,0,0,0,0,0,2,0
fer0007696.png,0,10,0,0,0,0,0,0,0,0
fer0007697.png,3,0,7,0,0,0,0,0,0,0
fer0007698.png,10,0,0,0,0,0,0,0,0,0
fer0007699.png,0,0,2,0,7,0,1,0,0,0
fer0007700.png,0,1,1,0,0,0,7,0,1,0
fer0007701.png,4,0,0,0,4,0,1,0,1,0
fer0007702.png,0,1,3,0,4,0,1,1,0,0
fer0007703.png,3,0,1,4,0,0,0,0,2,0
fer0007704.png,0,10,0,0,0,0,0,0,0,0
fer0007705.png,7,0,0,2,0,0,0,0,1,0
fer0007706.png,10,0,0,0,0,0,0,0,0,0
fer0007707.png,0,7,3,0,0,0,0,0,0,0
fer0007708.png,0,10,0,0,0,0,0,0,0,0
fer0007709.png,3,0,0,3,0,0,0,2,2,0
fer0007710.png,2,0,0,0,8,0,0,0,0,0
fer0007711.png,2,0,0,7,0,0,0,0,1,0
fer0007712.png,0,10,0,0,0,0,0,0,0,0
fer0007713.png,0,1,1,0,7,0,1,0,0,0
fer0007714.png,2,0,0,4,1,0,0,2,1,0
fer0007715.png,1,0,2,0,0,0,3,0,4,0
fer0007716.png,0,1,8,0,0,0,1,0,0,0
fer0007717.png,0,0,4,0,0,0,4,0,2,0
fer0007718.png,0,10,0,0,0,0,0,0,0,0
fer0007719.png,9,0,0,0,0,0,0,0,1,0
fer0007720.png,0,10,0,0,0,0,0,0,0,0
fer0007721.png,0,10,0,0,0,0,0,0,0,0
fer0007722.png,5,0,0,4,0,0,0,0,1,0
fer0007723.png,10,0,0,0,0,0,0,0,0,0
fer0007724.png,1,9,0,0,0,0,0,0,0,0
fer0007725.png,0,2,0,1,0,0,7,0,0,0
fer0007726.png,8,2,0,0,0,0,0,0,0,0
fer0007727.png,2,0,2,1,0,0,5,0,0,0
fer0007728.png,9,0,0,0,0,0,1,0,0,0
fer0007729.png,1,0,0,2,0,0,7,0,0,0
fer0007730.png,5,0,1,2,0,1,0,0,1,0
fer0007731.png,7,3,0,0,0,0,0,0,0,0
fer0007732.png,9,0,0,1,0,0,0,0,0,0
fer0007733.png,9,0,0,1,0,0,0,0,0,0
fer0007734.png,0,9,1,0,0,0,0,0,0,0
fer0007735.png,9,0,0,0,0,0,0,0,1,0
fer0007736.png,10,0,0,0,0,0,0,0,0,0
fer0007737.png,2,4,0,3,0,0,0,0,1,0
fer0007738.png,1,9,0,0,0,0,0,0,0,0
fer0007739.png,8,0,0,2,0,0,0,0,0,0
fer0007740.png,0,9,1,0,0,0,0,0,0,0
fer0007741.png,6,0,0,1,2,1,0,0,0,0
fer0007742.png,1,0,8,1,0,0,0,0,0,0
fer0007743.png,0,10,0,0,0,0,0,0,0,0
fer0007744.png,1,9,0,0,0,0,0,0,0,0
fer0007745.png,5,0,0,5,0,0,0,0,0,0
fer0007746.png,7,2,0,0,0,0,0,0,1,0
fer0007747.png,0,1,0,4,1,0,1,0,3,0
fer0007748.png,3,0,0,5,0,0,0,0,2,0
fer0007749.png,0,10,0,0,0,0,0,0,0,0
fer0007750.png,0,10,0,0,0,0,0,0,0,0
fer0007751.png,7,0,0,3,0,0,0,0,0,0
fer0007752.png,0,8,1,0,0,0,0,0,1,0
fer0007753.png,10,0,0,0,0,0,0,0,0,0
fer0007754.png,9,0,0,1,0,0,0,0,0,0
fer0007755.png,2,0,5,0,3,0,0,0,0,0
fer0007756.png,5,4,0,0,0,0,0,0,1,0
fer0007757.png,5,1,0,3,0,1,0,0,0,0
fer0007758.png,1,0,0,1,8,0,0,0,0,0
fer0007759.png,0,0,3,0,7,0,0,0,0,0
fer0007760.png,0,1,0,0,6,3,0,0,0,0
fer0007761.png,0,0,10,0,0,0,0,0,0,0
fer0007762.png,8,1,0,0,0,0,0,0,1,0
fer0007763.png,3,0,4,1,0,0,0,1,1,0
fer0007764.png,0,10,0,0,0,0,0,0,0,0
fer0007765.png,1,0,8,0,0,0,1,0,0,0
fer0007766.png,0,9,0,0,0,0,0,1,0,0
fer0007767.png,4,0,3,2,0,0,1,0,0,0
fer0007768.png,4,0,0,5,0,0,0,0,1,0
fer0007769.png,2,0,0,6,1,0,0,0,1,0
fer0007770.png,10,0,0,0,0,0,0,0,0,0
fer0007771.png,3,0,0,5,2,0,0,0,0,0
fer0007772.png,7,0,0,2,0,0,0,0,1,0
fer0007773.png,3,0,0,2,0,1,0,4,0,0
fer0007774.png,8,0,0,0,1,0,0,1,0,0
fer0007775.png,0,0,0,10,0,0,0,0,0,0
fer0007776.png,7,0,0,0,2,1,0,0,0,0
fer0007777.png,6,0,0,0,4,0,0,0,0,0
fer0007778.png,0,0,1,0,8,0,0,0,1,0
fer0007779.png,0,0,0,0,10,0,0,0,0,0
fer0007780.png,0,10,0,0,0,0,0,0,0,0
fer0007781.png,0,10,0,0,0,0,0,0,0,0
fer0007782.png,0,10,0,0,0,0,0,0,0,0
fer0007783.png,0,0,0,10,0,0,0,0,0,0
fer0007784.png,9,0,0,1,0,0,0,0,0,0
fer0007785.png,0,10,0,0,0,0,0,0,0,0
fer0007786.png,0,0,4,3,0,0,3,0,0,0
fer0007787.png,2,7,0,0,0,0,0,1,0,0
fer0007788.png,9,0,0,0,0,0,1,0,0,0
fer0007789.png,0,10,0,0,0,0,0,0,0,0
fer0007790.png,8,2,0,0,0,0,0,0,0,0
fer0007791.png,0,1,9,0,0,0,0,0,0,0
fer0007792.png,5,0,0,1,2,1,0,0,1,0
fer0007793.png,9,0,0,1,0,0,0,0,0,0
fer0007794.png,0,10,0,0,0,0,0,0,0,0
fer0007795.png,6,0,2,0,0,0,0,0,2,0
fer0007796.png,0,9,1,0,0,0,0,0,0,0
fer0007797.png,0,0,2,2,0,0,5,0,1,0
fer0007798.png,0,10,0,0,0,0,0,0,0,0
fer0007799.png,1,0,0,0,7,1,0,0,1,0
fer0007800.png,4,0,0,4,0,0,0,1,1,0
fer0007801.png,0,0,8,0,0,0,2,0,0,0
fer0007802.png,0,9,0,1,0,0,0,0,0,0
fer0007803.png,5,0,0,4,0,1,0,0,0,0
fer0007804.png,9,0,0,1,0,0,0,0,0,0
fer0007805.png,6,0,0,4,0,0,0,0,0,0
fer0007806.png,0,0,0,9,0,0,1,0,0,0
fer0007807.png,1,0,0,8,0,0,0,0,1,0
fer0007808.png,0,10,0,0,0,0,0,0,0,0
fer0007809.png,0,1,7,0,0,0,2,0,0,0
fer0007810.png,0,10,0,0,0,0,0,0,0,0
fer0007811.png,0,0,10,0,0,0,0,0,0,0
fer0007812.png,10,0,0,0,0,0,0,0,0,0
fer0007813.png,3,0,0,4,0,1,0,0,2,0
fer0007814.png,5,0,2,1,0,1,1,0,0,0
fer0007815.png,0,10,0,0,0,0,0,0,0,0
fer0007816.png,1,0,0,4,0,5,0,0,0,0
fer0007817.png,0,0,10,0,0,0,0,0,0,0
fer0007818.png,1,1,0,0,0,7,0,0,1,0
fer0007819.png,4,0,0,0,1,0,0,0,4,1
fer0007820.png,0,0,0,10,0,0,0,0,0,0
fer0007821.png,0,0,8,0,0,0,2,0,0,0
fer0007822.png,5,1,2,1,0,0,0,0,1,0
fer0007823.png,0,9,0,0,0,0,0,0,1,0
fer0007824.png,8,0,0,0,0,1,0,1,0,0
fer0007825.png,0,0,8,0,1,0,1,0,0,0
fer0007826.png,0,10,0,0,0,0,0,0,0,0
fer0007827.png,7,0,0,2,0,0,0,0,1,0
fer0007828.png,5,0,0,3,0,1,0,0,1,0
fer0007829.png,2,0,0,8,0,0,0,0,0,0
fer0007830.png,0,10,0,0,0,0,0,0,0,0
fer0007831.png,0,10,0,0,0,0,0,0,0,0
fer0007832.png,1,0,8,0,0,0,0,0,1,0
fer0007833.png,0,10,0,0,0,0,0,0,0,0
fer0007834.png,0,0,10,0,0,0,0,0,0,0
fer0007835.png,5,1,0,0,3,0,0,0,1,0
fer0007836.png,0,10,0,0,0,0,0,0,0,0
fer0007837.png,7,0,0,3,0,0,0,0,0,0
fer0007838.png,0,10,0,0,0,0,0,0,0,0
fer0007839.png,4,0,0,6,0,0,0,0,0,0
fer0007840.png,2,0,0,7,0,0,0,0,1,0
fer0007841.png,0,0,9,0,0,0,1,0,0,0
fer0007842.png,1,0,9,0,0,0,0,0,0,0
fer0007843.png,0,0,4,0,5,0,1,0,0,0
fer0007844.png,1,0,1,7,0,0,1,0,0,0
fer0007845.png,0,0,0,9,1,0,0,0,0,0
fer0007846.png,1,0,9,0,0,0,0,0,0,0
fer0007847.png,1,0,0,8,0,0,0,0,1,0
fer0007848.png,10,0,0,0,0,0,0,0,0,0
fer0007849.png,4,0,0,4,1,1,0,0,0,0
fer0007850.png,0,10,0,0,0,0,0,0,0,0
fer0007851.png,0,0,0,10,0,0,0,0,0,0
fer0007852.png,3,6,0,0,0,0,0,1,0,0
fer0007853.png,0,0,10,0,0,0,0,0,0,0
fer0007854.png,8,0,0,1,1,0,0,0,0,0
fer0007855.png,0,0,8,0,0,0,2,0,0,0
fer0007856.png,0,0,0,0,10,0,0,0,0,0
fer0007857.png,4,0,0,6,0,0,0,0,0,0
fer0007858.png,3,0,0,6,0,0,1,0,0,0
fer0007859.png,10,0,0,0,0,0,0,0,0,0
fer0007860.png,2,0,4,0,3,0,1,0,0,0
fer0007861.png,0,8,2,0,0,0,0,0,0,0
fer0007862.png,0,10,0,0,0,0,0,0,0,0
fer0007863.png,9,0,1,0,0,0,0,0,0,0
fer0007864.png,6,0,0,0,4,0,0,0,0,0
fer0007865.png,2,0,0,4,0,0,0,2,2,0
fer0007866.png,6,1,0,3,0,0,0,0,0,0
fer0007867.png,2,7,0,0,0,0,0,1,0,0
fer0007868.png,3,0,0,2,4,0,0,1,0,0
fer0007869.png,1,0,8,0,0,0,1,0,0,0
fer0007870.png,0,0,0,10,0,0,0,0,0,0
fer0007871.png,10,0,0,0,0,0,0,0,0,0
fer0007872.png,3,0,0,6,0,0,0,0,1,0
fer0007873.png,0,10,0,0,0,0,0,0,0,0
fer0007874.png,4,0,0,3,1,0,0,0,2,0
fer0007875.png,7,3,0,0,0,0,0,0,0,0
fer0007876.png,0,3,6,0,0,0,1,0,0,0
fer0007877.png,0,10,0,0,0,0,0,0,0,0
fer0007878.png,1,9,0,0,0,0,0,0,0,0
fer0007879.png,0,0,0,10,0,0,0,0,0,0
fer0007880.png,0,0,0,0,4,0,0,0,2,4
fer0007881.png,0,0,10,0,0,0,0,0,0,0
fer0007882.png,0,10,0,0,0,0,0,0,0,0
fer0007883.png,0,8,2,0,0,0,0,0,0,0
fer0007884.png,7,3,0,0,0,0,0,0,0,0
fer0007885.png,2,0,3,2,0,0,1,0,2,0
fer0007886.png,0,10,0,0,0,0,0,0,0,0
fer0007887.png,4,0,0,5,0,0,0,0,1,0
fer0007888.png,0,10,0,0,0,0,0,0,0,0
fer0007889.png,6,0,0,3,0,1,0,0,0,0
fer0007890.png,3,0,0,5,0,0,0,1,1,0
fer0007891.png,3,0,0,7,0,0,0,0,0,0
fer0007892.png,2,0,0,7,0,0,0,0,1,0
fer0007893.png,1,9,0,0,0,0,0,0,0,0
fer0007894.png,0,0,10,0,0,0,0,0,0,0
fer0007895.png,1,0,0,1,8,0,0,0,0,0
fer0007896.png,0,0,1,8,0,0,0,0,1,0
fer0007897.png,0,5,3,0,1,0,0,0,1,0
fer0007898.png,4,0,0,2,1,1,0,2,0,0
fer0007899.png,9,0,0,1,0,0,0,0,0,0
fer0007900.png,2,0,0,7,0,0,0,0,1,0
fer0007901.png,4,0,0,3,1,1,0,0,1,0
fer0007902.png,0,1,0,0,6,1,1,0,1,0
fer0007903.png,8,1,0,0,0,0,0,1,0,0
fer0007904.png,0,10,0,0,0,0,0,0,0,0
fer0007905.png,2,0,0,0,8,0,0,0,0,0
fer0007906.png,0,3,0,0,0,0,6,0,1,0
fer0007907.png,0,0,10,0,0,0,0,0,0,0
fer0007908.png,10,0,0,0,0,0,0,0,0,0
fer0007909.png,0,10,0,0,0,0,0,0,0,0
fer0007910.png,4,0,0,6,0,0,0,0,0,0
fer0007911.png,0,10,0,0,0,0,0,0,0,0
fer0007912.png,9,0,0,1,0,0,0,0,0,0
fer0007913.png,6,2,0,2,0,0,0,0,0,0
fer0007914.png,1,0,0,1,0,0,6,0,2,0
fer0007915.png,5,4,0,0,1,0,0,0,0,0
fer0007916.png,10,0,0,0,0,0,0,0,0,0
fer0007917.png,0,1,0,1,0,0,7,0,1,0
fer0007918.png,2,1,0,1,2,0,0,0,4,0
fer0007919.png,2,0,0,6,1,0,0,0,1,0
fer0007920.png,10,0,0,0,0,0,0,0,0,0
fer0007921.png,0,9,0,0,0,0,0,0,1,0
fer0007922.png,2,8,0,0,0,0,0,0,0,0
fer0007923.png,0,10,0,0,0,0,0,0,0,0
fer0007924.png,0,0,0,10,0,0,0,0,0,0
fer0007925.png,0,10,0,0,0,0,0,0,0,0
fer0007926.png,0,10,0,0,0,0,0,0,0,0
fer0007927.png,7,0,0,3,0,0,0,0,0,0
fer0007928.png,9,1,0,0,0,0,0,0,0,0
fer0007929.png,0,10,0,0,0,0,0,0,0,0
fer0007930.png,0,9,1,0,0,0,0,0,0,0
fer0007931.png,2,0,7,0,0,0,1,0,0,0
fer0007932.png,0,0,0,1,0,0,9,0,0,0
fer0007933.png,0,0,0,10,0,0,0,0,0,0
fer0007934.png,6,0,0,3,0,0,0,0,1,0
fer0007935.png,6,3,1,0,0,0,0,0,0,0
fer0007936.png,1,0,6,0,0,1,1,0,1,0
fer0007937.png,0,0,1,0,8,0,0,0,1,0
fer0007938.png,0,5,5,0,0,0,0,0,0,0
fer0007939.png,10,0,0,0,0,0,0,0,0,0
fer0007940.png,0,10,0,0,0,0,0,0,0,0
fer0007941.png,0,1,2,1,0,0,6,0,0,0
fer0007942.png,1,9,0,0,0,0,0,0,0,0
fer0007943.png,6,1,0,1,0,0,0,2,0,0
fer0007944.png,0,0,0,4,3,0,0,1,2,0
fer0007945.png,0,10,0,0,0,0,0,0,0,0
fer0007947.png,4,0,0,1,0,0,2,0,3,0
fer0007948.png,0,10,0,0,0,0,0,0,0,0
fer0007949.png,8,0,2,0,0,0,0,0,0,0
fer0007950.png,2,7,1,0,0,0,0,0,0,0
fer0007951.png,0,8,1,0,1,0,0,0,0,0
fer0007952.png,0,10,0,0,0,0,0,0,0,0
fer0007953.png,0,1,9,0,0,0,0,0,0,0
fer0007954.png,5,0,0,4,0,1,0,0,0,0
fer0007955.png,0,10,0,0,0,0,0,0,0,0
fer0007956.png,0,10,0,0,0,0,0,0,0,0
fer0007957.png,3,0,0,7,0,0,0,0,0,0
fer0007958.png,0,0,0,0,0,0,10,0,0,0
fer0007959.png,2,8,0,0,0,0,0,0,0,0
fer0007960.png,0,5,2,0,3,0,0,0,0,0
fer0007961.png,0,3,1,4,1,0,1,0,0,0
fer0007962.png,0,10,0,0,0,0,0,0,0,0
fer0007963.png,0,6,2,1,0,0,1,0,0,0
fer0007964.png,5,0,0,4,0,0,0,0,1,0
fer0007965.png,0,3,6,0,0,0,0,0,1,0
fer0007966.png,0,10,0,0,0,0,0,0,0,0
fer0007967.png,0,10,0,0,0,0,0,0,0,0
fer0007968.png,0,10,0,0,0,0,0,0,0,0
fer0007969.png,5,0,0,4,0,0,0,0,1,0
fer0007970.png,0,10,0,0,0,0,0,0,0,0
fer0007971.png,0,0,7,0,0,0,3,0,0,0
fer0007972.png,0,0,0,6,0,0,3,0,1,0
fer0007973.png,0,10,0,0,0,0,0,0,0,0
fer0007974.png,5,0,0,1,0,0,0,3,1,0
fer0007975.png,8,0,0,2,0,0,0,0,0,0
fer0007976.png,8,0,0,0,0,0,0,0,2,0
fer0007977.png,0,10,0,0,0,0,0,0,0,0
fer0007978.png,1,9,0,0,0,0,0,0,0,0
fer0007979.png,3,0,0,0,5,1,0,0,1,0
fer0007980.png,0,0,3,0,6,0,0,0,1,0
fer0007981.png,3,0,0,0,2,2,0,0,3,0
fer0007982.png,0,0,0,0,10,0,0,0,0,0
fer0007983.png,2,0,0,8,0,0,0,0,0,0
fer0007984.png,4,5,0,0,0,0,0,1,0,0
fer0007985.png,6,4,0,0,0,0,0,0,0,0
fer0007986.png,0,1,9,0,0,0,0,0,0,0
fer0007987.png,9,0,0,1,0,0,0,0,0,0
fer0007988.png,8,0,0,2,0,0,0,0,0,0
fer0007989.png,0,0,10,0,0,0,0,0,0,0
fer0007990.png,0,2,8,0,0,0,0,0,0,0
fer0007991.png,8,0,0,2,0,0,0,0,0,0
fer0007992.png,5,1,0,3,0,0,0,1,0,0
fer0007993.png,0,10,0,0,0,0,0,0,0,0
fer0007994.png,2,0,1,7,0,0,0,0,0,0
fer0007995.png,4,0,0,4,2,0,0,0,0,0
fer0007996.png,0,0,10,0,0,0,0,0,0,0
fer0007997.png,0,0,10,0,0,0,0,0,0,0
fer0007998.png,2,1,0,5,2,0,0,0,0,0
fer0007999.png,0,9,0,1,0,0,0,0,0,0
fer0008000.png,9,0,1,0,0,0,0,0,0,0
fer0008001.png,0,9,1,0,0,0,0,0,0,0
fer0008002.png,1,0,9,0,0,0,0,0,0,0
fer0008003.png,10,0,0,0,0,0,0,0,0,0
fer0008004.png,10,0,0,0,0,0,0,0,0,0
fer0008005.png,0,1,0,0,8,0,0,0,1,0
fer0008006.png,6,0,0,2,1,0,1,0,0,0
fer0008007.png,0,0,0,10,0,0,0,0,0,0
fer0008008.png,2,7,0,0,0,0,0,1,0,0
fer0008009.png,1,0,0,8,0,1,0,0,0,0
fer0008010.png,0,10,0,0,0,0,0,0,0,0
fer0008011.png,6,0,0,4,0,0,0,0,0,0
fer0008012.png,1,8,0,1,0,0,0,0,0,0
fer0008013.png,1,8,0,1,0,0,0,0,0,0
fer0008014.png,0,10,0,0,0,0,0,0,0,0
fer0008015.png,2,0,3,1,0,0,3,0,1,0
fer0008016.png,0,9,0,0,0,0,0,0,1,0
fer0008017.png,1,0,7,0,0,0,2,0,0,0
fer0008018.png,0,0,4,0,3,0,3,0,0,0
fer0008019.png,3,0,0,3,2,0,0,0,2,0
fer0008020.png,0,0,1,3,0,0,4,0,2,0
fer0008021.png,0,9,1,0,0,0,0,0,0,0
fer0008022.png,0,0,10,0,0,0,0,0,0,0
fer0008023.png,5,0,0,2,1,0,2,0,0,0
fer0008024.png,2,2,0,4,0,0,0,0,2,0
fer0008025.png,2,0,1,2,1,0,4,0,0,0
fer0008026.png,2,0,0,8,0,0,0,0,0,0
fer0008027.png,4,0,0,0,4,0,0,1,1,0
fer0008028.png,8,1,0,1,0,0,0,0,0,0
fer0008029.png,0,9,0,0,0,0,0,0,1,0
fer0008030.png,0,10,0,0,0,0,0,0,0,0
fer0008031.png,3,0,0,0,7,0,0,0,0,0
fer0008032.png,0,1,1,0,8,0,0,0,0,0
fer0008033.png,2,1,7,0,0,0,0,0,0,0
fer0008034.png,6,2,0,2,0,0,0,0,0,0
fer0008035.png,0,0,8,0,0,0,2,0,0,0
fer0008036.png,0,0,0,10,0,0,0,0,0,0
fer0008037.png,0,10,0,0,0,0,0,0,0,0
fer0008038.png,10,0,0,0,0,0,0,0,0,0
fer0008039.png,0,8,0,0,0,0,0,1,1,0
fer0008040.png,0,2,6,0,1,0,1,0,0,0
fer0008041.png,8,0,0,2,0,0,0,0,0,0
fer0008042.png,0,0,0,10,0,0,0,0,0,0
fer0008043.png,0,7,3,0,0,0,0,0,0,0
fer0008044.png,8,0,0,2,0,0,0,0,0,0
fer0008045.png,1,9,0,0,0,0,0,0,0,0
fer0008046.png,7,2,0,0,0,0,0,1,0,0
fer0008047.png,3,0,1,3,0,0,3,0,0,0
fer0008048.png,8,2,0,0,0,0,0,0,0,0
fer0008049.png,0,0,0,2,7,1,0,0,0,0
fer0008050.png,3,7,0,0,0,0,0,0,0,0
fer0008051.png,9,0,0,0,0,0,0,0,1,0
fer0008052.png,0,0,10,0,0,0,0,0,0,0
fer0008053.png,8,0,0,0,0,0,0,0,2,0
fer0008054.png,1,9,0,0,0,0,0,0,0,0
fer0008055.png,9,0,0,0,0,0,0,0,1,0
fer0008056.png,10,0,0,0,0,0,0,0,0,0
fer0008057.png,0,0,2,0,7,0,0,0,1,0
fer0008058.png,0,0,10,0,0,0,0,0,0,0
fer0008059.png,1,0,9,0,0,0,0,0,0,0
fer0008060.png,0,5,5,0,0,0,0,0,0,0
fer0008061.png,0,9,1,0,0,0,0,0,0,0
fer0008062.png,0,10,0,0,0,0,0,0,0,0
fer0008063.png,7,0,0,2,1,0,0,0,0,0
fer0008064.png,0,0,7,1,0,0,2,0,0,0
fer0008065.png,5,1,4,0,0,0,0,0,0,0
fer0008066.png,0,2,2,1,4,0,0,0,1,0
fer0008067.png,0,10,0,0,0,0,0,0,0,0
fer0008068.png,0,0,10,0,0,0,0,0,0,0
fer0008069.png,2,7,0,0,0,1,0,0,0,0
fer0008070.png,9,0,0,0,0,0,0,0,1,0
fer0008071.png,0,10,0,0,0,0,0,0,0,0
fer0008072.png,6,0,0,4,0,0,0,0,0,0
fer0008073.png,4,0,0,6,0,0,0,0,0,0
fer0008074.png,0,1,9,0,0,0,0,0,0,0
fer0008075.png,0,10,0,0,0,0,0,0,0,0
fer0008076.png,2,0,0,0,7,1,0,0,0,0
fer0008077.png,0,10,0,0,0,0,0,0,0,0
fer0008078.png,5,1,1,0,0,1,0,0,2,0
fer0008079.png,7,0,0,3,0,0,0,0,0,0
fer0008080.png,8,0,0,1,1,0,0,0,0,0
fer0008081.png,10,0,0,0,0,0,0,0,0,0
fer0008082.png,2,0,0,8,0,0,0,0,0,0
fer0008083.png,8,1,0,0,1,0,0,0,0,0
fer0008084.png,4,0,3,1,2,0,0,0,0,0
fer0008085.png,4,6,0,0,0,0,0,0,0,0
fer0008086.png,0,10,0,0,0,0,0,0,0,0
fer0008087.png,8,2,0,0,0,0,0,0,0,0
fer0008088.png,5,1,0,2,0,0,0,0,2,0
fer0008089.png,6,0,0,2,0,0,0,1,1,0
fer0008090.png,0,10,0,0,0,0,0,0,0,0
fer0008091.png,0,10,0,0,0,0,0,0,0,0
fer0008092.png,10,0,0,0,0,0,0,0,0,0
fer0008093.png,1,2,0,0,5,0,2,0,0,0
fer0008094.png,0,10,0,0,0,0,0,0,0,0
fer0008095.png,0,0,8,0,0,0,2,0,0,0
fer0008096.png,1,1,1,5,1,0,0,1,0,0
fer0008097.png,0,10,0,0,0,0,0,0,0,0
fer0008098.png,0,10,0,0,0,0,0,0,0,0
fer0008099.png,2,0,0,8,0,0,0,0,0,0
fer0008100.png,0,0,5,0,1,0,4,0,0,0
fer0008101.png,1,8,1,0,0,0,0,0,0,0
fer0008102.png,0,10,0,0,0,0,0,0,0,0
fer0008103.png,3,0,0,6,0,0,0,0,1,0
fer0008104.png,2,0,0,3,0,1,0,3,1,0
fer0008105.png,4,6,0,0,0,0,0,0,0,0
fer0008106.png,9,0,0,0,0,0,0,0,1,0
fer0008107.png,9,0,0,0,0,0,0,0,1,0
fer0008108.png,0,2,0,8,0,0,0,0,0,0
fer0008109.png,0,10,0,0,0,0,0,0,0,0
fer0008110.png,0,0,2,0,8,0,0,0,0,0
fer0008111.png,8,0,0,2,0,0,0,0,0,0
fer0008112.png,0,0,10,0,0,0,0,0,0,0
fer0008113.png,0,0,9,0,0,0,1,0,0,0
fer0008114.png,3,0,5,0,0,0,0,0,2,0
fer0008115.png,0,0,3,0,0,1,6,0,0,0
fer0008116.png,0,10,0,0,0,0,0,0,0,0
fer0008117.png,0,0,9,0,0,0,1,0,0,0
fer0008118.png,0,10,0,0,0,0,0,0,0,0
fer0008119.png,1,9,0,0,0,0,0,0,0,0
fer0008120.png,1,2,2,0,0,0,3,0,2,0
fer0008121.png,6,4,0,0,0,0,0,0,0,0
fer0008122.png,8,0,0,2,0,0,0,0,0,0
fer0008123.png,1,0,8,0,0,0,1,0,0,0
fer0008124.png,2,0,0,4,0,0,0,0,4,0
fer0008125.png,7,0,0,1,0,0,0,1,1,0
fer0008126.png,4,0,0,5,0,0,1,0,0,0
fer0008127.png,8,0,0,1,0,0,0,0,1,0
fer0008128.png,0,10,0,0,0,0,0,0,0,0
fer0008129.png,0,0,0,7,1,0,0,2,0,0
fer0008130.png,3,0,0,2,4,0,0,0,1,0
fer0008131.png,1,0,0,0,7,2,0,0,0,0
fer0008132.png,2,1,5,0,0,0,0,0,2,0
fer0008133.png,4,0,0,5,0,1,0,0,0,0
fer0008134.png,10,0,0,0,0,0,0,0,0,0
fer0008135.png,2,0,4,1,3,0,0,0,0,0
fer0008136.png,0,10,0,0,0,0,0,0,0,0
fer0008137.png,6,0,0,4,0,0,0,0,0,0
fer0008138.png,1,0,7,0,0,0,1,1,0,0
fer0008139.png,0,0,4,0,4,0,2,0,0,0
fer0008140.png,0,1,0,9,0,0,0,0,0,0
fer0008141.png,6,0,0,3,0,0,0,0,1,0
fer0008142.png,1,3,6,0,0,0,0,0,0,0
fer0008143.png,7,1,0,2,0,0,0,0,0,0
fer0008144.png,8,0,0,2,0,0,0,0,0,0
fer0008145.png,3,0,0,7,0,0,0,0,0,0
fer0008146.png,0,0,2,1,6,0,1,0,0,0
fer0008147.png,0,0,4,0,0,0,6,0,0,0
fer0008148.png,3,0,5,0,2,0,0,0,0,0
fer0008149.png,0,0,0,10,0,0,0,0,0,0
fer0008150.png,0,1,1,3,1,1,0,0,3,0
fer0008151.png,0,10,0,0,0,0,0,0,0,0
fer0008152.png,2,8,0,0,0,0,0,0,0,0
fer0008153.png,1,0,8,0,0,0,1,0,0,0
fer0008154.png,0,10,0,0,0,0,0,0,0,0
fer0008155.png,3,0,5,0,2,0,0,0,0,0
fer0008156.png,1,9,0,0,0,0,0,0,0,0
fer0008157.png,1,3,1,1,1,0,2,1,0,0
fer0008158.png,1,0,0,7,1,0,0,0,1,0
fer0008159.png,7,0,0,0,0,0,0,2,1,0
fer0008160.png,1,8,0,0,0,0,0,0,1,0
fer0008161.png,9,0,0,1,0,0,0,0,0,0
fer0008162.png,0,0,1,0,3,3,0,2,1,0
fer0008163.png,0,0,0,0,6,0,0,0,4,0
fer0008164.png,9,0,0,1,0,0,0,0,0,0
fer0008165.png,7,0,0,2,0,0,0,0,1,0
fer0008166.png,8,1,0,1,0,0,0,0,0,0
fer0008167.png,3,0,1,4,0,0,0,0,2,0
fer0008168.png,0,10,0,0,0,0,0,0,0,0
fer0008169.png,0,0,10,0,0,0,0,0,0,0
fer0008170.png,0,10,0,0,0,0,0,0,0,0
fer0008171.png,0,10,0,0,0,0,0,0,0,0
fer0008172.png,0,10,0,0,0,0,0,0,0,0
fer0008173.png,10,0,0,0,0,0,0,0,0,0
fer0008174.png,2,0,0,3,5,0,0,0,0,0
fer0008175.png,8,0,0,1,0,0,0,1,0,0
fer0008176.png,8,0,0,1,0,0,0,0,1,0
fer0008177.png,3,0,0,7,0,0,0,0,0,0
fer0008178.png,0,0,9,1,0,0,0,0,0,0
fer0008179.png,7,0,2,1,0,0,0,0,0,0
fer0008180.png,0,0,3,0,6,0,1,0,0,0
fer0008181.png,9,0,0,0,1,0,0,0,0,0
fer0008182.png,1,0,6,0,2,0,0,0,1,0
fer0008183.png,7,0,0,3,0,0,0,0,0,0
fer0008184.png,0,0,0,1,0,1,8,0,0,0
fer0008185.png,0,10,0,0,0,0,0,0,0,0
fer0008186.png,0,3,7,0,0,0,0,0,0,0
fer0008187.png,10,0,0,0,0,0,0,0,0,0
fer0008188.png,2,0,5,1,0,0,0,1,1,0
fer0008189.png,0,0,0,10,0,0,0,0,0,0
fer0008190.png,2,1,6,0,0,0,1,0,0,0
fer0008191.png,7,0,0,1,2,0,0,0,0,0
fer0008192.png,0,9,0,0,0,0,0,0,1,0
fer0008193.png,8,0,0,0,0,0,0,0,2,0
fer0008194.png,9,0,0,1,0,0,0,0,0,0
fer0008195.png,4,4,0,1,0,0,0,1,0,0
fer0008196.png,1,0,1,1,4,1,0,0,2,0
fer0008197.png,0,0,0,10,0,0,0,0,0,0
fer0008198.png,1,0,1,1,5,1,0,0,1,0
fer0008199.png,0,4,5,0,0,1,0,0,0,0
fer0008200.png,0,10,0,0,0,0,0,0,0,0
fer0008201.png,2,0,0,1,7,0,0,0,0,0
fer0008202.png,0,10,0,0,0,0,0,0,0,0
fer0008203.png,3,0,0,6,0,0,0,0,1,0
fer0008204.png,5,0,0,3,2,0,0,0,0,0
fer0008205.png,1,0,0,9,0,0,0,0,0,0
fer0008206.png,0,10,0,0,0,0,0,0,0,0
fer0008207.png,0,9,0,1,0,0,0,0,0,0
fer0008208.png,0,10,0,0,0,0,0,0,0,0
fer0008209.png,0,2,5,0,0,0,2,0,1,0
fer0008210.png,6,3,0,0,0,0,0,1,0,0
fer0008211.png,9,0,0,0,1,0,0,0,0,0
fer0008212.png,0,0,9,0,0,0,1,0,0,0
fer0008213.png,7,1,0,2,0,0,0,0,0,0
fer0008214.png,5,3,0,0,0,0,0,1,1,0
fer0008215.png,0,7,3,0,0,0,0,0,0,0
fer0008216.png,0,10,0,0,0,0,0,0,0,0
fer0008217.png,7,0,0,2,0,0,0,1,0,0
fer0008218.png,0,0,0,9,1,0,0,0,0,0
fer0008219.png,1,3,2,0,0,0,3,0,1,0
fer0008220.png,0,0,3,0,7,0,0,0,0,0
fer0008221.png,8,0,0,2,0,0,0,0,0,0
fer0008222.png,5,0,0,5,0,0,0,0,0,0
fer0008223.png,0,10,0,0,0,0,0,0,0,0
fer0008224.png,1,9,0,0,0,0,0,0,0,0
fer0008225.png,0,0,0,2,6,0,0,0,2,0
fer0008226.png,0,0,10,0,0,0,0,0,0,0
fer0008227.png,9,0,0,1,0,0,0,0,0,0
fer0008228.png,6,0,0,4,0,0,0,0,0,0
fer0008229.png,2,0,0,4,0,1,0,0,3,0
fer0008230.png,0,0,5,0,0,0,5,0,0,0
fer0008231.png,0,9,0,0,0,1,0,0,0,0
fer0008232.png,3,0,0,7,0,0,0,0,0,0
fer0008233.png,0,0,2,0,4,2,0,0,2,0
fer0008234.png,0,10,0,0,0,0,0,0,0,0
fer0008235.png,9,0,0,1,0,0,0,0,0,0
fer0008236.png,0,9,0,0,0,0,0,0,1,0
fer0008237.png,1,1,1,2,0,0,5,0,0,0
fer0008238.png,9,0,0,0,0,0,0,0,1,0
fer0008239.png,0,10,0,0,0,0,0,0,0,0
fer0008240.png,0,10,0,0,0,0,0,0,0,0
fer0008241.png,0,10,0,0,0,0,0,0,0,0
fer0008242.png,6,3,0,0,0,0,0,0,1,0
fer0008243.png,4,0,0,5,0,0,0,0,1,0
fer0008244.png,10,0,0,0,0,0,0,0,0,0
fer0008245.png,0,10,0,0,0,0,0,0,0,0
fer0008246.png,4,0,0,4,1,1,0,0,0,0
fer0008247.png,7,0,3,0,0,0,0,0,0,0
fer0008248.png,0,10,0,0,0,0,0,0,0,0
fer0008249.png,1,9,0,0,0,0,0,0,0,0
fer0008250.png,2,0,0,4,2,0,1,0,1,0
fer0008251.png,0,0,3,0,5,0,2,0,0,0
fer0008252.png,0,1,2,0,6,0,1,0,0,0
fer0008253.png,0,0,1,4,3,0,0,0,2,0
fer0008254.png,1,0,8,0,0,0,0,0,1,0
fer0008255.png,2,8,0,0,0,0,0,0,0,0
fer0008256.png,0,10,0,0,0,0,0,0,0,0
fer0008257.png,6,0,0,3,0,0,0,0,1,0
fer0008258.png,9,1,0,0,0,0,0,0,0,0
fer0008259.png,0,9,0,0,0,0,1,0,0,0
fer0008260.png,10,0,0,0,0,0,0,0,0,0
fer0008261.png,6,0,2,1,0,0,0,1,0,0
fer0008262.png,1,9,0,0,0,0,0,0,0,0
fer0008263.png,6,0,0,4,0,0,0,0,0,0
fer0008264.png,2,8,0,0,0,0,0,0,0,0
fer0008265.png,4,5,0,0,0,0,0,1,0,0
fer0008266.png,7,0,0,0,2,0,0,1,0,0
fer0008267.png,2,0,0,7,0,0,0,0,1,0
fer0008268.png,1,9,0,0,0,0,0,0,0,0
fer0008269.png,1,1,2,1,5,0,0,0,0,0
fer0008270.png,0,0,2,0,7,0,1,0,0,0
fer0008271.png,0,0,6,0,2,1,1,0,0,0
fer0008272.png,0,10,0,0,0,0,0,0,0,0
fer0008273.png,0,8,2,0,0,0,0,0,0,0
fer0008274.png,0,7,3,0,0,0,0,0,0,0
fer0008275.png,8,0,0,0,0,0,0,0,2,0
fer0008276.png,0,0,6,0,0,0,4,0,0,0
fer0008277.png,0,1,9,0,0,0,0,0,0,0
fer0008278.png,0,2,6,0,0,1,0,0,1,0
fer0008279.png,3,0,0,0,7,0,0,0,0,0
fer0008280.png,0,10,0,0,0,0,0,0,0,0
fer0008281.png,1,6,1,0,0,0,1,0,1,0
fer0008282.png,0,0,5,0,0,1,1,0,3,0
fer0008283.png,0,10,0,0,0,0,0,0,0,0
fer0008284.png,5,0,0,4,0,0,0,1,0,0
fer0008285.png,1,9,0,0,0,0,0,0,0,0
fer0008286.png,0,9,1,0,0,0,0,0,0,0
fer0008287.png,6,0,0,1,1,0,0,0,2,0
fer0008288.png,9,0,0,1,0,0,0,0,0,0
fer0008289.png,0,10,0,0,0,0,0,0,0,0
fer0008290.png,0,10,0,0,0,0,0,0,0,0
fer0008291.png,8,0,1,0,0,0,0,0,1,0
fer0008292.png,4,0,0,3,0,1,0,1,1,0
fer0008293.png,0,0,10,0,0,0,0,0,0,0
fer0008294.png,10,0,0,0,0,0,0,0,0,0
fer0008295.png,2,5,0,0,2,1,0,0,0,0
fer0008296.png,0,10,0,0,0,0,0,0,0,0
fer0008297.png,0,0,1,9,0,0,0,0,0,0
fer0008298.png,5,0,2,1,0,0,1,0,1,0
fer0008299.png,1,7,0,0,0,0,0,2,0,0
fer0008300.png,5,0,0,2,0,0,0,1,2,0
fer0008301.png,5,0,1,1,0,0,0,1,2,0
fer0008302.png,0,10,0,0,0,0,0,0,0,0
fer0008303.png,1,5,3,0,0,0,0,0,1,0
fer0008304.png,0,0,9,0,0,0,0,0,1,0
fer0008305.png,3,0,4,1,0,0,0,0,2,0
fer0008306.png,0,10,0,0,0,0,0,0,0,0
fer0008307.png,1,9,0,0,0,0,0,0,0,0
fer0008308.png,0,1,6,0,0,0,3,0,0,0
fer0008309.png,0,0,10,0,0,0,0,0,0,0
fer0008310.png,0,0,0,0,10,0,0,0,0,0
fer0008311.png,0,10,0,0,0,0,0,0,0,0
fer0008312.png,3,7,0,0,0,0,0,0,0,0
fer0008313.png,1,0,0,7,0,0,0,0,2,0
fer0008314.png,0,10,0,0,0,0,0,0,0,0
fer0008315.png,0,10,0,0,0,0,0,0,0,0
fer0008316.png,4,0,0,1,1,0,0,0,4,0
fer0008317.png,0,0,7,1,0,0,2,0,0,0
fer0008318.png,0,10,0,0,0,0,0,0,0,0
fer0008319.png,0,10,0,0,0,0,0,0,0,0
fer0008320.png,3,0,0,6,0,0,0,0,1,0
fer0008321.png,10,0,0,0,0,0,0,0,0,0
fer0008322.png,1,0,7,0,2,0,0,0,0,0
fer0008323.png,0,0,2,8,0,0,0,0,0,0
fer0008324.png,4,0,0,2,4,0,0,0,0,0
fer0008325.png,0,0,0,0,10,0,0,0,0,0
fer0008326.png,4,0,0,6,0,0,0,0,0,0
fer0008327.png,8,0,1,1,0,0,0,0,0,0
fer0008328.png,8,0,0,2,0,0,0,0,0,0
fer0008329.png,0,2,0,8,0,0,0,0,0,0
fer0008330.png,0,0,5,0,0,0,5,0,0,0
fer0008331.png,0,0,2,0,4,0,4,0,0,0
fer0008332.png,8,0,0,2,0,0,0,0,0,0
fer0008333.png,2,0,0,1,1,5,0,0,1,0
fer0008334.png,8,1,0,0,0,0,0,0,1,0
fer0008335.png,1,8,0,0,0,0,0,0,1,0
fer0008336.png,0,8,0,2,0,0,0,0,0,0
fer0008337.png,10,0,0,0,0,0,0,0,0,0
fer0008338.png,4,0,0,6,0,0,0,0,0,0
fer0008339.png,0,10,0,0,0,0,0,0,0,0
fer0008340.png,5,0,1,0,3,0,1,0,0,0
fer0008341.png,7,0,0,1,1,0,0,1,0,0
fer0008342.png,9,1,0,0,0,0,0,0,0,0
fer0008343.png,0,10,0,0,0,0,0,0,0,0
fer0008344.png,1,0,2,0,6,0,1,0,0,0
fer0008345.png,10,0,0,0,0,0,0,0,0,0
fer0008346.png,0,1,1,1,3,0,2,0,2,0
fer0008347.png,0,0,9,0,0,0,1,0,0,0
fer0008348.png,0,0,10,0,0,0,0,0,0,0
fer0008349.png,4,0,1,4,0,0,0,1,0,0
fer0008350.png,2,0,0,0,1,2,0,2,3,0
fer0008351.png,3,0,0,1,6,0,0,0,0,0
fer0008352.png,0,10,0,0,0,0,0,0,0,0
fer0008353.png,10,0,0,0,0,0,0,0,0,0
fer0008354.png,0,10,0,0,0,0,0,0,0,0
fer0008355.png,10,0,0,0,0,0,0,0,0,0
fer0008356.png,0,10,0,0,0,0,0,0,0,0
fer0008357.png,1,9,0,0,0,0,0,0,0,0
fer0008358.png,0,1,1,5,1,0,0,1,1,0
fer0008359.png,0,0,0,1,0,7,0,0,2,0
fer0008360.png,0,0,1,9,0,0,0,0,0,0
fer0008361.png,9,0,0,1,0,0,0,0,0,0
fer0008362.png,2,0,8,0,0,0,0,0,0,0
fer0008363.png,6,2,0,1,0,0,0,0,1,0
fer0008364.png,7,0,0,1,0,0,0,1,1,0
fer0008365.png,6,0,0,3,0,0,0,0,1,0
fer0008366.png,5,0,0,4,0,0,0,1,0,0
fer0008367.png,1,9,0,0,0,0,0,0,0,0
fer0008368.png,8,0,0,1,1,0,0,0,0,0
fer0008369.png,10,0,0,0,0,0,0,0,0,0
fer0008370.png,4,0,0,1,5,0,0,0,0,0
fer0008371.png,2,8,0,0,0,0,0,0,0,0
fer0008372.png,9,0,0,0,0,0,0,0,1,0
fer0008373.png,1,9,0,0,0,0,0,0,0,0
fer0008374.png,9,0,0,0,0,0,0,0,1,0
fer0008375.png,0,10,0,0,0,0,0,0,0,0
fer0008376.png,3,1,0,0,5,0,0,0,1,0
fer0008377.png,1,9,0,0,0,0,0,0,0,0
fer0008378.png,2,8,0,0,0,0,0,0,0,0
fer0008379.png,3,1,2,3,0,0,0,0,1,0
fer0008380.png,9,0,1,0,0,0,0,0,0,0
fer0008381.png,0,10,0,0,0,0,0,0,0,0
fer0008382.png,8,0,0,0,0,2,0,0,0,0
fer0008383.png,6,3,0,0,0,0,0,0,1,0
fer0008384.png,0,0,9,0,0,0,1,0,0,0
fer0008385.png,1,3,2,1,1,0,1,0,1,0
fer0008386.png,1,9,0,0,0,0,0,0,0,0
fer0008387.png,8,0,0,1,0,0,0,0,1,0
fer0008388.png,2,1,6,1,0,0,0,0,0,0
fer0008389.png,0,0,9,0,0,0,1,0,0,0
fer0008390.png,0,10,0,0,0,0,0,0,0,0
fer0008391.png,9,0,0,1,0,0,0,0,0,0
fer0008392.png,1,0,1,0,7,0,0,0,1,0
fer0008393.png,1,0,0,7,0,0,0,0,2,0
fer0008394.png,3,0,0,3,0,0,0,1,3,0
fer0008395.png,3,4,0,0,0,1,0,1,1,0
fer0008396.png,1,0,0,3,3,1,0,2,0,0
fer0008397.png,5,0,0,5,0,0,0,0,0,0
fer0008398.png,0,10,0,0,0,0,0,0,0,0
fer0008399.png,2,0,0,4,0,0,4,0,0,0
fer0008400.png,3,0,1,4,0,0,1,0,1,0
fer0008401.png,1,0,9,0,0,0,0,0,0,0
fer0008402.png,1,0,8,1,0,0,0,0,0,0
fer0008403.png,2,1,0,1,4,0,0,0,1,1
fer0008403.png,2,1,0,1,4,0,0,0,1,1
fer0008404.png,0,10,0,0,0,0,0,0,0,0
fer0008405.png,7,1,0,1,0,0,0,0,1,0
fer0008406.png,0,1,6,1,0,0,2,0,0,0
fer0008407.png,0,0,10,0,0,0,0,0,0,0
fer0008408.png,6,0,0,0,0,1,0,2,1,0
fer0008409.png,2,0,0,2,3,2,0,0,1,0
fer0008410.png,0,0,0,10,0,0,0,0,0,0
fer0008411.png,1,0,0,0,8,0,0,0,1,0
fer0008412.png,8,0,0,1,0,0,0,1,0,0
fer0008413.png,7,0,0,2,0,0,0,0,1,0
fer0008414.png,2,8,0,0,0,0,0,0,0,0
fer0008415.png,1,9,0,0,0,0,0,0,0,0
fer0008416.png,1,0,7,0,0,0,2,0,0,0
fer0008417.png,7,0,0,3,0,0,0,0,0,0
fer0008418.png,4,0,0,0,4,0,0,0,2,0
fer0008419.png,1,0,9,0,0,0,0,0,0,0
fer0008420.png,5,0,0,3,0,0,0,0,2,0
fer0008421.png,4,0,0,4,0,0,0,0,2,0
fer0008422.png,0,10,0,0,0,0,0,0,0,0
fer0008423.png,9,0,0,0,0,0,0,1,0,0
fer0008424.png,1,9,0,0,0,0,0,0,0,0
fer0008425.png,0,10,0,0,0,0,0,0,0,0
fer0008426.png,5,0,0,5,0,0,0,0,0,0
fer0008427.png,0,10,0,0,0,0,0,0,0,0
fer0008428.png,0,7,3,0,0,0,0,0,0,0
fer0008429.png,0,10,0,0,0,0,0,0,0,0
fer0008430.png,7,0,1,2,0,0,0,0,0,0
fer0008431.png,7,0,3,0,0,0,0,0,0,0
fer0008432.png,6,0,0,3,0,0,0,0,1,0
fer0008433.png,0,0,10,0,0,0,0,0,0,0
fer0008434.png,9,0,0,1,0,0,0,0,0,0
fer0008435.png,0,10,0,0,0,0,0,0,0,0
fer0008436.png,2,0,1,7,0,0,0,0,0,0
fer0008437.png,0,10,0,0,0,0,0,0,0,0
fer0008438.png,0,0,0,0,8,2,0,0,0,0
fer0008439.png,0,0,10,0,0,0,0,0,0,0
fer0008440.png,0,10,0,0,0,0,0,0,0,0
fer0008441.png,6,0,0,1,1,0,0,0,2,0
fer0008442.png,6,0,4,0,0,0,0,0,0,0
fer0008443.png,0,2,6,1,0,0,1,0,0,0
fer0008444.png,3,0,4,0,1,0,1,0,1,0
fer0008445.png,4,0,3,0,3,0,0,0,0,0
fer0008446.png,0,4,0,0,2,0,1,1,2,0
fer0008447.png,0,10,0,0,0,0,0,0,0,0
fer0008448.png,0,0,9,0,0,0,0,0,1,0
fer0008449.png,4,0,0,3,0,0,0,1,2,0
fer0008450.png,0,10,0,0,0,0,0,0,0,0
fer0008451.png,7,1,0,1,0,0,0,1,0,0
fer0008452.png,1,0,1,0,7,0,0,0,1,0
fer0008453.png,0,10,0,0,0,0,0,0,0,0
fer0008454.png,0,3,3,1,3,0,0,0,0,0
fer0008455.png,0,0,0,10,0,0,0,0,0,0
fer0008456.png,0,10,0,0,0,0,0,0,0,0
fer0008457.png,6,0,0,3,0,0,0,1,0,0
fer0008458.png,0,10,0,0,0,0,0,0,0,0
fer0008459.png,0,10,0,0,0,0,0,0,0,0
fer0008460.png,0,9,0,0,0,0,0,0,1,0
fer0008461.png,10,0,0,0,0,0,0,0,0,0
fer0008462.png,0,1,1,1,5,1,0,0,1,0
fer0008463.png,3,0,1,5,0,0,1,0,0,0
fer0008464.png,0,8,0,0,0,0,0,0,2,0
fer0008465.png,0,0,10,0,0,0,0,0,0,0
fer0008466.png,9,0,1,0,0,0,0,0,0,0
fer0008467.png,7,0,0,1,1,0,0,0,1,0
fer0008468.png,0,8,0,0,0,1,0,0,1,0
fer0008469.png,0,0,9,0,0,0,1,0,0,0
fer0008470.png,0,10,0,0,0,0,0,0,0,0
fer0008471.png,10,0,0,0,0,0,0,0,0,0
fer0008472.png,2,0,6,0,0,0,2,0,0,0
fer0008473.png,0,10,0,0,0,0,0,0,0,0
fer0008474.png,0,7,2,0,1,0,0,0,0,0
fer0008475.png,0,0,0,7,2,0,0,0,1,0
fer0008476.png,0,10,0,0,0,0,0,0,0,0
fer0008477.png,1,9,0,0,0,0,0,0,0,0
fer0008478.png,8,0,0,2,0,0,0,0,0,0
fer0008479.png,5,0,0,4,0,0,0,0,1,0
fer0008480.png,3,0,0,1,3,2,0,1,0,0
fer0008481.png,0,0,1,9,0,0,0,0,0,0
fer0008482.png,3,0,5,0,0,1,1,0,0,0
fer0008483.png,0,0,0,9,0,0,0,0,1,0
fer0008484.png,0,10,0,0,0,0,0,0,0,0
fer0008485.png,0,0,0,10,0,0,0,0,0,0
fer0008486.png,0,0,9,0,0,0,1,0,0,0
fer0008487.png,0,10,0,0,0,0,0,0,0,0
fer0008488.png,1,2,7,0,0,0,0,0,0,0
fer0008489.png,3,0,1,0,1,3,0,0,2,0
fer0008490.png,1,9,0,0,0,0,0,0,0,0
fer0008491.png,0,10,0,0,0,0,0,0,0,0
fer0008492.png,2,0,0,2,0,3,0,2,1,0
fer0008493.png,0,3,1,0,4,1,0,1,0,0
fer0008494.png,10,0,0,0,0,0,0,0,0,0
fer0008495.png,0,0,2,1,6,0,1,0,0,0
fer0008496.png,9,1,0,0,0,0,0,0,0,0
fer0008497.png,0,8,2,0,0,0,0,0,0,0
fer0008498.png,0,1,9,0,0,0,0,0,0,0
fer0008499.png,0,0,0,0,9,0,0,0,1,0
fer0008500.png,1,0,9,0,0,0,0,0,0,0
fer0008501.png,7,0,1,1,0,0,0,0,1,0
fer0008502.png,1,0,2,1,0,0,6,0,0,0
fer0008503.png,1,6,3,0,0,0,0,0,0,0
fer0008504.png,5,5,0,0,0,0,0,0,0,0
fer0008505.png,8,0,0,0,0,0,1,1,0,0
fer0008506.png,1,3,6,0,0,0,0,0,0,0
fer0008507.png,4,0,0,2,1,0,2,0,1,0
fer0008508.png,5,0,0,0,5,0,0,0,0,0
fer0008509.png,0,10,0,0,0,0,0,0,0,0
fer0008510.png,0,0,6,1,1,0,2,0,0,0
fer0008511.png,0,8,1,1,0,0,0,0,0,0
fer0008512.png,0,9,1,0,0,0,0,0,0,0
fer0008513.png,10,0,0,0,0,0,0,0,0,0
fer0008514.png,1,0,0,9,0,0,0,0,0,0
fer0008515.png,1,0,2,0,6,1,0,0,0,0
fer0008516.png,8,1,0,0,0,0,0,1,0,0
fer0008517.png,1,1,1,1,0,2,1,1,2,0
fer0008518.png,4,0,0,3,0,0,0,2,1,0
fer0008519.png,1,9,0,0,0,0,0,0,0,0
fer0008520.png,1,9,0,0,0,0,0,0,0,0
fer0008521.png,5,0,2,0,1,0,0,0,2,0
fer0008522.png,0,10,0,0,0,0,0,0,0,0
fer0008523.png,0,10,0,0,0,0,0,0,0,0
fer0008524.png,0,10,0,0,0,0,0,0,0,0
fer0008525.png,3,4,0,0,0,0,0,0,3,0
fer0008526.png,2,6,0,0,0,0,0,0,2,0
fer0008527.png,0,1,0,1,8,0,0,0,0,0
fer0008528.png,0,10,0,0,0,0,0,0,0,0
fer0008529.png,9,0,0,0,0,0,0,0,1,0
fer0008530.png,3,0,0,1,6,0,0,0,0,0
fer0008531.png,5,0,0,3,0,0,0,0,2,0
fer0008532.png,5,0,0,3,0,0,0,0,2,0
fer0008533.png,1,0,2,0,0,0,7,0,0,0
fer0008534.png,7,2,1,0,0,0,0,0,0,0
fer0008535.png,1,0,0,4,0,0,0,2,3,0
fer0008536.png,0,3,0,7,0,0,0,0,0,0
fer0008537.png,4,0,0,5,0,0,0,0,1,0
fer0008538.png,8,2,0,0,0,0,0,0,0,0
fer0008539.png,0,10,0,0,0,0,0,0,0,0
fer0008540.png,2,1,5,1,0,0,1,0,0,0
fer0008541.png,5,0,1,2,0,0,0,1,1,0
fer0008542.png,0,10,0,0,0,0,0,0,0,0
fer0008543.png,1,9,0,0,0,0,0,0,0,0
fer0008544.png,7,2,0,0,0,0,0,0,1,0
fer0008545.png,0,1,5,0,3,0,0,0,1,0
fer0008546.png,3,0,0,1,6,0,0,0,0,0
fer0008548.png,4,0,0,1,2,2,0,0,1,0
fer0008549.png,1,6,3,0,0,0,0,0,0,0
fer0008550.png,7,2,0,0,0,1,0,0,0,0
fer0008551.png,5,0,0,5,0,0,0,0,0,0
fer0008552.png,2,8,0,0,0,0,0,0,0,0
fer0008553.png,0,0,1,2,3,0,2,0,2,0
fer0008554.png,0,0,10,0,0,0,0,0,0,0
fer0008555.png,8,0,0,2,0,0,0,0,0,0
fer0008556.png,0,0,9,0,0,0,1,0,0,0
fer0008557.png,0,10,0,0,0,0,0,0,0,0
fer0008558.png,8,0,0,2,0,0,0,0,0,0
fer0008559.png,3,7,0,0,0,0,0,0,0,0
fer0008560.png,4,3,0,2,1,0,0,0,0,0
fer0008561.png,7,0,0,0,2,0,0,0,1,0
fer0008562.png,6,0,1,3,0,0,0,0,0,0
fer0008563.png,0,9,0,0,0,0,0,0,1,0
fer0008564.png,5,0,0,4,0,0,0,0,1,0
fer0008565.png,1,0,1,2,0,5,0,0,1,0
fer0008566.png,0,1,2,2,0,0,5,0,0,0
fer0008567.png,7,0,0,3,0,0,0,0,0,0
fer0008568.png,0,0,4,0,0,0,6,0,0,0
fer0008569.png,0,0,9,1,0,0,0,0,0,0
fer0008570.png,8,0,1,0,0,0,0,1,0,0
fer0008571.png,0,10,0,0,0,0,0,0,0,0
fer0008572.png,1,0,8,1,0,0,0,0,0,0
fer0008573.png,8,0,0,1,0,0,0,0,1,0
fer0008574.png,0,7,2,0,0,0,0,0,1,0
fer0008575.png,0,10,0,0,0,0,0,0,0,0
fer0008576.png,2,0,1,4,0,0,2,0,1,0
fer0008577.png,9,0,0,0,0,1,0,0,0,0
fer0008578.png,0,0,0,10,0,0,0,0,0,0
fer0008579.png,8,1,0,0,0,0,0,1,0,0
fer0008580.png,4,0,0,5,0,0,1,0,0,0
fer0008581.png,10,0,0,0,0,0,0,0,0,0
fer0008582.png,4,0,0,1,0,0,0,3,2,0
fer0008583.png,8,0,1,1,0,0,0,0,0,0
fer0008584.png,1,1,0,5,0,1,1,0,1,0
fer0008585.png,4,0,5,0,0,0,0,0,1,0
fer0008586.png,0,8,2,0,0,0,0,0,0,0
fer0008587.png,0,9,0,1,0,0,0,0,0,0
fer0008588.png,0,3,4,0,1,0,2,0,0,0
fer0008589.png,0,1,0,0,9,0,0,0,0,0
fer0008590.png,2,8,0,0,0,0,0,0,0,0
fer0008591.png,5,0,2,2,0,0,0,0,1,0
fer0008592.png,6,2,1,0,0,0,0,1,0,0
fer0008593.png,8,0,0,2,0,0,0,0,0,0
fer0008594.png,2,0,0,8,0,0,0,0,0,0
fer0008595.png,8,0,0,2,0,0,0,0,0,0
fer0008596.png,5,0,0,4,0,0,0,0,1,0
fer0008597.png,10,0,0,0,0,0,0,0,0,0
fer0008598.png,2,1,7,0,0,0,0,0,0,0
fer0008599.png,8,1,0,1,0,0,0,0,0,0
fer0008600.png,0,10,0,0,0,0,0,0,0,0
fer0008601.png,4,1,0,4,0,0,0,0,1,0
fer0008602.png,4,2,0,1,0,0,0,0,3,0
fer0008603.png,7,0,0,3,0,0,0,0,0,0
fer0008604.png,0,0,1,0,8,0,0,0,1,0
fer0008605.png,0,0,8,0,0,0,2,0,0,0
fer0008606.png,1,8,1,0,0,0,0,0,0,0
fer0008608.png,2,0,0,1,4,2,0,1,0,0
fer0008609.png,8,0,0,1,0,0,0,0,1,0
fer0008610.png,2,0,0,2,6,0,0,0,0,0
fer0008611.png,0,0,4,0,0,0,4,0,2,0
fer0008612.png,3,1,0,3,0,1,0,0,2,0
fer0008613.png,0,0,0,5,5,0,0,0,0,0
fer0008614.png,9,0,0,1,0,0,0,0,0,0
fer0008615.png,9,0,0,0,0,0,0,1,0,0
fer0008616.png,3,5,0,1,0,0,0,0,1,0
fer0008617.png,0,0,0,3,1,0,6,0,0,0
fer0008618.png,0,10,0,0,0,0,0,0,0,0
fer0008619.png,4,0,0,4,0,1,0,0,1,0
fer0008620.png,0,0,8,0,0,0,2,0,0,0
fer0008621.png,3,6,0,0,0,0,0,1,0,0
fer0008622.png,8,2,0,0,0,0,0,0,0,0
fer0008623.png,10,0,0,0,0,0,0,0,0,0
fer0008624.png,2,0,1,0,5,1,0,0,1,0
fer0008625.png,4,0,1,1,0,0,2,0,2,0
fer0008626.png,7,3,0,0,0,0,0,0,0,0
fer0008627.png,0,0,0,10,0,0,0,0,0,0
fer0008628.png,8,0,0,0,0,0,0,1,1,0
fer0008629.png,5,5,0,0,0,0,0,0,0,0
fer0008630.png,2,4,3,0,0,0,0,0,1,0
fer0008631.png,1,8,0,1,0,0,0,0,0,0
fer0008632.png,0,10,0,0,0,0,0,0,0,0
fer0008633.png,9,0,0,1,0,0,0,0,0,0
fer0008634.png,7,0,0,0,2,1,0,0,0,0
fer0008635.png,5,0,0,5,0,0,0,0,0,0
fer0008636.png,0,0,10,0,0,0,0,0,0,0
fer0008637.png,0,1,4,0,3,0,1,0,1,0
fer0008638.png,0,10,0,0,0,0,0,0,0,0
fer0008639.png,3,0,0,7,0,0,0,0,0,0
fer0008640.png,5,1,3,0,0,0,0,0,1,0
fer0008641.png,4,0,0,2,0,1,0,3,0,0
fer0008642.png,0,10,0,0,0,0,0,0,0,0
fer0008643.png,10,0,0,0,0,0,0,0,0,0
fer0008644.png,9,0,0,1,0,0,0,0,0,0
fer0008645.png,5,0,0,4,0,0,0,0,1,0
fer0008646.png,7,0,0,3,0,0,0,0,0,0
fer0008647.png,0,10,0,0,0,0,0,0,0,0
fer0008648.png,5,0,0,1,2,2,0,0,0,0
fer0008649.png,0,0,1,0,4,1,2,0,2,0
fer0008650.png,10,0,0,0,0,0,0,0,0,0
fer0008651.png,6,0,0,2,0,0,0,0,2,0
fer0008652.png,6,0,0,3,0,0,0,0,1,0
fer0008653.png,0,0,10,0,0,0,0,0,0,0
fer0008654.png,1,9,0,0,0,0,0,0,0,0
fer0008655.png,0,0,2,0,4,0,4,0,0,0
fer0008656.png,0,1,9,0,0,0,0,0,0,0
fer0008657.png,0,10,0,0,0,0,0,0,0,0
fer0008658.png,2,0,7,0,0,0,0,0,1,0
fer0008659.png,6,0,0,4,0,0,0,0,0,0
fer0008660.png,7,0,0,1,0,0,0,1,1,0
fer0008661.png,4,1,0,5,0,0,0,0,0,0
fer0008662.png,0,9,0,0,0,0,0,0,1,0
fer0008663.png,1,0,6,0,0,0,3,0,0,0
fer0008664.png,0,0,6,0,3,0,0,0,1,0
fer0008665.png,3,0,0,1,3,2,1,0,0,0
fer0008666.png,0,0,0,10,0,0,0,0,0,0
fer0008667.png,10,0,0,0,0,0,0,0,0,0
fer0008668.png,1,0,2,0,0,1,6,0,0,0
fer0008669.png,4,0,3,0,1,0,1,0,1,0
fer0008670.png,10,0,0,0,0,0,0,0,0,0
fer0008671.png,3,1,3,0,1,0,2,0,0,0
fer0008672.png,3,0,1,2,2,1,0,1,0,0
fer0008673.png,0,10,0,0,0,0,0,0,0,0
fer0008674.png,6,0,0,3,0,0,0,0,1,0
fer0008675.png,6,0,0,3,1,0,0,0,0,0
fer0008676.png,2,0,0,8,0,0,0,0,0,0
fer0008677.png,4,0,0,0,5,0,0,0,1,0
fer0008678.png,0,0,10,0,0,0,0,0,0,0
fer0008679.png,1,8,0,1,0,0,0,0,0,0
fer0008680.png,0,10,0,0,0,0,0,0,0,0
fer0008681.png,0,0,4,0,0,0,6,0,0,0
fer0008682.png,4,0,0,5,0,0,0,0,1,0
fer0008683.png,5,0,0,2,0,0,2,0,1,0
fer0008684.png,0,10,0,0,0,0,0,0,0,0
fer0008685.png,10,0,0,0,0,0,0,0,0,0
fer0008686.png,9,0,0,1,0,0,0,0,0,0
fer0008687.png,10,0,0,0,0,0,0,0,0,0
fer0008688.png,6,0,0,1,2,0,0,0,1,0
fer0008689.png,0,10,0,0,0,0,0,0,0,0
fer0008690.png,5,0,3,1,0,1,0,0,0,0
fer0008691.png,2,0,4,1,0,0,1,0,2,0
fer0008692.png,0,0,6,0,0,0,4,0,0,0
fer0008693.png,2,8,0,0,0,0,0,0,0,0
fer0008694.png,1,9,0,0,0,0,0,0,0,0
fer0008695.png,2,0,8,0,0,0,0,0,0,0
fer0008696.png,1,2,4,0,1,0,1,0,1,0
fer0008697.png,10,0,0,0,0,0,0,0,0,0
fer0008698.png,1,0,0,7,0,0,0,0,2,0
fer0008699.png,5,0,0,0,5,0,0,0,0,0
fer0008700.png,0,0,2,0,8,0,0,0,0,0
fer0008701.png,0,0,1,1,7,0,0,0,1,0
fer0008702.png,0,10,0,0,0,0,0,0,0,0
fer0008703.png,6,0,0,4,0,0,0,0,0,0
fer0008704.png,8,0,0,2,0,0,0,0,0,0
fer0008705.png,0,10,0,0,0,0,0,0,0,0
fer0008706.png,4,0,0,2,0,2,0,2,0,0
fer0008707.png,0,0,1,0,9,0,0,0,0,0
fer0008708.png,9,0,0,0,1,0,0,0,0,0
fer0008709.png,1,9,0,0,0,0,0,0,0,0
fer0008710.png,1,0,2,1,1,0,4,0,1,0
fer0008711.png,3,0,0,7,0,0,0,0,0,0
fer0008712.png,10,0,0,0,0,0,0,0,0,0
fer0008713.png,0,10,0,0,0,0,0,0,0,0
fer0008714.png,0,0,2,1,6,0,1,0,0,0
fer0008715.png,2,0,1,1,0,0,6,0,0,0
fer0008716.png,1,4,4,0,0,0,0,0,1,0
fer0008717.png,6,0,0,2,0,1,0,0,1,0
fer0008718.png,9,0,0,0,1,0,0,0,0,0
fer0008719.png,0,10,0,0,0,0,0,0,0,0
fer0008720.png,0,2,4,0,2,0,0,0,2,0
fer0008721.png,6,1,0,1,1,0,0,0,1,0
fer0008722.png,0,9,0,0,0,0,0,0,1,0
fer0008723.png,7,0,0,2,1,0,0,0,0,0
fer0008724.png,0,10,0,0,0,0,0,0,0,0
fer0008725.png,5,0,0,3,1,0,0,1,0,0
fer0008726.png,10,0,0,0,0,0,0,0,0,0
fer0008727.png,8,0,1,1,0,0,0,0,0,0
fer0008728.png,0,0,0,0,10,0,0,0,0,0
fer0008729.png,8,0,0,0,0,0,0,0,2,0
fer0008730.png,6,0,0,1,1,0,0,1,1,0
fer0008731.png,10,0,0,0,0,0,0,0,0,0
fer0008732.png,0,10,0,0,0,0,0,0,0,0
fer0008733.png,0,0,4,0,0,1,1,1,3,0
fer0008734.png,7,2,0,0,0,0,1,0,0,0
fer0008735.png,1,9,0,0,0,0,0,0,0,0
fer0008736.png,9,0,0,0,0,0,0,0,1,0
fer0008737.png,3,0,0,7,0,0,0,0,0,0
fer0008738.png,10,0,0,0,0,0,0,0,0,0
fer0008739.png,0,0,0,3,0,1,5,0,1,0
fer0008740.png,4,0,0,5,0,0,0,0,1,0
fer0008741.png,1,5,3,0,0,0,0,1,0,0
fer0008742.png,6,4,0,0,0,0,0,0,0,0
fer0008743.png,0,1,0,0,9,0,0,0,0,0
fer0008744.png,1,8,0,0,0,0,0,0,1,0
fer0008745.png,0,10,0,0,0,0,0,0,0,0
fer0008746.png,0,0,1,0,8,0,0,0,1,0
fer0008747.png,0,10,0,0,0,0,0,0,0,0
fer0008748.png,0,0,2,0,8,0,0,0,0,0
fer0008749.png,8,0,1,0,0,0,0,0,1,0
fer0008750.png,1,6,1,1,0,1,0,0,0,0
fer0008751.png,0,0,0,0,10,0,0,0,0,0
fer0008752.png,3,0,0,7,0,0,0,0,0,0
fer0008753.png,0,10,0,0,0,0,0,0,0,0
fer0008754.png,0,10,0,0,0,0,0,0,0,0
fer0008755.png,0,0,10,0,0,0,0,0,0,0
fer0008756.png,1,0,0,8,0,0,0,0,1,0
fer0008757.png,1,0,4,1,0,0,3,0,1,0
fer0008758.png,8,0,0,1,0,0,0,1,0,0
fer0008759.png,3,0,0,4,0,1,0,1,1,0
fer0008760.png,3,0,0,7,0,0,0,0,0,0
fer0008761.png,8,2,0,0,0,0,0,0,0,0
fer0008762.png,3,0,0,7,0,0,0,0,0,0
fer0008763.png,8,0,0,2,0,0,0,0,0,0
fer0008764.png,7,0,1,2,0,0,0,0,0,0
fer0008765.png,1,4,5,0,0,0,0,0,0,0
fer0008766.png,10,0,0,0,0,0,0,0,0,0
fer0008767.png,5,1,0,1,2,0,0,0,1,0
fer0008768.png,2,0,0,4,3,0,1,0,0,0
fer0008769.png,0,2,8,0,0,0,0,0,0,0
fer0008770.png,7,0,0,3,0,0,0,0,0,0
fer0008771.png,0,2,1,0,5,0,0,0,2,0
fer0008772.png,0,2,7,0,0,0,0,1,0,0
fer0008773.png,0,10,0,0,0,0,0,0,0,0
fer0008774.png,0,8,2,0,0,0,0,0,0,0
fer0008775.png,9,0,0,0,1,0,0,0,0,0
fer0008776.png,2,0,0,6,0,0,0,2,0,0
fer0008777.png,10,0,0,0,0,0,0,0,0,0
fer0008778.png,8,1,0,0,0,0,0,1,0,0
fer0008779.png,1,9,0,0,0,0,0,0,0,0
fer0008780.png,2,0,4,0,0,0,4,0,0,0
fer0008781.png,3,1,0,6,0,0,0,0,0,0
fer0008782.png,1,0,2,1,1,0,1,0,4,0
fer0008783.png,8,0,0,1,0,0,0,0,1,0
fer0008784.png,1,0,0,2,0,0,7,0,0,0
fer0008785.png,4,0,0,6,0,0,0,0,0,0
fer0008786.png,7,2,0,0,0,0,0,0,1,0
fer0008787.png,4,1,0,2,0,0,0,3,0,0
fer0008788.png,10,0,0,0,0,0,0,0,0,0
fer0008789.png,5,0,0,4,0,0,0,0,1,0
fer0008790.png,0,0,5,0,0,0,5,0,0,0
fer0008791.png,0,0,2,1,1,0,6,0,0,0
fer0008792.png,2,0,4,1,1,0,1,0,1,0
fer0008793.png,5,0,0,0,0,0,0,5,0,0
fer0008794.png,4,0,0,3,0,0,0,0,3,0
fer0008795.png,0,0,6,1,0,0,3,0,0,0
fer0008796.png,7,2,0,0,0,1,0,0,0,0
fer0008797.png,0,0,9,0,1,0,0,0,0,0
fer0008798.png,1,0,0,8,0,0,0,0,1,0
fer0008799.png,1,9,0,0,0,0,0,0,0,0
fer0008800.png,1,9,0,0,0,0,0,0,0,0
fer0008801.png,10,0,0,0,0,0,0,0,0,0
fer0008802.png,1,0,0,0,3,6,0,0,0,0
fer0008803.png,0,2,1,0,4,2,0,0,1,0
fer0008804.png,0,10,0,0,0,0,0,0,0,0
fer0008805.png,0,6,0,0,3,0,0,0,1,0
fer0008806.png,0,0,1,6,1,0,2,0,0,0
fer0008807.png,0,10,0,0,0,0,0,0,0,0
fer0008808.png,9,1,0,0,0,0,0,0,0,0
fer0008809.png,0,0,1,6,0,1,0,0,2,0
fer0008810.png,0,10,0,0,0,0,0,0,0,0
fer0008811.png,9,1,0,0,0,0,0,0,0,0
fer0008812.png,0,10,0,0,0,0,0,0,0,0
fer0008813.png,6,0,0,3,0,0,0,0,1,0
fer0008814.png,3,5,0,1,0,0,0,0,1,0
fer0008815.png,0,10,0,0,0,0,0,0,0,0
fer0008816.png,4,0,5,0,0,0,1,0,0,0
fer0008817.png,0,10,0,0,0,0,0,0,0,0
fer0008818.png,1,0,0,1,0,0,5,0,3,0
fer0008819.png,0,1,3,1,5,0,0,0,0,0
fer0008820.png,8,0,0,2,0,0,0,0,0,0
fer0008821.png,10,0,0,0,0,0,0,0,0,0
fer0008822.png,1,0,5,2,2,0,0,0,0,0
fer0008823.png,2,0,0,7,0,0,0,0,1,0
fer0008824.png,3,0,0,4,0,0,0,0,3,0
fer0008825.png,2,0,2,0,3,3,0,0,0,0
fer0008826.png,0,10,0,0,0,0,0,0,0,0
fer0008827.png,1,4,1,0,3,0,1,0,0,0
fer0008828.png,0,1,3,0,2,0,3,0,1,0
fer0008829.png,7,0,0,2,0,0,0,0,1,0
fer0008830.png,2,0,0,8,0,0,0,0,0,0
fer0008831.png,0,0,10,0,0,0,0,0,0,0
fer0008832.png,0,10,0,0,0,0,0,0,0,0
fer0008833.png,9,0,0,1,0,0,0,0,0,0
fer0008834.png,0,0,1,9,0,0,0,0,0,0
fer0008835.png,0,10,0,0,0,0,0,0,0,0
fer0008836.png,4,0,0,6,0,0,0,0,0,0
fer0008837.png,0,0,2,0,1,0,7,0,0,0
fer0008838.png,10,0,0,0,0,0,0,0,0,0
fer0008839.png,0,10,0,0,0,0,0,0,0,0
fer0008840.png,8,0,2,0,0,0,0,0,0,0
fer0008841.png,8,0,0,2,0,0,0,0,0,0
fer0008842.png,0,10,0,0,0,0,0,0,0,0
fer0008843.png,4,0,0,6,0,0,0,0,0,0
fer0008844.png,5,0,0,3,0,0,1,0,1,0
fer0008845.png,0,10,0,0,0,0,0,0,0,0
fer0008846.png,8,0,0,0,0,0,0,1,1,0
fer0008847.png,2,0,7,0,0,0,1,0,0,0
fer0008848.png,1,0,0,9,0,0,0,0,0,0
fer0008849.png,0,0,2,0,0,0,7,0,1,0
fer0008850.png,5,0,0,5,0,0,0,0,0,0
fer0008851.png,3,0,7,0,0,0,0,0,0,0
fer0008852.png,9,0,0,1,0,0,0,0,0,0
fer0008853.png,8,0,0,1,0,0,0,0,1,0
fer0008854.png,6,0,0,4,0,0,0,0,0,0
fer0008855.png,1,0,0,0,9,0,0,0,0,0
fer0008856.png,7,2,0,1,0,0,0,0,0,0
fer0008857.png,0,0,0,9,0,0,1,0,0,0
fer0008858.png,0,10,0,0,0,0,0,0,0,0
fer0008859.png,0,0,0,4,0,0,5,0,1,0
fer0008860.png,8,0,0,1,1,0,0,0,0,0
fer0008861.png,8,0,0,1,0,0,0,0,1,0
fer0008862.png,10,0,0,0,0,0,0,0,0,0
fer0008863.png,10,0,0,0,0,0,0,0,0,0
fer0008864.png,0,9,1,0,0,0,0,0,0,0
fer0008865.png,4,0,0,0,5,0,0,0,1,0
fer0008866.png,1,9,0,0,0,0,0,0,0,0
fer0008867.png,0,10,0,0,0,0,0,0,0,0
fer0008868.png,4,0,0,2,0,0,0,0,4,0
fer0008869.png,2,7,0,0,0,0,0,1,0,0
fer0008870.png,3,0,0,3,1,0,0,1,2,0
fer0008871.png,1,0,0,0,1,6,0,0,2,0
fer0008872.png,10,0,0,0,0,0,0,0,0,0
fer0008873.png,0,0,10,0,0,0,0,0,0,0
fer0008874.png,6,0,0,3,0,0,0,0,1,0
fer0008875.png,1,1,1,0,6,1,0,0,0,0
fer0008876.png,4,0,0,3,1,0,0,2,0,0
fer0008877.png,7,0,1,0,2,0,0,0,0,0
fer0008878.png,3,1,2,1,0,1,0,0,2,0
fer0008879.png,6,0,0,1,2,0,0,0,1,0
fer0008880.png,0,0,0,0,7,0,2,1,0,0
fer0008881.png,0,10,0,0,0,0,0,0,0,0
fer0008882.png,1,9,0,0,0,0,0,0,0,0
fer0008883.png,7,1,0,2,0,0,0,0,0,0
fer0008884.png,0,0,7,0,0,0,2,0,1,0
fer0008885.png,10,0,0,0,0,0,0,0,0,0
fer0008886.png,0,10,0,0,0,0,0,0,0,0
fer0008887.png,4,0,0,3,2,0,0,0,1,0
fer0008888.png,6,0,0,4,0,0,0,0,0,0
fer0008889.png,1,1,0,8,0,0,0,0,0,0
fer0008890.png,7,1,0,0,0,1,0,0,1,0
fer0008891.png,0,10,0,0,0,0,0,0,0,0
fer0008892.png,3,3,0,0,0,0,0,4,0,0
fer0008893.png,0,10,0,0,0,0,0,0,0,0
fer0008894.png,2,0,0,1,1,1,0,2,3,0
fer0008895.png,0,0,10,0,0,0,0,0,0,0
fer0008896.png,0,0,1,1,5,0,3,0,0,0
fer0008897.png,10,0,0,0,0,0,0,0,0,0
fer0008898.png,0,0,10,0,0,0,0,0,0,0
fer0008899.png,3,1,1,1,1,0,0,2,1,0
fer0008900.png,9,0,0,1,0,0,0,0,0,0
fer0008901.png,2,0,1,2,5,0,0,0,0,0
fer0008902.png,7,0,1,1,0,0,0,0,1,0
fer0008903.png,0,0,0,9,0,0,0,0,0,1
fer0008904.png,1,1,8,0,0,0,0,0,0,0
fer0008905.png,10,0,0,0,0,0,0,0,0,0
fer0008906.png,0,0,9,0,0,0,1,0,0,0
fer0008907.png,0,0,9,0,0,0,1,0,0,0
fer0008908.png,5,0,0,2,0,0,0,0,3,0
fer0008909.png,0,10,0,0,0,0,0,0,0,0
fer0008910.png,9,0,0,0,0,0,0,0,1,0
fer0008911.png,1,9,0,0,0,0,0,0,0,0
fer0008912.png,5,0,0,1,2,2,0,0,0,0
fer0008913.png,0,10,0,0,0,0,0,0,0,0
fer0008914.png,4,6,0,0,0,0,0,0,0,0
fer0008915.png,10,0,0,0,0,0,0,0,0,0
fer0008916.png,8,0,0,0,0,0,0,1,1,0
fer0008917.png,9,0,0,1,0,0,0,0,0,0
fer0008918.png,0,10,0,0,0,0,0,0,0,0
fer0008919.png,4,0,0,5,0,0,0,0,1,0
fer0008920.png,6,0,0,1,0,0,0,2,1,0
fer0008921.png,0,10,0,0,0,0,0,0,0,0
fer0008922.png,4,0,5,0,0,0,0,0,1,0
fer0008923.png,1,8,0,1,0,0,0,0,0,0
fer0008924.png,9,0,0,1,0,0,0,0,0,0
fer0008925.png,2,0,0,8,0,0,0,0,0,0
fer0008926.png,1,0,0,2,3,2,1,0,1,0
fer0008927.png,0,10,0,0,0,0,0,0,0,0
fer0008928.png,0,0,7,0,1,0,1,0,1,0
fer0008929.png,7,1,0,1,0,0,0,0,1,0
fer0008930.png,2,0,1,0,4,1,0,0,2,0
fer0008931.png,4,0,0,6,0,0,0,0,0,0
fer0008932.png,7,0,0,0,3,0,0,0,0,0
fer0008933.png,4,0,0,6,0,0,0,0,0,0
fer0008934.png,0,6,1,2,1,0,0,0,0,0
fer0008935.png,1,0,2,0,6,0,0,0,1,0
fer0008936.png,0,0,0,10,0,0,0,0,0,0
fer0008937.png,0,0,8,0,0,0,2,0,0,0
fer0008938.png,0,10,0,0,0,0,0,0,0,0
fer0008939.png,0,0,0,1,9,0,0,0,0,0
fer0008940.png,3,2,2,1,1,1,0,0,0,0
fer0008941.png,6,0,0,1,0,0,0,0,3,0
fer0008942.png,0,1,9,0,0,0,0,0,0,0
fer0008943.png,3,1,0,1,2,1,0,0,2,0
fer0008944.png,1,9,0,0,0,0,0,0,0,0
fer0008945.png,3,0,0,7,0,0,0,0,0,0
fer0008946.png,5,0,0,4,0,0,0,0,1,0
fer0008947.png,4,0,1,1,2,1,0,0,1,0
fer0008948.png,5,3,0,0,0,0,0,1,1,0
fer0008949.png,3,0,7,0,0,0,0,0,0,0
fer0008950.png,7,1,0,0,1,0,0,0,1,0
fer0008951.png,1,1,8,0,0,0,0,0,0,0
fer0008952.png,6,0,0,4,0,0,0,0,0,0
fer0008953.png,0,2,7,0,0,1,0,0,0,0
fer0008954.png,9,0,0,0,0,0,0,0,1,0
fer0008955.png,1,0,0,9,0,0,0,0,0,0
fer0008956.png,5,0,1,2,0,1,0,1,0,0
fer0008957.png,0,0,9,1,0,0,0,0,0,0
fer0008958.png,3,0,0,6,0,0,0,0,1,0
fer0008959.png,7,0,0,1,0,0,0,1,1,0
fer0008960.png,0,0,0,7,1,0,0,0,2,0
fer0008961.png,1,0,8,0,0,0,1,0,0,0
fer0008962.png,10,0,0,0,0,0,0,0,0,0
fer0008963.png,1,9,0,0,0,0,0,0,0,0
fer0008964.png,5,0,0,4,0,0,1,0,0,0
fer0008965.png,6,0,0,3,0,0,0,0,1,0
fer0008966.png,0,0,1,4,0,1,3,0,1,0
fer0008967.png,6,1,0,3,0,0,0,0,0,0
fer0008968.png,3,0,1,3,0,0,3,0,0,0
fer0008969.png,9,0,0,1,0,0,0,0,0,0
fer0008970.png,9,0,0,0,0,0,0,0,1,0
fer0008971.png,0,10,0,0,0,0,0,0,0,0
fer0008972.png,0,10,0,0,0,0,0,0,0,0
fer0008973.png,10,0,0,0,0,0,0,0,0,0
fer0008974.png,1,8,0,1,0,0,0,0,0,0
fer0008975.png,7,0,0,2,0,0,0,1,0,0
fer0008976.png,0,0,1,5,3,0,0,0,1,0
fer0008977.png,0,0,8,0,0,0,2,0,0,0
fer0008978.png,10,0,0,0,0,0,0,0,0,0
fer0008979.png,5,0,0,5,0,0,0,0,0,0
fer0008980.png,6,0,0,0,0,2,0,1,1,0
fer0008981.png,3,0,1,6,0,0,0,0,0,0
fer0008982.png,0,10,0,0,0,0,0,0,0,0
fer0008983.png,0,10,0,0,0,0,0,0,0,0
fer0008984.png,8,0,0,2,0,0,0,0,0,0
fer0008985.png,0,10,0,0,0,0,0,0,0,0
fer0008986.png,4,0,0,5,0,0,0,0,1,0
fer0008987.png,0,10,0,0,0,0,0,0,0,0
fer0008988.png,0,0,5,0,1,0,3,0,1,0
fer0008989.png,7,0,0,1,0,0,0,1,1,0
fer0008990.png,4,0,0,0,6,0,0,0,0,0
fer0008991.png,2,0,0,7,0,0,0,1,0,0
fer0008992.png,2,3,1,1,0,0,0,1,2,0
fer0008993.png,6,0,0,2,0,0,0,0,2,0
fer0008994.png,9,0,0,0,0,0,0,1,0,0
fer0008995.png,0,0,10,0,0,0,0,0,0,0
fer0008996.png,10,0,0,0,0,0,0,0,0,0
fer0008997.png,2,0,0,1,6,0,0,0,1,0
fer0008998.png,0,0,10,0,0,0,0,0,0,0
fer0008999.png,0,3,6,1,0,0,0,0,0,0
fer0009000.png,0,0,10,0,0,0,0,0,0,0
fer0009001.png,0,0,4,0,5,0,1,0,0,0
fer0009002.png,0,1,9,0,0,0,0,0,0,0
fer0009003.png,1,0,0,9,0,0,0,0,0,0
fer0009004.png,0,10,0,0,0,0,0,0,0,0
fer0009005.png,6,0,0,3,1,0,0,0,0,0
fer0009006.png,4,3,0,0,1,0,0,1,1,0
fer0009007.png,1,0,0,0,8,0,0,0,1,0
fer0009008.png,1,0,1,1,1,0,5,0,1,0
fer0009009.png,0,1,2,1,3,0,2,0,1,0
fer0009010.png,0,10,0,0,0,0,0,0,0,0
fer0009011.png,7,0,0,2,0,0,0,0,1,0
fer0009012.png,0,0,1,0,0,0,9,0,0,0
fer0009013.png,0,0,9,0,0,0,1,0,0,0
fer0009014.png,0,0,7,0,0,0,3,0,0,0
fer0009015.png,0,0,8,0,0,0,2,0,0,0
fer0009016.png,1,1,0,7,0,0,1,0,0,0
fer0009017.png,0,0,0,0,7,0,3,0,0,0
fer0009018.png,2,0,0,6,0,0,0,0,2,0
fer0009019.png,10,0,0,0,0,0,0,0,0,0
fer0009020.png,2,0,0,3,2,1,0,2,0,0
fer0009021.png,5,1,0,2,0,0,0,1,1,0
fer0009022.png,9,0,0,0,1,0,0,0,0,0
fer0009023.png,10,0,0,0,0,0,0,0,0,0
fer0009024.png,6,0,0,2,0,1,0,0,1,0
fer0009025.png,2,0,1,2,0,0,2,0,3,0
fer0009026.png,0,0,0,5,0,3,1,0,1,0
fer0009027.png,4,1,0,3,0,0,0,0,2,0
fer0009028.png,7,0,0,3,0,0,0,0,0,0
fer0009029.png,6,1,0,1,0,1,0,0,1,0
fer0009030.png,0,0,5,0,0,0,5,0,0,0
fer0009031.png,10,0,0,0,0,0,0,0,0,0
fer0009032.png,5,4,0,0,0,0,0,1,0,0
fer0009033.png,0,0,0,1,8,0,0,0,1,0
fer0009034.png,0,10,0,0,0,0,0,0,0,0
fer0009035.png,4,0,0,6,0,0,0,0,0,0
fer0009036.png,6,0,0,1,1,2,0,0,0,0
fer0009037.png,0,10,0,0,0,0,0,0,0,0
fer0009038.png,10,0,0,0,0,0,0,0,0,0
fer0009039.png,8,0,0,1,0,0,0,0,1,0
fer0009040.png,8,0,0,2,0,0,0,0,0,0
fer0009041.png,10,0,0,0,0,0,0,0,0,0
fer0009042.png,9,0,0,0,0,0,0,0,1,0
fer0009043.png,6,0,0,4,0,0,0,0,0,0
fer0009044.png,7,0,0,3,0,0,0,0,0,0
fer0009045.png,1,1,0,0,7,1,0,0,0,0
fer0009046.png,6,3,0,0,0,0,0,1,0,0
fer0009047.png,0,10,0,0,0,0,0,0,0,0
fer0009048.png,0,10,0,0,0,0,0,0,0,0
fer0009049.png,6,0,1,0,3,0,0,0,0,0
fer0009050.png,0,0,0,9,0,0,1,0,0,0
fer0009051.png,10,0,0,0,0,0,0,0,0,0
fer0009052.png,7,0,0,1,1,0,0,1,0,0
fer0009053.png,9,0,0,0,0,0,0,1,0,0
fer0009054.png,0,10,0,0,0,0,0,0,0,0
fer0009055.png,1,8,0,1,0,0,0,0,0,0
fer0009056.png,0,10,0,0,0,0,0,0,0,0
fer0009057.png,10,0,0,0,0,0,0,0,0,0
fer0009058.png,0,4,6,0,0,0,0,0,0,0
fer0009059.png,8,0,0,2,0,0,0,0,0,0
fer0009060.png,10,0,0,0,0,0,0,0,0,0
fer0009061.png,0,10,0,0,0,0,0,0,0,0
fer0009062.png,0,9,0,0,0,0,0,0,1,0
fer0009063.png,0,10,0,0,0,0,0,0,0,0
fer0009064.png,0,0,0,10,0,0,0,0,0,0
fer0009065.png,1,0,1,6,0,0,1,0,1,0
fer0009066.png,0,0,10,0,0,0,0,0,0,0
fer0009067.png,2,0,1,1,0,5,0,0,1,0
fer0009068.png,1,0,7,0,0,0,2,0,0,0
fer0009069.png,4,3,0,3,0,0,0,0,0,0
fer0009070.png,0,0,10,0,0,0,0,0,0,0
fer0009071.png,0,8,1,0,0,0,0,0,1,0
fer0009072.png,5,0,0,5,0,0,0,0,0,0
fer0009073.png,0,10,0,0,0,0,0,0,0,0
fer0009074.png,7,0,0,1,1,0,0,0,1,0
fer0009075.png,1,0,1,0,6,0,0,0,2,0
fer0009076.png,8,0,0,2,0,0,0,0,0,0
fer0009077.png,0,1,0,0,8,1,0,0,0,0
fer0009078.png,4,0,0,3,1,0,0,0,2,0
fer0009079.png,7,0,0,1,0,0,2,0,0,0
fer0009080.png,0,0,0,7,0,1,2,0,0,0
fer0009081.png,0,1,0,0,8,0,0,0,1,0
fer0009082.png,3,0,0,7,0,0,0,0,0,0
fer0009083.png,6,4,0,0,0,0,0,0,0,0
fer0009084.png,1,9,0,0,0,0,0,0,0,0
fer0009085.png,0,2,4,0,0,0,0,0,4,0
fer0009086.png,0,0,9,0,0,0,1,0,0,0
fer0009087.png,0,2,1,0,3,1,1,0,2,0
fer0009088.png,2,0,7,0,0,0,0,0,1,0
fer0009089.png,1,8,1,0,0,0,0,0,0,0
fer0009090.png,6,3,0,0,0,1,0,0,0,0
fer0009091.png,0,10,0,0,0,0,0,0,0,0
fer0009092.png,0,0,9,0,0,0,1,0,0,0
fer0009093.png,0,10,0,0,0,0,0,0,0,0
fer0009094.png,7,0,0,3,0,0,0,0,0,0
fer0009095.png,0,0,8,0,0,0,2,0,0,0
fer0009096.png,7,0,0,1,1,0,0,1,0,0
fer0009097.png,0,10,0,0,0,0,0,0,0,0
fer0009099.png,1,8,0,0,0,0,0,1,0,0
fer0009100.png,0,10,0,0,0,0,0,0,0,0
fer0009101.png,7,0,2,1,0,0,0,0,0,0
fer0009102.png,1,9,0,0,0,0,0,0,0,0
fer0009103.png,0,3,1,0,4,0,1,0,1,0
fer0009104.png,0,0,9,0,0,0,1,0,0,0
fer0009105.png,8,0,0,1,0,0,0,0,1,0
fer0009106.png,1,9,0,0,0,0,0,0,0,0
fer0009107.png,2,7,0,0,1,0,0,0,0,0
fer0009108.png,0,10,0,0,0,0,0,0,0,0
fer0009109.png,2,0,0,1,0,0,7,0,0,0
fer0009110.png,0,10,0,0,0,0,0,0,0,0
fer0009111.png,0,10,0,0,0,0,0,0,0,0
fer0009112.png,0,10,0,0,0,0,0,0,0,0
fer0009113.png,0,1,9,0,0,0,0,0,0,0
fer0009114.png,0,0,10,0,0,0,0,0,0,0
fer0009115.png,3,0,0,6,0,0,0,1,0,0
fer0009116.png,3,6,0,0,0,0,0,0,1,0
fer0009117.png,7,1,0,2,0,0,0,0,0,0
fer0009118.png,1,1,8,0,0,0,0,0,0,0
fer0009119.png,4,2,0,2,0,0,0,1,1,0
fer0009120.png,9,1,0,0,0,0,0,0,0,0
fer0009121.png,0,10,0,0,0,0,0,0,0,0
fer0009122.png,1,0,0,6,1,2,0,0,0,0
fer0009123.png,0,9,1,0,0,0,0,0,0,0
fer0009124.png,0,10,0,0,0,0,0,0,0,0
fer0009125.png,0,1,0,2,4,0,2,0,1,0
fer0009126.png,8,0,0,0,0,0,0,0,2,0
fer0009127.png,0,0,9,0,0,0,0,0,1,0
fer0009128.png,0,0,0,10,0,0,0,0,0,0
fer0009129.png,0,10,0,0,0,0,0,0,0,0
fer0009130.png,7,0,0,2,0,0,0,0,1,0
fer0009131.png,7,0,0,1,0,0,0,2,0,0
fer0009132.png,0,10,0,0,0,0,0,0,0,0
fer0009133.png,1,3,3,0,0,0,0,0,3,0
fer0009134.png,1,0,9,0,0,0,0,0,0,0
fer0009135.png,9,0,0,1,0,0,0,0,0,0
fer0009136.png,2,0,0,0,3,3,0,1,1,0
fer0009137.png,0,10,0,0,0,0,0,0,0,0
fer0009138.png,1,1,1,3,4,0,0,0,0,0
fer0009139.png,0,0,5,0,1,0,4,0,0,0
fer0009140.png,9,0,0,0,0,0,0,1,0,0
fer0009141.png,0,1,6,0,1,1,1,0,0,0
fer0009142.png,0,10,0,0,0,0,0,0,0,0
fer0009143.png,1,8,0,0,0,0,0,0,1,0
fer0009144.png,0,10,0,0,0,0,0,0,0,0
fer0009145.png,0,1,2,0,7,0,0,0,0,0
fer0009146.png,0,10,0,0,0,0,0,0,0,0
fer0009147.png,9,0,0,0,1,0,0,0,0,0
fer0009148.png,8,0,1,1,0,0,0,0,0,0
fer0009149.png,7,0,0,0,1,1,0,0,1,0
fer0009150.png,7,0,0,2,0,0,0,0,1,0
fer0009151.png,1,9,0,0,0,0,0,0,0,0
fer0009152.png,9,1,0,0,0,0,0,0,0,0
fer0009153.png,1,0,0,5,2,0,0,2,0,0
fer0009154.png,1,0,1,0,8,0,0,0,0,0
fer0009155.png,0,10,0,0,0,0,0,0,0,0
fer0009156.png,8,0,0,2,0,0,0,0,0,0
fer0009157.png,0,10,0,0,0,0,0,0,0,0
fer0009158.png,3,0,0,7,0,0,0,0,0,0
fer0009159.png,7,0,0,0,0,0,0,1,2,0
fer0009160.png,10,0,0,0,0,0,0,0,0,0
fer0009161.png,0,10,0,0,0,0,0,0,0,0
fer0009162.png,4,0,2,0,2,1,0,0,1,0
fer0009163.png,8,0,0,2,0,0,0,0,0,0
fer0009164.png,0,0,5,0,1,0,4,0,0,0
fer0009165.png,1,0,0,9,0,0,0,0,0,0
fer0009166.png,0,1,0,0,3,5,0,1,0,0
fer0009167.png,4,0,1,4,0,0,1,0,0,0
fer0009168.png,2,0,0,7,0,0,0,0,1,0
fer0009169.png,0,10,0,0,0,0,0,0,0,0
fer0009170.png,0,0,1,1,5,1,2,0,0,0
fer0009171.png,0,1,5,1,0,0,3,0,0,0
fer0009172.png,10,0,0,0,0,0,0,0,0,0
fer0009173.png,1,1,0,1,6,0,0,0,1,0
fer0009174.png,6,4,0,0,0,0,0,0,0,0
fer0009175.png,0,0,10,0,0,0,0,0,0,0
fer0009176.png,2,0,7,0,0,0,1,0,0,0
fer0009177.png,5,0,0,2,0,0,2,0,1,0
fer0009178.png,1,0,0,8,0,0,0,0,1,0
fer0009179.png,0,10,0,0,0,0,0,0,0,0
fer0009180.png,0,0,0,9,1,0,0,0,0,0
fer0009181.png,2,0,2,4,1,0,1,0,0,0
fer0009182.png,0,0,5,0,1,0,4,0,0,0
fer0009183.png,0,9,1,0,0,0,0,0,0,0
fer0009184.png,2,5,0,1,0,0,0,1,1,0
fer0009185.png,1,0,0,1,1,0,0,6,1,0
fer0009186.png,8,0,0,1,0,0,0,0,1,0
fer0009187.png,9,0,0,1,0,0,0,0,0,0
fer0009188.png,4,0,0,0,0,0,3,0,3,0
fer0009189.png,3,7,0,0,0,0,0,0,0,0
fer0009190.png,2,1,0,5,0,0,0,0,2,0
fer0009191.png,6,0,0,3,1,0,0,0,0,0
fer0009192.png,3,0,0,2,0,0,0,4,1,0
fer0009193.png,7,0,0,2,1,0,0,0,0,0
fer0009194.png,1,0,4,0,0,0,4,0,1,0
fer0009195.png,7,0,0,3,0,0,0,0,0,0
fer0009196.png,3,0,0,7,0,0,0,0,0,0
fer0009197.png,0,10,0,0,0,0,0,0,0,0
fer0009198.png,5,3,0,0,0,0,0,1,1,0
fer0009199.png,0,10,0,0,0,0,0,0,0,0
fer0009200.png,6,0,0,0,1,0,0,1,2,0
fer0009201.png,10,0,0,0,0,0,0,0,0,0
fer0009202.png,5,1,0,2,1,0,0,0,1,0
fer0009203.png,6,0,0,4,0,0,0,0,0,0
fer0009204.png,1,1,0,7,0,1,0,0,0,0
fer0009205.png,1,4,5,0,0,0,0,0,0,0
fer0009206.png,6,1,0,0,2,0,0,0,1,0
fer0009207.png,9,0,0,1,0,0,0,0,0,0
fer0009208.png,2,7,0,0,1,0,0,0,0,0
fer0009209.png,7,1,1,1,0,0,0,0,0,0
fer0009210.png,0,1,1,0,7,0,1,0,0,0
fer0009211.png,5,0,1,0,2,1,0,0,1,0
fer0009212.png,7,2,0,0,0,0,0,1,0,0
fer0009213.png,8,2,0,0,0,0,0,0,0,0
fer0009214.png,2,0,0,6,2,0,0,0,0,0
fer0009215.png,1,8,0,0,1,0,0,0,0,0
fer0009216.png,1,0,3,0,6,0,0,0,0,0
fer0009217.png,3,0,0,6,0,0,0,0,1,0
fer0009218.png,7,2,0,0,0,0,0,0,1,0
fer0009219.png,0,1,9,0,0,0,0,0,0,0
fer0009220.png,4,0,0,2,3,0,0,0,1,0
fer0009221.png,8,0,0,1,0,0,0,1,0,0
fer0009222.png,0,0,2,0,7,0,0,0,1,0
fer0009223.png,0,7,1,1,1,0,0,0,0,0
fer0009224.png,0,0,8,0,0,0,0,0,2,0
fer0009225.png,0,10,0,0,0,0,0,0,0,0
fer0009226.png,0,0,1,1,7,1,0,0,0,0
fer0009227.png,3,0,4,0,0,0,0,0,3,0
fer0009228.png,1,3,5,0,0,0,1,0,0,0
fer0009229.png,8,0,0,2,0,0,0,0,0,0
fer0009230.png,3,0,0,7,0,0,0,0,0,0
fer0009231.png,5,4,0,0,0,0,0,0,1,0
fer0009232.png,0,9,1,0,0,0,0,0,0,0
fer0009234.png,1,8,1,0,0,0,0,0,0,0
fer0009235.png,0,0,1,0,8,0,0,0,1,0
fer0009236.png,8,0,0,2,0,0,0,0,0,0
fer0009237.png,0,0,0,8,0,0,0,0,2,0
fer0009238.png,7,0,0,2,0,0,0,0,1,0
fer0009239.png,2,0,0,6,0,0,0,1,1,0
fer0009240.png,1,0,0,0,1,3,0,1,4,0
fer0009242.png,5,0,0,3,0,0,0,1,1,0
fer0009243.png,0,1,1,0,8,0,0,0,0,0
fer0009244.png,5,2,0,3,0,0,0,0,0,0
fer0009245.png,0,10,0,0,0,0,0,0,0,0
fer0009246.png,0,10,0,0,0,0,0,0,0,0
fer0009247.png,2,0,0,7,0,0,0,0,1,0
fer0009248.png,1,6,3,0,0,0,0,0,0,0
fer0009249.png,1,9,0,0,0,0,0,0,0,0
fer0009250.png,0,10,0,0,0,0,0,0,0,0
fer0009251.png,0,10,0,0,0,0,0,0,0,0
fer0009252.png,6,1,1,1,0,1,0,0,0,0
fer0009253.png,10,0,0,0,0,0,0,0,0,0
fer0009254.png,5,0,0,5,0,0,0,0,0,0
fer0009255.png,0,10,0,0,0,0,0,0,0,0
fer0009256.png,0,10,0,0,0,0,0,0,0,0
fer0009257.png,7,0,0,3,0,0,0,0,0,0
fer0009258.png,5,0,0,4,0,0,0,1,0,0
fer0009259.png,5,0,0,5,0,0,0,0,0,0
fer0009260.png,4,0,2,4,0,0,0,0,0,0
fer0009261.png,0,10,0,0,0,0,0,0,0,0
fer0009262.png,5,0,0,0,1,1,0,0,3,0
fer0009263.png,0,10,0,0,0,0,0,0,0,0
fer0009264.png,2,0,0,3,1,2,0,0,2,0
fer0009265.png,6,0,2,1,0,0,1,0,0,0
fer0009266.png,5,5,0,0,0,0,0,0,0,0
fer0009267.png,0,10,0,0,0,0,0,0,0,0
fer0009268.png,1,0,0,6,0,1,2,0,0,0
fer0009269.png,8,1,0,1,0,0,0,0,0,0
fer0009270.png,0,1,1,1,6,0,0,0,1,0
fer0009271.png,0,10,0,0,0,0,0,0,0,0
fer0009272.png,9,1,0,0,0,0,0,0,0,0
fer0009273.png,0,10,0,0,0,0,0,0,0,0
fer0009274.png,2,0,0,1,4,2,0,1,0,0
fer0009275.png,0,10,0,0,0,0,0,0,0,0
fer0009276.png,0,0,0,5,1,1,0,1,2,0
fer0009277.png,0,10,0,0,0,0,0,0,0,0
fer0009278.png,0,10,0,0,0,0,0,0,0,0
fer0009279.png,7,0,0,3,0,0,0,0,0,0
fer0009280.png,9,1,0,0,0,0,0,0,0,0
fer0009281.png,5,5,0,0,0,0,0,0,0,0
fer0009282.png,7,0,0,2,0,0,0,0,1,0
fer0009283.png,5,0,0,4,0,0,0,1,0,0
fer0009284.png,7,0,3,0,0,0,0,0,0,0
fer0009285.png,8,2,0,0,0,0,0,0,0,0
fer0009286.png,0,0,8,0,0,0,2,0,0,0
fer0009287.png,0,10,0,0,0,0,0,0,0,0
fer0009288.png,0,10,0,0,0,0,0,0,0,0
fer0009289.png,0,10,0,0,0,0,0,0,0,0
fer0009290.png,3,0,0,3,0,0,0,1,3,0
fer0009291.png,10,0,0,0,0,0,0,0,0,0
fer0009292.png,0,10,0,0,0,0,0,0,0,0
fer0009293.png,0,0,1,0,0,1,8,0,0,0
fer0009294.png,2,0,4,0,2,1,0,0,1,0
fer0009295.png,0,10,0,0,0,0,0,0,0,0
fer0009296.png,0,10,0,0,0,0,0,0,0,0
fer0009297.png,0,0,8,0,0,0,2,0,0,0
fer0009298.png,1,9,0,0,0,0,0,0,0,0
fer0009299.png,1,9,0,0,0,0,0,0,0,0
fer0009300.png,0,0,1,1,5,0,1,0,2,0
fer0009301.png,3,6,0,0,0,0,0,0,1,0
fer0009302.png,2,0,1,0,0,0,6,0,1,0
fer0009303.png,0,10,0,0,0,0,0,0,0,0
fer0009304.png,7,0,0,3,0,0,0,0,0,0
fer0009305.png,0,10,0,0,0,0,0,0,0,0
fer0009306.png,0,0,3,0,0,0,7,0,0,0
fer0009307.png,0,10,0,0,0,0,0,0,0,0
fer0009308.png,0,0,1,1,7,0,0,1,0,0
fer0009309.png,0,10,0,0,0,0,0,0,0,0
fer0009310.png,6,0,0,1,1,1,0,0,1,0
fer0009311.png,2,0,7,1,0,0,0,0,0,0
fer0009312.png,9,1,0,0,0,0,0,0,0,0
fer0009313.png,0,0,0,6,2,0,1,0,1,0
fer0009314.png,0,0,10,0,0,0,0,0,0,0
fer0009315.png,1,0,0,3,5,0,0,1,0,0
fer0009316.png,0,10,0,0,0,0,0,0,0,0
fer0009317.png,4,0,0,6,0,0,0,0,0,0
fer0009318.png,1,6,0,3,0,0,0,0,0,0
fer0009319.png,7,0,1,0,1,0,0,0,1,0
fer0009320.png,5,0,0,0,3,1,0,1,0,0
fer0009321.png,0,10,0,0,0,0,0,0,0,0
fer0009322.png,0,1,0,0,6,2,1,0,0,0
fer0009323.png,0,0,7,0,0,0,3,0,0,0
fer0009324.png,0,10,0,0,0,0,0,0,0,0
fer0009325.png,7,2,0,1,0,0,0,0,0,0
fer0009326.png,10,0,0,0,0,0,0,0,0,0
fer0009327.png,0,10,0,0,0,0,0,0,0,0
fer0009328.png,9,1,0,0,0,0,0,0,0,0
fer0009329.png,0,10,0,0,0,0,0,0,0,0
fer0009330.png,9,0,0,0,1,0,0,0,0,0
fer0009331.png,1,0,8,0,1,0,0,0,0,0
fer0009332.png,7,0,1,1,0,0,0,0,1,0
fer0009333.png,6,1,1,0,0,0,0,0,2,0
fer0009334.png,4,1,0,0,3,1,1,0,0,0
fer0009335.png,0,10,0,0,0,0,0,0,0,0
fer0009336.png,4,0,0,4,0,0,0,0,2,0
fer0009337.png,9,0,0,0,1,0,0,0,0,0
fer0009338.png,0,10,0,0,0,0,0,0,0,0
fer0009339.png,7,0,0,2,0,0,0,1,0,0
fer0009340.png,8,0,0,2,0,0,0,0,0,0
fer0009341.png,0,10,0,0,0,0,0,0,0,0
fer0009342.png,0,0,10,0,0,0,0,0,0,0
fer0009343.png,3,0,0,0,4,1,0,0,2,0
fer0009344.png,0,0,10,0,0,0,0,0,0,0
fer0009345.png,4,1,0,2,2,0,0,1,0,0
fer0009346.png,0,1,8,0,0,0,1,0,0,0
fer0009347.png,1,1,0,0,5,1,0,1,1,0
fer0009348.png,0,10,0,0,0,0,0,0,0,0
fer0009349.png,0,10,0,0,0,0,0,0,0,0
fer0009350.png,0,10,0,0,0,0,0,0,0,0
fer0009351.png,0,0,1,0,9,0,0,0,0,0
fer0009352.png,2,0,0,5,0,0,0,1,2,0
fer0009353.png,0,10,0,0,0,0,0,0,0,0
fer0009354.png,6,0,0,0,0,0,0,0,4,0
fer0009355.png,4,1,0,1,3,0,0,0,1,0
fer0009356.png,0,6,1,0,0,0,2,0,1,0
fer0009357.png,1,0,9,0,0,0,0,0,0,0
fer0009358.png,5,0,0,4,0,0,0,1,0,0
fer0009359.png,0,1,0,9,0,0,0,0,0,0
fer0009360.png,0,1,1,0,8,0,0,0,0,0
fer0009361.png,2,0,7,0,0,0,1,0,0,0
fer0009362.png,0,1,7,0,0,0,1,0,1,0
fer0009363.png,0,10,0,0,0,0,0,0,0,0
fer0009364.png,0,0,0,9,0,0,1,0,0,0
fer0009365.png,8,0,0,1,0,0,0,0,1,0
fer0009366.png,7,1,0,1,0,1,0,0,0,0
fer0009367.png,10,0,0,0,0,0,0,0,0,0
fer0009368.png,1,0,5,2,0,1,1,0,0,0
fer0009369.png,0,10,0,0,0,0,0,0,0,0
fer0009370.png,8,0,0,1,0,0,0,1,0,0
fer0009371.png,0,0,10,0,0,0,0,0,0,0
fer0009372.png,0,0,0,10,0,0,0,0,0,0
fer0009373.png,8,0,0,1,0,0,0,0,1,0
fer0009374.png,4,0,0,4,0,0,0,1,1,0
fer0009375.png,2,0,1,2,1,1,0,2,1,0
fer0009376.png,0,0,0,1,7,1,0,1,0,0
fer0009377.png,0,1,2,1,6,0,0,0,0,0
fer0009378.png,0,10,0,0,0,0,0,0,0,0
fer0009379.png,0,10,0,0,0,0,0,0,0,0
fer0009380.png,2,0,0,1,4,1,0,2,0,0
fer0009381.png,2,0,0,0,5,1,0,1,1,0
fer0009382.png,6,0,0,0,3,0,0,0,1,0
fer0009383.png,0,0,0,1,0,0,8,0,1,0
fer0009384.png,0,10,0,0,0,0,0,0,0,0
fer0009385.png,4,0,0,6,0,0,0,0,0,0
fer0009386.png,1,0,1,5,1,1,0,1,0,0
fer0009387.png,9,0,0,1,0,0,0,0,0,0
fer0009388.png,0,10,0,0,0,0,0,0,0,0
fer0009389.png,8,1,0,0,0,0,0,0,1,0
fer0009390.png,9,0,0,1,0,0,0,0,0,0
fer0009391.png,8,1,0,0,0,0,0,1,0,0
fer0009392.png,9,0,0,0,0,0,0,1,0,0
fer0009393.png,0,10,0,0,0,0,0,0,0,0
fer0009394.png,0,0,0,0,10,0,0,0,0,0
fer0009395.png,3,0,0,2,2,2,0,1,0,0
fer0009396.png,3,0,0,5,0,1,0,0,1,0
fer0009397.png,6,0,0,3,0,1,0,0,0,0
fer0009398.png,4,0,4,0,0,0,0,0,2,0
fer0009399.png,8,0,0,1,0,0,0,1,0,0
fer0009400.png,1,1,0,3,5,0,0,0,0,0
fer0009401.png,0,10,0,0,0,0,0,0,0,0
fer0009402.png,1,9,0,0,0,0,0,0,0,0
fer0009403.png,2,7,1,0,0,0,0,0,0,0
fer0009404.png,3,0,0,5,0,0,0,0,2,0
fer0009405.png,4,0,4,0,0,1,0,0,1,0
fer0009406.png,0,10,0,0,0,0,0,0,0,0
fer0009407.png,8,1,1,0,0,0,0,0,0,0
fer0009408.png,0,0,2,1,7,0,0,0,0,0
fer0009409.png,0,0,8,0,0,0,2,0,0,0
fer0009410.png,4,0,0,1,0,0,1,0,4,0
fer0009411.png,9,0,0,0,0,0,0,1,0,0
fer0009412.png,0,10,0,0,0,0,0,0,0,0
fer0009413.png,3,1,0,0,0,1,0,5,0,0
fer0009414.png,0,10,0,0,0,0,0,0,0,0
fer0009415.png,9,0,0,1,0,0,0,0,0,0
fer0009416.png,6,3,0,0,0,0,0,1,0,0
fer0009417.png,3,0,4,0,1,0,0,0,2,0
fer0009418.png,7,0,0,2,0,1,0,0,0,0
fer0009419.png,0,10,0,0,0,0,0,0,0,0
fer0009420.png,3,0,1,3,3,0,0,0,0,0
fer0009421.png,9,0,0,1,0,0,0,0,0,0
fer0009422.png,1,0,0,9,0,0,0,0,0,0
fer0009423.png,2,0,0,5,0,1,0,1,1,0
fer0009424.png,0,5,4,0,0,0,0,0,1,0
fer0009425.png,0,0,0,8,0,1,0,0,1,0
fer0009426.png,6,0,0,0,0,0,1,0,3,0
fer0009427.png,2,1,4,0,2,0,0,0,1,0
fer0009428.png,5,5,0,0,0,0,0,0,0,0
fer0009429.png,2,7,1,0,0,0,0,0,0,0
fer0009430.png,8,0,0,2,0,0,0,0,0,0
fer0009431.png,3,0,0,7,0,0,0,0,0,0
fer0009432.png,0,10,0,0,0,0,0,0,0,0
fer0009433.png,0,0,0,7,0,0,0,0,3,0
fer0009434.png,5,1,0,3,0,0,0,0,1,0
fer0009435.png,0,1,2,0,6,0,0,1,0,0
fer0009436.png,0,0,0,9,0,0,0,0,1,0
fer0009437.png,1,1,0,1,1,3,0,2,1,0
fer0009438.png,1,0,0,3,6,0,0,0,0,0
fer0009439.png,0,0,9,0,0,0,0,0,1,0
fer0009440.png,5,0,0,3,0,0,0,0,2,0
fer0009441.png,0,7,0,0,1,0,0,1,1,0
fer0009442.png,4,0,3,2,0,1,0,0,0,0
fer0009443.png,7,0,1,2,0,0,0,0,0,0
fer0009444.png,3,1,2,0,2,0,2,0,0,0
fer0009445.png,1,0,1,0,7,1,0,0,0,0
fer0009446.png,1,9,0,0,0,0,0,0,0,0
fer0009447.png,0,0,8,0,0,0,2,0,0,0
fer0009448.png,0,9,0,0,1,0,0,0,0,0
fer0009449.png,2,1,0,5,0,2,0,0,0,0
fer0009450.png,7,0,0,2,0,0,0,1,0,0
fer0009452.png,4,0,0,5,0,0,0,0,1,0
fer0009453.png,0,10,0,0,0,0,0,0,0,0
fer0009454.png,10,0,0,0,0,0,0,0,0,0
fer0009455.png,0,0,10,0,0,0,0,0,0,0
fer0009456.png,9,0,0,1,0,0,0,0,0,0
fer0009457.png,0,0,0,10,0,0,0,0,0,0
fer0009458.png,10,0,0,0,0,0,0,0,0,0
fer0009459.png,0,7,0,1,0,0,0,0,2,0
fer0009460.png,0,0,5,0,0,0,5,0,0,0
fer0009461.png,5,0,0,5,0,0,0,0,0,0
fer0009462.png,4,0,0,1,5,0,0,0,0,0
fer0009463.png,0,10,0,0,0,0,0,0,0,0
fer0009464.png,1,9,0,0,0,0,0,0,0,0
fer0009465.png,2,0,6,0,0,0,0,0,2,0
fer0009466.png,3,0,0,1,0,0,4,1,1,0
fer0009467.png,7,0,0,0,2,0,0,0,1,0
fer0009468.png,5,0,0,4,0,0,0,0,1,0
fer0009469.png,8,0,0,1,1,0,0,0,0,0
fer0009470.png,9,0,0,0,0,0,0,1,0,0
fer0009471.png,9,0,0,1,0,0,0,0,0,0
fer0009472.png,9,0,0,1,0,0,0,0,0,0
fer0009473.png,3,5,0,0,0,0,0,1,1,0
fer0009474.png,0,10,0,0,0,0,0,0,0,0
fer0009475.png,0,0,0,8,0,0,2,0,0,0
fer0009476.png,0,1,3,0,0,2,0,0,4,0
fer0009477.png,6,1,0,1,0,0,0,1,1,0
fer0009478.png,0,0,1,0,0,0,3,3,3,0
fer0009479.png,0,0,9,0,0,0,1,0,0,0
fer0009480.png,6,1,0,0,1,1,0,0,1,0
fer0009481.png,2,0,4,0,2,1,0,0,1,0
fer0009482.png,1,0,6,0,0,0,2,0,1,0
fer0009483.png,8,2,0,0,0,0,0,0,0,0
fer0009484.png,6,0,0,4,0,0,0,0,0,0
fer0009485.png,0,10,0,0,0,0,0,0,0,0
fer0009486.png,5,0,0,5,0,0,0,0,0,0
fer0009487.png,10,0,0,0,0,0,0,0,0,0
fer0009488.png,3,1,0,1,5,0,0,0,0,0
fer0009489.png,2,0,1,0,2,1,4,0,0,0
fer0009490.png,0,5,0,0,2,1,0,0,2,0
fer0009491.png,1,0,0,8,0,0,0,0,1,0
fer0009492.png,0,10,0,0,0,0,0,0,0,0
fer0009493.png,9,0,0,0,0,0,0,1,0,0
fer0009494.png,0,10,0,0,0,0,0,0,0,0
fer0009495.png,2,0,0,7,0,0,0,0,1,0
fer0009496.png,1,0,3,5,0,0,1,0,0,0
fer0009497.png,9,0,1,0,0,0,0,0,0,0
fer0009498.png,3,0,0,4,0,0,0,3,0,0
fer0009499.png,3,7,0,0,0,0,0,0,0,0
fer0009500.png,5,0,1,1,0,0,1,1,1,0
fer0009501.png,2,0,8,0,0,0,0,0,0,0
fer0009502.png,0,2,7,0,1,0,0,0,0,0
fer0009503.png,5,0,0,4,0,0,0,1,0,0
fer0009504.png,2,1,1,0,4,0,0,0,2,0
fer0009505.png,8,0,0,1,0,0,0,1,0,0
fer0009506.png,0,0,3,0,4,0,3,0,0,0
fer0009507.png,0,9,1,0,0,0,0,0,0,0
fer0009508.png,4,2,2,0,0,0,0,0,2,0
fer0009509.png,2,0,0,6,0,0,2,0,0,0
fer0009510.png,0,10,0,0,0,0,0,0,0,0
fer0009511.png,0,2,1,0,6,0,0,0,1,0
fer0009512.png,4,0,0,1,0,3,0,0,2,0
fer0009513.png,1,0,9,0,0,0,0,0,0,0
fer0009514.png,2,7,0,0,0,0,0,0,1,0
fer0009515.png,1,2,0,0,0,0,0,6,1,0
fer0009516.png,8,0,0,1,1,0,0,0,0,0
fer0009517.png,0,0,10,0,0,0,0,0,0,0
fer0009518.png,0,10,0,0,0,0,0,0,0,0
fer0009519.png,9,0,0,1,0,0,0,0,0,0
fer0009520.png,2,0,0,8,0,0,0,0,0,0
fer0009521.png,1,9,0,0,0,0,0,0,0,0
fer0009522.png,0,4,5,0,1,0,0,0,0,0
fer0009523.png,0,10,0,0,0,0,0,0,0,0
fer0009524.png,0,0,0,10,0,0,0,0,0,0
fer0009525.png,2,0,1,1,4,0,0,1,1,0
fer0009526.png,4,0,4,1,0,0,1,0,0,0
fer0009527.png,0,0,7,0,2,0,1,0,0,0
fer0009528.png,1,0,1,4,0,4,0,0,0,0
fer0009529.png,5,0,0,1,4,0,0,0,0,0
fer0009530.png,0,0,0,8,1,0,0,0,1,0
fer0009531.png,3,0,0,0,1,1,0,5,0,0
fer0009532.png,0,10,0,0,0,0,0,0,0,0
fer0009533.png,1,2,5,0,1,0,1,0,0,0
fer0009534.png,4,0,0,4,0,1,0,0,1,0
fer0009535.png,10,0,0,0,0,0,0,0,0,0
fer0009536.png,0,1,7,0,1,0,1,0,0,0
fer0009537.png,0,0,0,9,0,1,0,0,0,0
fer0009538.png,0,10,0,0,0,0,0,0,0,0
fer0009539.png,2,0,0,1,6,1,0,0,0,0
fer0009540.png,7,2,0,1,0,0,0,0,0,0
fer0009541.png,4,0,0,0,1,1,0,3,1,0
fer0009542.png,8,0,0,0,1,0,0,0,1,0
fer0009543.png,5,0,0,1,1,0,0,1,2,0
fer0009544.png,9,1,0,0,0,0,0,0,0,0
fer0009545.png,4,0,0,6,0,0,0,0,0,0
fer0009546.png,0,10,0,0,0,0,0,0,0,0
fer0009547.png,0,8,0,1,0,0,0,0,1,0
fer0009548.png,5,0,0,3,0,0,0,0,2,0
fer0009549.png,5,1,3,0,0,0,0,0,1,0
fer0009550.png,6,0,0,3,0,0,1,0,0,0
fer0009551.png,0,0,5,0,1,0,4,0,0,0
fer0009552.png,1,0,0,9,0,0,0,0,0,0
fer0009553.png,0,0,2,0,0,0,8,0,0,0
fer0009554.png,3,1,5,0,1,0,0,0,0,0
fer0009555.png,1,9,0,0,0,0,0,0,0,0
fer0009556.png,9,1,0,0,0,0,0,0,0,0
fer0009557.png,7,0,0,2,0,0,0,1,0,0
fer0009558.png,1,1,8,0,0,0,0,0,0,0
fer0009559.png,1,2,1,0,5,1,0,0,0,0
fer0009560.png,9,1,0,0,0,0,0,0,0,0
fer0009561.png,0,0,0,8,1,0,1,0,0,0
fer0009562.png,1,0,0,0,9,0,0,0,0,0
fer0009563.png,4,0,0,1,1,0,0,3,1,0
fer0009564.png,8,0,0,1,0,0,0,0,1,0
fer0009565.png,9,1,0,0,0,0,0,0,0,0
fer0009566.png,4,0,0,5,0,0,0,0,1,0
fer0009567.png,10,0,0,0,0,0,0,0,0,0
fer0009568.png,0,10,0,0,0,0,0,0,0,0
fer0009569.png,0,0,0,1,1,1,5,0,2,0
fer0009570.png,0,10,0,0,0,0,0,0,0,0
fer0009571.png,0,0,9,0,0,0,1,0,0,0
fer0009572.png,3,0,0,6,0,0,0,0,1,0
fer0009573.png,10,0,0,0,0,0,0,0,0,0
fer0009574.png,3,3,1,2,0,0,0,0,1,0
fer0009575.png,0,10,0,0,0,0,0,0,0,0
fer0009576.png,1,8,0,0,0,0,0,0,1,0
fer0009577.png,7,2,0,0,0,0,0,0,1,0
fer0009578.png,7,0,1,2,0,0,0,0,0,0
fer0009579.png,4,6,0,0,0,0,0,0,0,0
fer0009580.png,7,0,0,2,0,0,0,0,1,0
fer0009581.png,3,7,0,0,0,0,0,0,0,0
fer0009582.png,5,0,0,2,0,1,0,1,1,0
fer0009583.png,5,0,3,1,0,0,0,0,1,0
fer0009584.png,8,0,0,0,0,0,0,1,1,0
fer0009585.png,9,0,0,0,0,0,0,0,1,0
fer0009586.png,6,0,0,3,0,1,0,0,0,0
fer0009587.png,4,0,0,6,0,0,0,0,0,0
fer0009588.png,2,0,0,4,0,2,0,1,1,0
fer0009589.png,1,6,2,0,1,0,0,0,0,0
fer0009590.png,0,10,0,0,0,0,0,0,0,0
fer0009591.png,1,2,2,0,4,0,1,0,0,0
fer0009592.png,1,5,1,0,2,0,0,0,1,0
fer0009593.png,3,0,5,1,0,0,1,0,0,0
fer0009594.png,0,10,0,0,0,0,0,0,0,0
fer0009595.png,0,1,2,2,5,0,0,0,0,0
fer0009596.png,3,0,0,5,0,0,0,1,1,0
fer0009597.png,0,6,3,0,0,0,1,0,0,0
fer0009598.png,0,10,0,0,0,0,0,0,0,0
fer0009599.png,2,0,0,0,7,0,1,0,0,0
fer0009600.png,4,0,4,0,0,0,1,0,1,0
fer0009601.png,0,10,0,0,0,0,0,0,0,0
fer0009602.png,0,0,9,0,0,0,1,0,0,0
fer0009603.png,6,0,0,1,0,0,0,1,2,0
fer0009604.png,0,10,0,0,0,0,0,0,0,0
fer0009605.png,0,3,6,0,0,0,1,0,0,0
fer0009606.png,2,0,8,0,0,0,0,0,0,0
fer0009607.png,6,3,1,0,0,0,0,0,0,0
fer0009608.png,0,0,0,3,1,0,2,1,3,0
fer0009609.png,9,0,0,1,0,0,0,0,0,0
fer0009610.png,1,8,0,0,0,1,0,0,0,0
fer0009611.png,0,10,0,0,0,0,0,0,0,0
fer0009612.png,1,9,0,0,0,0,0,0,0,0
fer0009613.png,0,10,0,0,0,0,0,0,0,0
fer0009614.png,4,6,0,0,0,0,0,0,0,0
fer0009615.png,2,0,0,4,0,0,0,3,1,0
fer0009616.png,0,10,0,0,0,0,0,0,0,0
fer0009617.png,0,10,0,0,0,0,0,0,0,0
fer0009618.png,2,7,0,1,0,0,0,0,0,0
fer0009619.png,6,0,3,0,0,0,1,0,0,0
fer0009620.png,5,1,4,0,0,0,0,0,0,0
fer0009621.png,0,1,1,0,5,2,0,0,1,0
fer0009622.png,5,0,4,0,0,0,1,0,0,0
fer0009623.png,0,10,0,0,0,0,0,0,0,0
fer0009624.png,0,0,1,0,4,1,2,0,2,0
fer0009625.png,4,6,0,0,0,0,0,0,0,0
fer0009626.png,0,0,10,0,0,0,0,0,0,0
fer0009627.png,5,0,0,2,0,0,0,0,3,0
fer0009628.png,0,8,0,1,0,0,0,0,1,0
fer0009629.png,0,9,0,0,0,0,0,1,0,0
fer0009630.png,0,0,0,6,0,3,0,0,1,0
fer0009631.png,1,0,4,0,0,0,4,0,1,0
fer0009632.png,6,0,0,1,0,2,0,0,1,0
fer0009633.png,0,0,9,0,0,0,0,0,1,0
fer0009634.png,8,0,1,1,0,0,0,0,0,0
fer0009635.png,0,0,7,0,0,0,2,0,1,0
fer0009636.png,0,10,0,0,0,0,0,0,0,0
fer0009637.png,8,1,0,0,0,0,0,1,0,0
fer0009638.png,1,4,3,0,2,0,0,0,0,0
fer0009639.png,0,10,0,0,0,0,0,0,0,0
fer0009640.png,3,0,0,1,5,0,0,0,1,0
fer0009641.png,5,0,0,4,0,0,0,0,1,0
fer0009642.png,8,0,0,1,0,0,0,0,1,0
fer0009643.png,8,0,0,1,0,0,0,0,1,0
fer0009644.png,0,10,0,0,0,0,0,0,0,0
fer0009645.png,4,0,0,4,0,0,0,0,2,0
fer0009646.png,0,2,0,8,0,0,0,0,0,0
fer0009647.png,9,0,0,0,1,0,0,0,0,0
fer0009648.png,0,0,10,0,0,0,0,0,0,0
fer0009649.png,0,0,0,6,0,0,4,0,0,0
fer0009650.png,6,0,0,1,2,0,0,0,1,0
fer0009651.png,6,3,0,1,0,0,0,0,0,0
fer0009652.png,8,0,0,0,2,0,0,0,0,0
fer0009653.png,4,0,5,0,0,0,0,0,1,0
fer0009654.png,0,1,9,0,0,0,0,0,0,0
fer0009655.png,0,0,10,0,0,0,0,0,0,0
fer0009656.png,7,1,1,0,1,0,0,0,0,0
fer0009657.png,0,0,0,3,3,0,2,0,2,0
fer0009658.png,7,0,0,1,2,0,0,0,0,0
fer0009659.png,0,0,0,10,0,0,0,0,0,0
fer0009660.png,7,0,0,2,0,0,0,0,1,0
fer0009661.png,0,9,0,0,0,0,1,0,0,0
fer0009662.png,7,1,0,1,0,0,0,1,0,0
fer0009663.png,1,6,0,2,0,0,0,0,1,0
fer0009664.png,6,0,0,0,2,1,0,1,0,0
fer0009665.png,4,0,0,6,0,0,0,0,0,0
fer0009666.png,9,0,0,1,0,0,0,0,0,0
fer0009668.png,0,6,4,0,0,0,0,0,0,0
fer0009669.png,1,0,0,0,3,5,0,0,1,0
fer0009670.png,7,0,0,0,2,0,0,1,0,0
fer0009671.png,1,0,0,0,3,2,0,2,2,0
fer0009672.png,9,1,0,0,0,0,0,0,0,0
fer0009673.png,0,10,0,0,0,0,0,0,0,0
fer0009674.png,7,1,0,0,0,0,0,1,1,0
fer0009675.png,9,1,0,0,0,0,0,0,0,0
fer0009676.png,0,10,0,0,0,0,0,0,0,0
fer0009677.png,1,1,7,0,0,0,1,0,0,0
fer0009678.png,6,0,0,4,0,0,0,0,0,0
fer0009679.png,0,10,0,0,0,0,0,0,0,0
fer0009680.png,0,8,1,0,0,0,0,0,1,0
fer0009681.png,8,0,0,1,1,0,0,0,0,0
fer0009682.png,2,8,0,0,0,0,0,0,0,0
fer0009683.png,1,5,0,0,0,0,0,4,0,0
fer0009684.png,9,0,0,0,1,0,0,0,0,0
fer0009685.png,10,0,0,0,0,0,0,0,0,0
fer0009686.png,3,0,2,2,0,0,0,0,3,0
fer0009687.png,8,0,0,2,0,0,0,0,0,0
fer0009688.png,0,10,0,0,0,0,0,0,0,0
fer0009689.png,3,0,0,0,7,0,0,0,0,0
fer0009690.png,2,0,1,2,0,3,0,1,1,0
fer0009691.png,7,2,0,0,0,0,0,1,0,0
fer0009692.png,8,0,0,2,0,0,0,0,0,0
fer0009693.png,6,0,0,3,0,0,0,0,1,0
fer0009694.png,2,0,1,6,1,0,0,0,0,0
fer0009695.png,7,0,0,1,0,0,2,0,0,0
fer0009696.png,9,0,0,1,0,0,0,0,0,0
fer0009697.png,8,0,2,0,0,0,0,0,0,0
fer0009698.png,8,0,0,1,0,0,1,0,0,0
fer0009699.png,0,9,1,0,0,0,0,0,0,0
fer0009700.png,1,0,0,7,0,0,1,1,0,0
fer0009701.png,2,1,0,3,1,0,2,1,0,0
fer0009702.png,1,0,8,0,0,0,1,0,0,0
fer0009703.png,0,0,3,0,7,0,0,0,0,0
fer0009704.png,10,0,0,0,0,0,0,0,0,0
fer0009705.png,1,0,1,0,7,0,0,0,1,0
fer0009706.png,0,0,0,1,8,1,0,0,0,0
fer0009707.png,0,0,2,0,2,3,0,2,1,0
fer0009708.png,0,1,0,7,1,0,0,0,1,0
fer0009709.png,5,0,0,0,2,0,0,0,3,0
fer0009710.png,5,5,0,0,0,0,0,0,0,0
fer0009711.png,4,0,0,1,5,0,0,0,0,0
fer0009712.png,2,0,0,0,4,2,0,0,2,0
fer0009713.png,4,0,0,3,0,1,0,1,1,0
fer0009714.png,0,10,0,0,0,0,0,0,0,0
fer0009715.png,5,0,0,1,2,1,0,0,1,0
fer0009716.png,0,0,10,0,0,0,0,0,0,0
fer0009717.png,7,0,0,2,0,0,0,1,0,0
fer0009718.png,3,7,0,0,0,0,0,0,0,0
fer0009719.png,5,0,0,0,5,0,0,0,0,0
fer0009720.png,0,1,0,0,8,0,0,1,0,0
fer0009721.png,3,0,0,6,0,1,0,0,0,0
fer0009722.png,1,1,0,1,5,2,0,0,0,0
fer0009723.png,0,6,4,0,0,0,0,0,0,0
fer0009724.png,0,0,2,4,0,0,4,0,0,0
fer0009725.png,2,0,1,2,0,1,0,0,4,0
fer0009726.png,1,0,0,0,8,0,0,0,1,0
fer0009727.png,0,1,0,0,8,1,0,0,0,0
fer0009728.png,7,2,0,1,0,0,0,0,0,0
fer0009729.png,6,0,0,0,2,0,0,1,1,0
fer0009730.png,2,0,0,8,0,0,0,0,0,0
fer0009731.png,10,0,0,0,0,0,0,0,0,0
fer0009732.png,4,0,1,2,0,0,0,1,2,0
fer0009733.png,0,6,4,0,0,0,0,0,0,0
fer0009734.png,6,0,1,2,0,1,0,0,0,0
fer0009735.png,0,0,4,2,0,0,4,0,0,0
fer0009736.png,0,10,0,0,0,0,0,0,0,0
fer0009737.png,0,0,0,10,0,0,0,0,0,0
fer0009738.png,0,10,0,0,0,0,0,0,0,0
fer0009739.png,4,0,0,6,0,0,0,0,0,0
fer0009740.png,0,10,0,0,0,0,0,0,0,0
fer0009741.png,9,0,0,1,0,0,0,0,0,0
fer0009742.png,9,1,0,0,0,0,0,0,0,0
fer0009743.png,0,0,0,10,0,0,0,0,0,0
fer0009744.png,5,1,0,2,0,0,0,2,0,0
fer0009745.png,5,0,0,1,4,0,0,0,0,0
fer0009746.png,0,10,0,0,0,0,0,0,0,0
fer0009747.png,8,2,0,0,0,0,0,0,0,0
fer0009748.png,0,10,0,0,0,0,0,0,0,0
fer0009749.png,0,10,0,0,0,0,0,0,0,0
fer0009750.png,2,5,3,0,0,0,0,0,0,0
fer0009751.png,6,0,0,1,0,0,0,1,2,0
fer0009752.png,0,10,0,0,0,0,0,0,0,0
fer0009753.png,0,10,0,0,0,0,0,0,0,0
fer0009754.png,5,0,0,5,0,0,0,0,0,0
fer0009755.png,0,0,10,0,0,0,0,0,0,0
fer0009756.png,0,0,1,0,8,0,0,0,1,0
fer0009757.png,0,10,0,0,0,0,0,0,0,0
fer0009758.png,1,0,6,0,0,0,2,0,1,0
fer0009759.png,0,0,1,0,7,0,0,0,1,1
fer0009760.png,1,0,9,0,0,0,0,0,0,0
fer0009761.png,0,0,10,0,0,0,0,0,0,0
fer0009762.png,0,1,1,1,7,0,0,0,0,0
fer0009763.png,1,0,8,0,0,0,1,0,0,0
fer0009764.png,1,9,0,0,0,0,0,0,0,0
fer0009765.png,4,0,0,6,0,0,0,0,0,0
fer0009766.png,1,0,5,0,0,0,4,0,0,0
fer0009767.png,9,0,0,0,0,0,0,0,1,0
fer0009768.png,6,0,0,4,0,0,0,0,0,0
fer0009769.png,1,0,5,0,0,0,4,0,0,0
fer0009770.png,2,0,5,0,0,0,1,0,2,0
fer0009771.png,2,0,0,3,5,0,0,0,0,0
fer0009772.png,6,0,0,3,0,0,0,1,0,0
fer0009773.png,2,6,1,0,0,0,0,0,1,0
fer0009774.png,0,2,6,0,0,0,2,0,0,0
fer0009775.png,6,0,0,0,2,1,0,1,0,0
fer0009776.png,3,0,0,7,0,0,0,0,0,0
fer0009777.png,0,0,1,0,8,0,0,0,1,0
fer0009778.png,7,3,0,0,0,0,0,0,0,0
fer0009779.png,0,0,8,0,0,0,2,0,0,0
fer0009780.png,6,0,1,3,0,0,0,0,0,0
fer0009781.png,2,4,0,0,3,1,0,0,0,0
fer0009782.png,0,1,0,8,0,0,1,0,0,0
fer0009783.png,6,0,0,1,2,0,0,0,1,0
fer0009784.png,10,0,0,0,0,0,0,0,0,0
fer0009785.png,2,8,0,0,0,0,0,0,0,0
fer0009786.png,0,1,9,0,0,0,0,0,0,0
fer0009787.png,9,0,0,1,0,0,0,0,0,0
fer0009788.png,0,1,1,1,6,1,0,0,0,0
fer0009789.png,0,10,0,0,0,0,0,0,0,0
fer0009790.png,4,0,0,0,4,0,0,2,0,0
fer0009791.png,0,2,8,0,0,0,0,0,0,0
fer0009792.png,0,10,0,0,0,0,0,0,0,0
fer0009793.png,0,0,0,10,0,0,0,0,0,0
fer0009794.png,0,1,9,0,0,0,0,0,0,0
fer0009795.png,2,0,1,0,4,0,0,0,3,0
fer0009796.png,9,0,0,0,0,1,0,0,0,0
fer0009797.png,3,7,0,0,0,0,0,0,0,0
fer0009798.png,0,10,0,0,0,0,0,0,0,0
fer0009799.png,0,10,0,0,0,0,0,0,0,0
fer0009800.png,0,10,0,0,0,0,0,0,0,0
fer0009801.png,1,3,5,0,0,0,1,0,0,0
fer0009802.png,6,0,0,3,0,1,0,0,0,0
fer0009803.png,0,3,7,0,0,0,0,0,0,0
fer0009804.png,8,0,0,1,0,0,0,0,1,0
fer0009805.png,8,0,0,2,0,0,0,0,0,0
fer0009806.png,1,8,1,0,0,0,0,0,0,0
fer0009807.png,3,7,0,0,0,0,0,0,0,0
fer0009808.png,0,0,7,0,0,0,3,0,0,0
fer0009809.png,3,0,0,7,0,0,0,0,0,0
fer0009810.png,2,8,0,0,0,0,0,0,0,0
fer0009811.png,4,0,0,6,0,0,0,0,0,0
fer0009812.png,1,0,9,0,0,0,0,0,0,0
fer0009813.png,3,6,0,0,0,0,0,1,0,0
fer0009814.png,0,0,0,10,0,0,0,0,0,0
fer0009815.png,0,4,3,0,2,0,0,0,1,0
fer0009816.png,7,0,0,0,3,0,0,0,0,0
fer0009817.png,5,0,0,3,0,2,0,0,0,0
fer0009818.png,0,10,0,0,0,0,0,0,0,0
fer0009819.png,0,7,1,0,0,1,1,0,0,0
fer0009820.png,6,0,0,3,0,0,0,0,1,0
fer0009821.png,0,10,0,0,0,0,0,0,0,0
fer0009822.png,1,1,7,0,1,0,0,0,0,0
fer0009823.png,8,0,0,0,2,0,0,0,0,0
fer0009824.png,6,0,0,1,3,0,0,0,0,0
fer0009825.png,7,1,0,0,0,0,0,2,0,0
fer0009826.png,0,0,10,0,0,0,0,0,0,0
fer0009827.png,4,0,0,5,1,0,0,0,0,0
fer0009828.png,0,10,0,0,0,0,0,0,0,0
fer0009829.png,10,0,0,0,0,0,0,0,0,0
fer0009830.png,10,0,0,0,0,0,0,0,0,0
fer0009831.png,3,5,2,0,0,0,0,0,0,0
fer0009832.png,0,0,9,0,0,0,1,0,0,0
fer0009833.png,0,0,0,8,1,1,0,0,0,0
fer0009834.png,1,0,4,0,0,0,5,0,0,0
fer0009835.png,5,0,0,0,2,1,0,2,0,0
fer0009836.png,9,0,0,1,0,0,0,0,0,0
fer0009837.png,2,0,0,7,0,0,0,0,1,0
fer0009838.png,0,10,0,0,0,0,0,0,0,0
fer0009839.png,6,0,0,3,0,0,0,0,1,0
fer0009840.png,10,0,0,0,0,0,0,0,0,0
fer0009841.png,2,0,0,7,0,0,0,0,1,0
fer0009842.png,0,7,2,0,0,1,0,0,0,0
fer0009843.png,6,0,0,2,0,0,0,0,2,0
fer0009844.png,0,10,0,0,0,0,0,0,0,0
fer0009845.png,0,9,0,0,0,0,0,0,1,0
fer0009846.png,6,0,0,0,3,0,0,0,1,0
fer0009847.png,10,0,0,0,0,0,0,0,0,0
fer0009848.png,0,10,0,0,0,0,0,0,0,0
fer0009849.png,0,0,0,7,1,0,1,0,1,0
fer0009850.png,1,0,0,8,0,0,0,0,1,0
fer0009851.png,2,6,2,0,0,0,0,0,0,0
fer0009852.png,0,0,9,0,0,0,0,0,1,0
fer0009853.png,0,0,9,0,0,0,1,0,0,0
fer0009854.png,9,0,0,1,0,0,0,0,0,0
fer0009855.png,0,10,0,0,0,0,0,0,0,0
fer0009856.png,0,10,0,0,0,0,0,0,0,0
fer0009857.png,8,0,0,1,1,0,0,0,0,0
fer0009858.png,7,0,0,3,0,0,0,0,0,0
fer0009859.png,0,9,1,0,0,0,0,0,0,0
fer0009860.png,0,0,9,0,0,0,1,0,0,0
fer0009861.png,7,0,0,3,0,0,0,0,0,0
fer0009862.png,8,0,0,1,0,0,0,0,0,1
fer0009863.png,0,10,0,0,0,0,0,0,0,0
fer0009864.png,2,0,0,8,0,0,0,0,0,0
fer0009865.png,5,0,1,1,1,0,0,0,2,0
fer0009866.png,0,10,0,0,0,0,0,0,0,0
fer0009867.png,0,0,6,0,0,0,3,0,1,0
fer0009868.png,7,0,0,3,0,0,0,0,0,0
fer0009869.png,0,0,0,9,0,1,0,0,0,0
fer0009870.png,1,8,0,0,0,0,0,0,1,0
fer0009871.png,9,0,0,0,1,0,0,0,0,0
fer0009872.png,0,10,0,0,0,0,0,0,0,0
fer0009873.png,0,0,0,10,0,0,0,0,0,0
fer0009874.png,0,10,0,0,0,0,0,0,0,0
fer0009875.png,4,0,0,1,1,2,0,0,2,0
fer0009876.png,0,10,0,0,0,0,0,0,0,0
fer0009877.png,0,10,0,0,0,0,0,0,0,0
fer0009878.png,4,0,0,6,0,0,0,0,0,0
fer0009879.png,9,1,0,0,0,0,0,0,0,0
fer0009880.png,9,0,0,1,0,0,0,0,0,0
fer0009881.png,2,0,7,0,0,0,1,0,0,0
fer0009882.png,6,0,0,4,0,0,0,0,0,0
fer0009883.png,0,10,0,0,0,0,0,0,0,0
fer0009884.png,1,0,1,0,6,0,0,0,2,0
fer0009885.png,0,0,0,10,0,0,0,0,0,0
fer0009886.png,0,0,0,1,2,6,1,0,0,0
fer0009887.png,0,10,0,0,0,0,0,0,0,0
fer0009888.png,7,0,0,1,0,0,0,1,1,0
fer0009889.png,0,0,0,2,3,2,0,1,2,0
fer0009890.png,8,2,0,0,0,0,0,0,0,0
fer0009891.png,0,0,9,0,0,0,1,0,0,0
fer0009892.png,0,1,2,0,6,0,0,0,1,0
fer0009893.png,4,4,0,0,0,0,0,2,0,0
fer0009894.png,0,10,0,0,0,0,0,0,0,0
fer0009895.png,0,10,0,0,0,0,0,0,0,0
fer0009896.png,4,0,0,2,1,0,0,1,2,0
fer0009897.png,1,0,6,0,0,0,2,0,1,0
fer0009898.png,1,9,0,0,0,0,0,0,0,0
fer0009899.png,8,1,0,1,0,0,0,0,0,0
fer0009900.png,7,0,0,1,1,0,0,1,0,0
fer0009901.png,0,9,0,0,0,0,0,1,0,0
fer0009902.png,1,8,0,0,0,0,0,0,1,0
fer0009903.png,9,0,0,1,0,0,0,0,0,0
fer0009904.png,0,0,1,0,9,0,0,0,0,0
fer0009905.png,0,10,0,0,0,0,0,0,0,0
fer0009906.png,0,2,5,1,1,0,1,0,0,0
fer0009907.png,0,10,0,0,0,0,0,0,0,0
fer0009908.png,0,10,0,0,0,0,0,0,0,0
fer0009909.png,6,0,0,1,0,0,0,3,0,0
fer0009910.png,0,10,0,0,0,0,0,0,0,0
fer0009911.png,7,0,0,2,0,0,0,0,1,0
fer0009912.png,2,0,0,5,0,0,0,0,3,0
fer0009913.png,0,10,0,0,0,0,0,0,0,0
fer0009914.png,0,0,5,1,0,2,1,0,1,0
fer0009915.png,0,0,7,0,1,0,1,0,1,0
fer0009916.png,1,0,1,8,0,0,0,0,0,0
fer0009917.png,0,10,0,0,0,0,0,0,0,0
fer0009918.png,9,0,1,0,0,0,0,0,0,0
fer0009919.png,3,0,0,7,0,0,0,0,0,0
fer0009920.png,0,0,6,0,0,0,4,0,0,0
fer0009921.png,0,5,2,0,2,0,1,0,0,0
fer0009922.png,0,0,10,0,0,0,0,0,0,0
fer0009923.png,7,0,0,1,2,0,0,0,0,0
fer0009924.png,0,0,0,1,0,0,9,0,0,0
fer0009925.png,2,0,2,2,0,0,1,0,3,0
fer0009926.png,0,0,2,0,5,0,1,0,2,0
fer0009927.png,6,2,0,0,1,0,0,0,1,0
fer0009928.png,0,0,9,0,0,0,1,0,0,0
fer0009929.png,1,0,0,0,8,1,0,0,0,0
fer0009930.png,0,9,1,0,0,0,0,0,0,0
fer0009931.png,2,0,0,6,0,0,0,0,2,0
fer0009932.png,0,10,0,0,0,0,0,0,0,0
fer0009933.png,0,10,0,0,0,0,0,0,0,0
fer0009934.png,1,0,5,2,0,0,2,0,0,0
fer0009935.png,8,0,0,2,0,0,0,0,0,0
fer0009936.png,0,1,0,7,1,0,1,0,0,0
fer0009937.png,2,0,1,2,0,0,5,0,0,0
fer0009938.png,0,0,4,0,3,1,1,0,1,0
fer0009939.png,7,0,0,1,0,0,0,0,2,0
fer0009940.png,2,8,0,0,0,0,0,0,0,0
fer0009941.png,7,0,0,0,0,0,0,0,3,0
fer0009942.png,0,0,2,0,0,0,7,0,1,0
fer0009943.png,9,0,0,0,0,0,0,0,1,0
fer0009944.png,1,7,1,0,0,1,0,0,0,0
fer0009945.png,8,0,0,1,0,0,0,0,1,0
fer0009946.png,0,10,0,0,0,0,0,0,0,0
fer0009947.png,7,0,0,2,0,0,0,1,0,0
fer0009948.png,3,6,0,0,0,1,0,0,0,0
fer0009949.png,10,0,0,0,0,0,0,0,0,0
fer0009950.png,0,9,0,1,0,0,0,0,0,0
fer0009951.png,0,10,0,0,0,0,0,0,0,0
fer0009952.png,0,10,0,0,0,0,0,0,0,0
fer0009953.png,6,0,0,3,0,0,0,0,1,0
fer0009954.png,0,2,0,2,4,0,0,0,2,0
fer0009955.png,7,0,0,1,1,0,0,0,1,0
fer0009956.png,1,5,0,0,0,2,0,0,2,0
fer0009957.png,1,0,3,1,0,1,0,0,4,0
fer0009958.png,0,0,9,0,0,0,1,0,0,0
fer0009959.png,10,0,0,0,0,0,0,0,0,0
fer0009960.png,8,0,0,0,1,1,0,0,0,0
fer0009961.png,8,0,0,1,1,0,0,0,0,0
fer0009962.png,0,6,3,0,1,0,0,0,0,0
fer0009963.png,0,0,9,0,0,0,1,0,0,0
fer0009964.png,3,0,6,1,0,0,0,0,0,0
fer0009965.png,0,0,9,0,0,0,1,0,0,0
fer0009966.png,7,0,0,2,0,0,0,0,1,0
fer0009967.png,7,1,1,0,0,0,0,0,1,0
fer0009968.png,10,0,0,0,0,0,0,0,0,0
fer0009969.png,0,1,9,0,0,0,0,0,0,0
fer0009970.png,4,0,0,6,0,0,0,0,0,0
fer0009971.png,8,1,0,1,0,0,0,0,0,0
fer0009972.png,7,1,0,1,0,0,0,0,1,0
fer0009973.png,0,10,0,0,0,0,0,0,0,0
fer0009974.png,0,8,2,0,0,0,0,0,0,0
fer0009975.png,1,0,0,0,9,0,0,0,0,0
fer0009976.png,9,0,0,1,0,0,0,0,0,0
fer0009977.png,2,0,0,0,4,0,0,0,4,0
fer0009978.png,0,9,0,0,0,1,0,0,0,0
fer0009979.png,8,0,0,0,1,0,0,0,1,0
fer0009980.png,2,0,8,0,0,0,0,0,0,0
fer0009981.png,5,1,0,3,0,0,0,0,1,0
fer0009982.png,2,0,5,0,0,0,1,0,2,0
fer0009983.png,7,0,1,2,0,0,0,0,0,0
fer0009984.png,0,0,9,0,0,0,0,0,1,0
fer0009985.png,0,0,8,0,1,0,1,0,0,0
fer0009986.png,0,0,10,0,0,0,0,0,0,0
fer0009987.png,10,0,0,0,0,0,0,0,0,0
fer0009988.png,4,0,2,2,0,0,0,0,2,0
fer0009989.png,0,7,0,0,2,0,0,0,1,0
fer0009990.png,9,0,0,0,0,0,0,0,1,0
fer0009991.png,3,0,0,1,2,4,0,0,0,0
fer0009992.png,0,10,0,0,0,0,0,0,0,0
fer0009993.png,3,0,0,5,0,0,0,0,2,0
fer0009994.png,4,0,1,3,0,0,0,1,1,0
fer0009995.png,0,0,0,10,0,0,0,0,0,0
fer0009996.png,9,0,0,0,0,0,0,1,0,0
fer0009997.png,1,0,0,8,0,0,0,1,0,0
fer0009998.png,6,1,0,0,0,0,0,0,3,0
fer0009999.png,5,0,0,5,0,0,0,0,0,0
fer0010000.png,4,0,0,4,1,1,0,0,0,0
fer0010001.png,0,0,5,0,0,0,5,0,0,0
fer0010002.png,2,8,0,0,0,0,0,0,0,0
fer0010003.png,1,0,0,9,0,0,0,0,0,0
fer0010004.png,2,0,2,5,0,0,0,0,1,0
fer0010005.png,10,0,0,0,0,0,0,0,0,0
fer0010006.png,6,0,0,3,0,0,0,0,1,0
fer0010007.png,0,10,0,0,0,0,0,0,0,0
fer0010008.png,7,0,0,2,0,0,0,0,1,0
fer0010009.png,7,0,0,1,2,0,0,0,0,0
fer0010010.png,1,0,0,0,7,1,1,0,0,0
fer0010011.png,1,9,0,0,0,0,0,0,0,0
fer0010012.png,6,0,0,2,0,0,0,1,1,0
fer0010013.png,0,10,0,0,0,0,0,0,0,0
fer0010014.png,1,9,0,0,0,0,0,0,0,0
fer0010015.png,1,0,1,0,4,0,1,0,3,0
fer0010016.png,0,0,0,4,0,0,6,0,0,0
fer0010017.png,10,0,0,0,0,0,0,0,0,0
fer0010018.png,1,9,0,0,0,0,0,0,0,0
fer0010019.png,0,1,4,0,1,0,4,0,0,0
fer0010020.png,7,0,0,2,0,0,0,0,1,0
fer0010021.png,7,0,1,2,0,0,0,0,0,0
fer0010022.png,0,9,0,0,0,0,0,0,0,1
fer0010023.png,6,0,0,2,0,1,0,0,1,0
fer0010024.png,1,0,0,0,8,0,0,0,1,0
fer0010025.png,0,1,0,5,0,1,0,0,3,0
fer0010026.png,10,0,0,0,0,0,0,0,0,0
fer0010027.png,2,0,0,8,0,0,0,0,0,0
fer0010028.png,0,0,9,0,0,0,1,0,0,0
fer0010029.png,2,4,0,0,0,1,0,1,2,0
fer0010030.png,7,0,0,2,0,1,0,0,0,0
fer0010031.png,7,0,0,2,0,0,0,0,1,0
fer0010032.png,0,10,0,0,0,0,0,0,0,0
fer0010033.png,1,0,9,0,0,0,0,0,0,0
fer0010034.png,5,5,0,0,0,0,0,0,0,0
fer0010035.png,0,0,0,0,9,0,1,0,0,0
fer0010036.png,8,0,0,0,0,0,0,0,2,0
fer0010037.png,3,0,0,5,0,0,1,0,1,0
fer0010038.png,1,8,0,1,0,0,0,0,0,0
fer0010039.png,0,0,0,2,0,0,6,0,2,0
fer0010040.png,5,0,1,3,0,0,0,0,1,0
fer0010041.png,3,0,0,0,4,1,0,0,2,0
fer0010042.png,8,0,0,1,0,0,0,0,1,0
fer0010043.png,0,10,0,0,0,0,0,0,0,0
fer0010044.png,1,0,0,6,0,0,0,0,3,0
fer0010045.png,8,0,0,1,0,0,0,0,1,0
fer0010046.png,0,10,0,0,0,0,0,0,0,0
fer0010047.png,7,0,0,1,0,1,0,0,1,0
fer0010048.png,2,0,3,1,1,0,1,2,0,0
fer0010049.png,4,0,0,2,0,0,0,4,0,0
fer0010050.png,4,0,0,5,0,0,0,1,0,0
fer0010051.png,2,0,1,1,5,0,0,0,1,0
fer0010052.png,0,0,9,0,0,0,0,0,1,0
fer0010053.png,3,0,0,5,0,0,0,1,1,0
fer0010054.png,0,1,7,0,0,0,2,0,0,0
fer0010055.png,2,8,0,0,0,0,0,0,0,0
fer0010056.png,7,0,1,1,0,0,0,1,0,0
fer0010057.png,9,0,0,0,0,0,0,0,1,0
fer0010058.png,5,0,0,4,0,0,0,0,1,0
fer0010059.png,1,0,8,0,0,0,1,0,0,0
fer0010060.png,9,0,0,1,0,0,0,0,0,0
fer0010061.png,0,0,0,9,1,0,0,0,0,0
fer0010062.png,2,0,3,2,0,0,1,0,2,0
fer0010063.png,6,3,0,1,0,0,0,0,0,0
fer0010064.png,0,10,0,0,0,0,0,0,0,0
fer0010065.png,8,0,0,1,0,0,0,0,1,0
fer0010066.png,0,10,0,0,0,0,0,0,0,0
fer0010067.png,8,0,0,0,2,0,0,0,0,0
fer0010068.png,0,10,0,0,0,0,0,0,0,0
fer0010069.png,8,0,0,1,0,0,0,0,1,0
fer0010070.png,0,10,0,0,0,0,0,0,0,0
fer0010071.png,8,0,0,2,0,0,0,0,0,0
fer0010072.png,2,0,0,7,1,0,0,0,0,0
fer0010073.png,4,6,0,0,0,0,0,0,0,0
fer0010074.png,1,8,0,0,0,0,0,0,1,0
fer0010075.png,10,0,0,0,0,0,0,0,0,0
fer0010076.png,0,10,0,0,0,0,0,0,0,0
fer0010077.png,6,2,0,0,0,0,0,2,0,0
fer0010078.png,0,10,0,0,0,0,0,0,0,0
fer0010079.png,3,0,4,1,0,0,1,0,1,0
fer0010080.png,6,0,0,0,0,0,0,0,4,0
fer0010081.png,8,0,1,0,0,0,0,0,1,0
fer0010082.png,7,0,0,3,0,0,0,0,0,0
fer0010083.png,0,10,0,0,0,0,0,0,0,0
fer0010084.png,0,0,0,1,0,8,0,0,1,0
fer0010085.png,8,0,0,0,0,0,1,0,1,0
fer0010086.png,1,0,0,6,0,0,0,0,3,0
fer0010087.png,0,1,0,1,1,2,1,1,3,0
fer0010088.png,0,0,0,9,1,0,0,0,0,0
fer0010089.png,6,1,1,0,0,1,0,0,1,0
fer0010090.png,7,0,0,0,0,0,1,0,2,0
fer0010091.png,8,2,0,0,0,0,0,0,0,0
fer0010092.png,0,10,0,0,0,0,0,0,0,0
fer0010093.png,0,0,2,0,7,0,1,0,0,0
fer0010094.png,4,0,0,1,0,3,0,1,1,0
fer0010095.png,1,0,0,5,1,0,3,0,0,0
fer0010096.png,0,10,0,0,0,0,0,0,0,0
fer0010097.png,1,0,0,0,2,2,3,2,0,0
fer0010098.png,0,10,0,0,0,0,0,0,0,0
fer0010099.png,7,0,0,1,0,0,0,0,2,0
fer0010100.png,7,0,0,2,0,0,0,1,0,0
fer0010101.png,9,0,0,1,0,0,0,0,0,0
fer0010102.png,9,0,0,0,0,0,0,0,1,0
fer0010103.png,6,0,0,4,0,0,0,0,0,0
fer0010104.png,5,0,0,3,1,0,0,0,1,0
fer0010105.png,7,0,0,3,0,0,0,0,0,0
fer0010106.png,9,0,0,0,0,0,0,0,1,0
fer0010107.png,0,10,0,0,0,0,0,0,0,0
fer0010108.png,2,0,5,2,1,0,0,0,0,0
fer0010109.png,2,0,0,4,3,0,0,1,0,0
fer0010110.png,0,10,0,0,0,0,0,0,0,0
fer0010111.png,0,10,0,0,0,0,0,0,0,0
fer0010112.png,9,1,0,0,0,0,0,0,0,0
fer0010113.png,0,0,7,0,0,0,2,0,1,0
fer0010114.png,2,2,0,0,5,0,0,0,1,0
fer0010115.png,8,0,0,1,0,0,0,1,0,0
fer0010116.png,1,0,9,0,0,0,0,0,0,0
fer0010117.png,0,10,0,0,0,0,0,0,0,0
fer0010118.png,3,3,0,0,0,1,0,0,3,0
fer0010119.png,6,0,0,3,0,0,0,0,1,0
fer0010120.png,6,0,0,2,0,0,1,0,1,0
fer0010121.png,2,0,0,6,0,0,1,0,1,0
fer0010122.png,4,0,1,0,0,0,0,1,4,0
fer0010123.png,0,10,0,0,0,0,0,0,0,0
fer0010124.png,4,0,0,5,0,0,0,0,1,0
fer0010125.png,0,9,1,0,0,0,0,0,0,0
fer0010126.png,0,0,1,0,9,0,0,0,0,0
fer0010127.png,1,0,0,0,8,0,1,0,0,0
fer0010128.png,7,1,0,1,0,0,0,1,0,0
fer0010129.png,7,2,0,0,0,0,0,1,0,0
fer0010130.png,8,0,0,1,0,0,0,0,1,0
fer0010131.png,0,10,0,0,0,0,0,0,0,0
fer0010132.png,0,10,0,0,0,0,0,0,0,0
fer0010133.png,0,10,0,0,0,0,0,0,0,0
fer0010134.png,2,1,6,0,0,0,0,0,1,0
fer0010135.png,0,0,0,0,9,0,0,0,1,0
fer0010136.png,8,0,0,0,1,0,0,0,1,0
fer0010137.png,2,0,0,7,0,0,0,0,1,0
fer0010138.png,2,8,0,0,0,0,0,0,0,0
fer0010139.png,8,0,0,1,0,0,0,0,1,0
fer0010140.png,0,10,0,0,0,0,0,0,0,0
fer0010141.png,1,0,0,5,0,1,2,0,1,0
fer0010142.png,0,1,4,0,2,0,3,0,0,0
fer0010143.png,7,2,0,0,0,0,0,0,1,0
fer0010144.png,7,0,0,3,0,0,0,0,0,0
fer0010145.png,6,0,0,2,0,0,0,0,2,0
fer0010146.png,5,2,0,2,0,0,0,0,1,0
fer0010147.png,9,0,1,0,0,0,0,0,0,0
fer0010148.png,0,0,0,10,0,0,0,0,0,0
fer0010149.png,10,0,0,0,0,0,0,0,0,0
fer0010150.png,0,0,1,0,8,0,1,0,0,0
fer0010151.png,6,0,0,3,1,0,0,0,0,0
fer0010152.png,8,0,0,1,0,0,0,1,0,0
fer0010153.png,2,0,0,0,7,1,0,0,0,0
fer0010154.png,4,6,0,0,0,0,0,0,0,0
fer0010155.png,2,0,1,2,1,0,2,1,1,0
fer0010156.png,1,0,8,0,0,0,0,1,0,0
fer0010157.png,0,1,8,0,0,0,1,0,0,0
fer0010158.png,0,10,0,0,0,0,0,0,0,0
fer0010159.png,0,10,0,0,0,0,0,0,0,0
fer0010160.png,2,0,0,8,0,0,0,0,0,0
fer0010161.png,3,0,0,4,0,0,0,1,2,0
fer0010162.png,9,0,0,1,0,0,0,0,0,0
fer0010163.png,1,0,6,2,0,0,0,0,1,0
fer0010164.png,2,0,0,0,7,0,0,1,0,0
fer0010165.png,0,10,0,0,0,0,0,0,0,0
fer0010166.png,0,10,0,0,0,0,0,0,0,0
fer0010167.png,9,0,0,0,1,0,0,0,0,0
fer0010168.png,0,1,4,0,4,0,0,0,1,0
fer0010169.png,8,0,0,1,0,0,0,1,0,0
fer0010170.png,0,9,1,0,0,0,0,0,0,0
fer0010171.png,9,1,0,0,0,0,0,0,0,0
fer0010172.png,1,0,3,0,1,0,0,0,5,0
fer0010173.png,1,0,2,0,2,0,5,0,0,0
fer0010174.png,1,0,0,0,8,0,0,0,1,0
fer0010175.png,0,10,0,0,0,0,0,0,0,0
fer0010176.png,4,4,0,0,0,0,0,0,2,0
fer0010177.png,4,1,0,5,0,0,0,0,0,0
fer0010178.png,10,0,0,0,0,0,0,0,0,0
fer0010179.png,1,0,0,0,7,2,0,0,0,0
fer0010180.png,0,0,7,0,0,0,3,0,0,0
fer0010181.png,0,0,9,0,0,0,1,0,0,0
fer0010182.png,7,0,0,3,0,0,0,0,0,0
fer0010183.png,0,0,4,1,3,0,2,0,0,0
fer0010184.png,1,6,0,0,0,0,2,0,1,0
fer0010185.png,1,0,8,0,0,0,1,0,0,0
fer0010186.png,6,0,0,2,0,0,0,2,0,0
fer0010187.png,2,0,0,0,7,0,0,1,0,0
fer0010188.png,9,1,0,0,0,0,0,0,0,0
fer0010189.png,10,0,0,0,0,0,0,0,0,0
fer0010190.png,0,9,0,0,0,0,0,1,0,0
fer0010191.png,3,0,0,1,0,0,0,2,4,0
fer0010192.png,1,0,0,8,0,0,0,0,1,0
fer0010193.png,0,10,0,0,0,0,0,0,0,0
fer0010194.png,8,0,0,0,0,0,0,2,0,0
fer0010195.png,6,0,0,0,0,1,0,2,1,0
fer0010196.png,0,10,0,0,0,0,0,0,0,0
fer0010197.png,7,0,0,0,0,1,0,2,0,0
fer0010198.png,1,0,0,0,8,0,0,0,1,0
fer0010199.png,1,3,6,0,0,0,0,0,0,0
fer0010200.png,0,10,0,0,0,0,0,0,0,0
fer0010201.png,0,10,0,0,0,0,0,0,0,0
fer0010202.png,3,1,0,4,0,0,0,0,2,0
fer0010203.png,2,8,0,0,0,0,0,0,0,0
fer0010204.png,1,0,5,0,2,0,1,0,1,0
fer0010205.png,10,0,0,0,0,0,0,0,0,0
fer0010206.png,6,0,0,2,0,0,0,1,1,0
fer0010207.png,7,3,0,0,0,0,0,0,0,0
fer0010208.png,5,0,0,0,3,1,0,1,0,0
fer0010209.png,0,10,0,0,0,0,0,0,0,0
fer0010210.png,1,2,1,3,2,0,0,0,1,0
fer0010211.png,10,0,0,0,0,0,0,0,0,0
fer0010212.png,5,0,0,1,0,1,0,0,3,0
fer0010213.png,0,0,5,0,1,0,4,0,0,0
fer0010214.png,1,0,2,0,7,0,0,0,0,0
fer0010215.png,1,9,0,0,0,0,0,0,0,0
fer0010216.png,5,1,1,1,0,0,2,0,0,0
fer0010217.png,7,0,0,3,0,0,0,0,0,0
fer0010218.png,2,0,8,0,0,0,0,0,0,0
fer0010219.png,9,1,0,0,0,0,0,0,0,0
fer0010220.png,0,9,1,0,0,0,0,0,0,0
fer0010221.png,0,0,10,0,0,0,0,0,0,0
fer0010222.png,6,0,0,0,4,0,0,0,0,0
fer0010223.png,0,0,0,6,3,1,0,0,0,0
fer0010224.png,8,0,0,0,0,0,0,0,2,0
fer0010225.png,2,1,0,1,0,0,0,6,0,0
fer0010226.png,3,0,0,1,3,2,0,1,0,0
fer0010227.png,0,0,1,8,0,0,1,0,0,0
fer0010228.png,0,4,5,0,0,0,1,0,0,0
fer0010229.png,1,9,0,0,0,0,0,0,0,0
fer0010230.png,3,1,0,0,0,0,0,0,6,0
fer0010231.png,0,0,9,0,0,0,1,0,0,0
fer0010232.png,0,6,4,0,0,0,0,0,0,0
fer0010233.png,0,0,9,1,0,0,0,0,0,0
fer0010234.png,1,0,2,0,7,0,0,0,0,0
fer0010235.png,9,1,0,0,0,0,0,0,0,0
fer0010236.png,6,0,0,2,1,0,0,1,0,0
fer0010237.png,3,1,0,1,4,0,0,1,0,0
fer0010238.png,8,0,0,1,0,0,0,0,1,0
fer0010239.png,2,0,0,4,0,0,3,0,1,0
fer0010240.png,0,10,0,0,0,0,0,0,0,0
fer0010241.png,6,0,3,1,0,0,0,0,0,0
fer0010242.png,0,10,0,0,0,0,0,0,0,0
fer0010243.png,10,0,0,0,0,0,0,0,0,0
fer0010244.png,0,10,0,0,0,0,0,0,0,0
fer0010245.png,10,0,0,0,0,0,0,0,0,0
fer0010246.png,4,0,2,2,0,0,0,0,2,0
fer0010247.png,8,0,0,1,0,0,0,0,1,0
fer0010248.png,0,10,0,0,0,0,0,0,0,0
fer0010249.png,0,10,0,0,0,0,0,0,0,0
fer0010250.png,1,0,1,0,5,0,2,0,1,0
fer0010251.png,1,1,0,7,0,0,0,0,0,1
fer0010252.png,0,9,0,0,0,0,0,1,0,0
fer0010253.png,7,0,0,3,0,0,0,0,0,0
fer0010254.png,0,0,8,0,0,0,2,0,0,0
fer0010255.png,0,10,0,0,0,0,0,0,0,0
fer0010256.png,2,3,3,0,0,1,0,1,0,0
fer0010257.png,1,0,1,3,1,0,3,0,1,0
fer0010258.png,2,0,0,0,5,1,0,2,0,0
fer0010259.png,0,2,7,0,0,0,1,0,0,0
fer0010260.png,6,1,1,1,1,0,0,0,0,0
fer0010261.png,4,0,0,6,0,0,0,0,0,0
fer0010262.png,0,10,0,0,0,0,0,0,0,0
fer0010263.png,0,9,0,0,0,0,0,0,1,0
fer0010264.png,7,0,0,1,1,0,0,0,1,0
fer0010265.png,7,0,0,1,0,0,0,0,2,0
fer0010266.png,10,0,0,0,0,0,0,0,0,0
fer0010267.png,0,10,0,0,0,0,0,0,0,0
fer0010268.png,6,0,0,3,0,0,0,0,1,0
fer0010269.png,0,2,0,4,1,1,0,0,2,0
fer0010270.png,0,9,1,0,0,0,0,0,0,0
fer0010271.png,5,0,0,5,0,0,0,0,0,0
fer0010272.png,1,0,2,2,0,0,4,0,1,0
fer0010273.png,6,0,0,4,0,0,0,0,0,0
fer0010274.png,3,0,0,1,0,0,0,6,0,0
fer0010275.png,1,0,1,0,5,0,3,0,0,0
fer0010276.png,5,0,0,1,0,1,0,0,3,0
fer0010277.png,0,2,0,7,0,0,0,1,0,0
fer0010278.png,0,0,8,0,1,0,1,0,0,0
fer0010279.png,0,10,0,0,0,0,0,0,0,0
fer0010280.png,5,1,0,1,0,0,0,2,1,0
fer0010281.png,9,0,0,1,0,0,0,0,0,0
fer0010282.png,0,3,0,0,6,0,0,0,1,0
fer0010283.png,0,2,0,8,0,0,0,0,0,0
fer0010284.png,0,9,0,0,0,1,0,0,0,0
fer0010285.png,6,0,0,3,0,0,0,0,1,0
fer0010286.png,0,10,0,0,0,0,0,0,0,0
fer0010287.png,9,0,0,0,1,0,0,0,0,0
fer0010288.png,0,1,0,1,3,1,1,0,3,0
fer0010289.png,0,10,0,0,0,0,0,0,0,0
fer0010290.png,0,9,0,0,0,0,0,0,1,0
fer0010291.png,0,0,7,0,0,0,2,1,0,0
fer0010292.png,7,0,0,1,0,0,0,0,2,0
fer0010293.png,5,1,0,3,1,0,0,0,0,0
fer0010294.png,7,2,0,0,0,0,0,1,0,0
fer0010295.png,9,0,0,1,0,0,0,0,0,0
fer0010296.png,2,0,4,0,0,1,3,0,0,0
fer0010297.png,1,3,2,0,0,0,0,0,4,0
fer0010298.png,0,6,2,0,2,0,0,0,0,0
fer0010299.png,1,9,0,0,0,0,0,0,0,0
fer0010300.png,1,0,0,7,0,0,0,0,2,0
fer0010301.png,6,0,0,1,0,0,0,2,1,0
fer0010302.png,6,0,0,3,1,0,0,0,0,0
fer0010303.png,0,10,0,0,0,0,0,0,0,0
fer0010304.png,4,0,0,5,0,1,0,0,0,0
fer0010305.png,1,0,6,0,0,0,3,0,0,0
fer0010306.png,9,0,0,1,0,0,0,0,0,0
fer0010307.png,0,0,3,1,1,0,5,0,0,0
fer0010308.png,3,1,2,0,1,2,0,1,0,0
fer0010309.png,0,0,10,0,0,0,0,0,0,0
fer0010310.png,2,0,0,1,3,0,0,1,3,0
fer0010311.png,7,0,0,3,0,0,0,0,0,0
fer0010312.png,6,0,0,2,0,0,0,0,2,0
fer0010313.png,0,7,3,0,0,0,0,0,0,0
fer0010314.png,0,0,7,0,0,0,3,0,0,0
fer0010315.png,0,10,0,0,0,0,0,0,0,0
fer0010316.png,0,9,1,0,0,0,0,0,0,0
fer0010317.png,0,10,0,0,0,0,0,0,0,0
fer0010318.png,7,0,0,1,0,1,0,0,1,0
fer0010319.png,0,10,0,0,0,0,0,0,0,0
fer0010320.png,0,0,0,0,7,0,1,0,2,0
fer0010321.png,0,10,0,0,0,0,0,0,0,0
fer0010322.png,8,0,0,2,0,0,0,0,0,0
fer0010323.png,0,10,0,0,0,0,0,0,0,0
fer0010324.png,2,0,0,8,0,0,0,0,0,0
fer0010325.png,10,0,0,0,0,0,0,0,0,0
fer0010326.png,9,0,0,1,0,0,0,0,0,0
fer0010327.png,1,0,2,3,0,0,4,0,0,0
fer0010328.png,0,0,8,0,0,0,2,0,0,0
fer0010329.png,2,2,5,0,0,0,1,0,0,0
fer0010330.png,3,0,1,6,0,0,0,0,0,0
fer0010331.png,3,0,0,2,4,0,0,1,0,0
fer0010332.png,0,0,10,0,0,0,0,0,0,0
fer0010333.png,9,1,0,0,0,0,0,0,0,0
fer0010334.png,0,10,0,0,0,0,0,0,0,0
fer0010335.png,4,0,1,1,2,0,0,1,1,0
fer0010336.png,6,0,0,2,1,0,0,0,1,0
fer0010337.png,0,2,7,0,0,0,1,0,0,0
fer0010338.png,2,8,0,0,0,0,0,0,0,0
fer0010339.png,0,10,0,0,0,0,0,0,0,0
fer0010340.png,0,10,0,0,0,0,0,0,0,0
fer0010341.png,2,1,0,5,0,1,0,0,1,0
fer0010342.png,0,10,0,0,0,0,0,0,0,0
fer0010343.png,0,1,1,0,8,0,0,0,0,0
fer0010344.png,7,0,1,0,0,0,0,1,1,0
fer0010345.png,2,0,0,4,2,0,2,0,0,0
fer0010346.png,1,0,8,0,0,0,1,0,0,0
fer0010347.png,0,6,0,1,0,1,0,0,2,0
fer0010348.png,0,9,0,1,0,0,0,0,0,0
fer0010349.png,8,0,0,1,0,0,0,0,1,0
fer0010350.png,1,0,0,0,9,0,0,0,0,0
fer0010351.png,6,0,0,2,0,0,0,2,0,0
fer0010352.png,8,0,0,1,1,0,0,0,0,0
fer0010353.png,9,0,0,0,0,0,0,0,1,0
fer0010354.png,2,0,0,0,4,3,0,0,1,0
fer0010355.png,5,0,0,2,0,0,1,1,1,0
fer0010356.png,0,0,7,0,1,0,2,0,0,0
fer0010357.png,4,0,2,0,0,1,1,0,2,0
fer0010358.png,4,0,0,1,0,0,0,0,5,0
fer0010359.png,1,9,0,0,0,0,0,0,0,0
fer0010360.png,8,0,0,1,1,0,0,0,0,0
fer0010361.png,6,0,0,4,0,0,0,0,0,0
fer0010362.png,6,0,0,4,0,0,0,0,0,0
fer0010363.png,8,0,1,1,0,0,0,0,0,0
fer0010364.png,2,0,6,0,0,0,1,0,1,0
fer0010365.png,3,7,0,0,0,0,0,0,0,0
fer0010366.png,2,0,1,1,4,0,0,0,2,0
fer0010367.png,0,0,5,1,0,0,1,0,3,0
fer0010368.png,0,0,1,0,8,0,0,0,1,0
fer0010369.png,1,0,0,6,1,0,1,0,1,0
fer0010370.png,0,10,0,0,0,0,0,0,0,0
fer0010371.png,0,2,6,0,0,0,2,0,0,0
fer0010372.png,0,10,0,0,0,0,0,0,0,0
fer0010373.png,4,0,0,3,2,0,0,1,0,0
fer0010374.png,0,1,9,0,0,0,0,0,0,0
fer0010375.png,3,5,0,0,1,0,0,0,1,0
fer0010376.png,4,0,0,4,0,0,0,0,2,0
fer0010377.png,1,0,0,5,2,0,0,0,2,0
fer0010378.png,9,0,0,1,0,0,0,0,0,0
fer0010379.png,1,5,0,3,0,0,0,1,0,0
fer0010380.png,0,0,8,0,1,0,1,0,0,0
fer0010381.png,6,1,2,0,0,0,0,0,1,0
fer0010382.png,1,0,9,0,0,0,0,0,0,0
fer0010383.png,1,0,8,0,0,0,1,0,0,0
fer0010384.png,8,0,0,2,0,0,0,0,0,0
fer0010385.png,1,0,0,1,0,0,7,1,0,0
fer0010386.png,0,0,0,9,0,0,1,0,0,0
fer0010387.png,7,0,0,1,2,0,0,0,0,0
fer0010388.png,6,0,0,3,1,0,0,0,0,0
fer0010389.png,0,8,2,0,0,0,0,0,0,0
fer0010390.png,0,10,0,0,0,0,0,0,0,0
fer0010391.png,3,0,0,0,0,0,0,1,6,0
fer0010392.png,0,0,2,0,8,0,0,0,0,0
fer0010393.png,6,0,0,3,0,0,0,0,1,0
fer0010394.png,0,10,0,0,0,0,0,0,0,0
fer0010395.png,0,10,0,0,0,0,0,0,0,0
fer0010396.png,9,0,0,0,0,0,0,0,1,0
fer0010397.png,2,0,0,0,5,3,0,0,0,0
fer0010398.png,0,10,0,0,0,0,0,0,0,0
fer0010399.png,0,10,0,0,0,0,0,0,0,0
fer0010400.png,10,0,0,0,0,0,0,0,0,0
fer0010401.png,0,0,0,0,6,2,1,0,1,0
fer0010402.png,6,0,0,0,4,0,0,0,0,0
fer0010403.png,0,10,0,0,0,0,0,0,0,0
fer0010404.png,0,0,4,1,0,0,5,0,0,0
fer0010405.png,5,0,0,4,0,0,0,0,1,0
fer0010406.png,4,0,0,0,0,3,1,0,1,0
fer0010407.png,0,10,0,0,0,0,0,0,0,0
fer0010408.png,1,0,0,8,0,0,0,0,1,0
fer0010409.png,0,10,0,0,0,0,0,0,0,0
fer0010410.png,1,0,0,0,8,0,1,0,0,0
fer0010411.png,1,0,1,0,8,0,0,0,0,0
fer0010412.png,7,0,0,0,2,0,0,0,1,0
fer0010413.png,6,1,0,3,0,0,0,0,0,0
fer0010414.png,0,0,0,9,1,0,0,0,0,0
fer0010415.png,2,0,8,0,0,0,0,0,0,0
fer0010416.png,7,0,0,2,0,0,0,0,1,0
fer0010417.png,3,0,7,0,0,0,0,0,0,0
fer0010418.png,0,10,0,0,0,0,0,0,0,0
fer0010419.png,7,0,0,1,1,0,0,1,0,0
fer0010420.png,1,9,0,0,0,0,0,0,0,0
fer0010421.png,1,0,2,1,1,0,3,0,2,0
fer0010422.png,5,0,0,1,1,0,0,0,3,0
fer0010423.png,4,3,0,2,0,0,0,0,1,0
fer0010424.png,6,0,0,1,3,0,0,0,0,0
fer0010425.png,3,0,0,6,0,0,0,1,0,0
fer0010426.png,8,0,0,1,0,0,0,1,0,0
fer0010427.png,9,0,0,0,0,0,0,0,1,0
fer0010428.png,7,0,0,0,0,0,0,1,2,0
fer0010429.png,7,0,0,1,0,0,0,1,1,0
fer0010430.png,2,0,0,7,0,0,0,0,1,0
fer0010431.png,3,0,0,0,1,0,0,1,5,0
fer0010432.png,0,0,0,10,0,0,0,0,0,0
fer0010433.png,8,0,0,0,2,0,0,0,0,0
fer0010434.png,0,0,1,4,0,0,1,1,3,0
fer0010435.png,0,10,0,0,0,0,0,0,0,0
fer0010436.png,6,3,0,0,0,0,0,0,1,0
fer0010437.png,7,0,0,3,0,0,0,0,0,0
fer0010438.png,0,10,0,0,0,0,0,0,0,0
fer0010439.png,1,4,1,0,2,0,0,0,2,0
fer0010440.png,0,9,0,1,0,0,0,0,0,0
fer0010441.png,1,0,0,2,3,0,3,0,1,0
fer0010442.png,0,6,4,0,0,0,0,0,0,0
fer0010443.png,1,0,0,0,8,0,0,0,1,0
fer0010444.png,0,4,6,0,0,0,0,0,0,0
fer0010445.png,8,0,0,0,2,0,0,0,0,0
fer0010446.png,1,1,0,0,7,1,0,0,0,0
fer0010447.png,2,0,2,0,0,0,6,0,0,0
fer0010448.png,0,10,0,0,0,0,0,0,0,0
fer0010449.png,0,10,0,0,0,0,0,0,0,0
fer0010450.png,9,0,0,0,0,0,0,0,1,0
fer0010451.png,0,10,0,0,0,0,0,0,0,0
fer0010452.png,0,10,0,0,0,0,0,0,0,0
fer0010453.png,5,0,0,4,0,0,0,1,0,0
fer0010454.png,0,10,0,0,0,0,0,0,0,0
fer0010455.png,7,0,0,3,0,0,0,0,0,0
fer0010456.png,0,10,0,0,0,0,0,0,0,0
fer0010457.png,1,0,9,0,0,0,0,0,0,0
fer0010458.png,0,0,0,10,0,0,0,0,0,0
fer0010459.png,5,0,1,3,0,0,0,0,1,0
fer0010460.png,0,0,3,1,0,0,5,0,1,0
fer0010461.png,0,0,3,1,4,0,2,0,0,0
fer0010462.png,1,0,8,0,1,0,0,0,0,0
fer0010463.png,0,10,0,0,0,0,0,0,0,0
fer0010464.png,0,0,5,0,1,0,2,0,2,0
fer0010465.png,6,0,0,3,0,0,0,0,1,0
fer0010466.png,7,0,0,2,0,0,0,0,1,0
fer0010467.png,8,0,0,2,0,0,0,0,0,0
fer0010468.png,2,0,0,0,7,1,0,0,0,0
fer0010469.png,6,0,0,3,0,0,0,1,0,0
fer0010470.png,2,7,1,0,0,0,0,0,0,0
fer0010471.png,0,9,0,1,0,0,0,0,0,0
fer0010472.png,6,0,0,0,0,0,0,1,3,0
fer0010473.png,0,10,0,0,0,0,0,0,0,0
fer0010474.png,3,0,0,6,0,0,0,0,1,0
fer0010475.png,8,0,0,0,1,0,0,0,1,0
fer0010476.png,1,0,6,1,0,0,0,0,2,0
fer0010477.png,1,6,2,0,0,0,0,0,1,0
fer0010478.png,0,0,5,2,0,0,3,0,0,0
fer0010479.png,1,0,4,0,0,0,5,0,0,0
fer0010480.png,0,10,0,0,0,0,0,0,0,0
fer0010481.png,0,0,5,0,4,0,1,0,0,0
fer0010482.png,3,2,0,0,1,2,0,0,2,0
fer0010483.png,8,1,0,0,0,0,0,1,0,0
fer0010484.png,5,0,0,4,0,0,0,0,1,0
fer0010485.png,0,9,0,0,0,0,1,0,0,0
fer0010486.png,0,0,0,9,0,0,0,1,0,0
fer0010487.png,9,0,0,1,0,0,0,0,0,0
fer0010488.png,2,0,4,3,0,0,0,0,1,0
fer0010489.png,7,0,0,2,0,0,0,0,1,0
fer0010490.png,3,0,0,5,1,0,0,0,1,0
fer0010491.png,8,0,0,2,0,0,0,0,0,0
fer0010492.png,1,0,0,0,6,3,0,0,0,0
fer0010493.png,9,0,0,0,0,0,0,0,1,0
fer0010494.png,2,0,0,4,0,0,0,2,2,0
fer0010495.png,0,0,9,0,0,0,1,0,0,0
fer0010496.png,0,10,0,0,0,0,0,0,0,0
fer0010497.png,7,0,0,0,1,0,0,1,1,0
fer0010498.png,0,0,9,0,0,1,0,0,0,0
fer0010499.png,1,9,0,0,0,0,0,0,0,0
fer0010500.png,8,0,0,2,0,0,0,0,0,0
fer0010501.png,4,3,2,0,0,0,0,0,1,0
fer0010502.png,2,0,0,7,0,0,0,0,1,0
fer0010503.png,2,0,0,1,5,1,0,0,1,0
fer0010504.png,6,0,2,0,0,0,0,1,1,0
fer0010505.png,3,0,4,2,0,0,1,0,0,0
fer0010506.png,10,0,0,0,0,0,0,0,0,0
fer0010507.png,8,0,0,1,0,0,0,0,1,0
fer0010508.png,0,10,0,0,0,0,0,0,0,0
fer0010509.png,2,1,0,1,1,1,3,0,1,0
fer0010510.png,3,0,0,6,0,0,0,0,1,0
fer0010511.png,0,10,0,0,0,0,0,0,0,0
fer0010512.png,1,0,0,0,7,1,0,0,1,0
fer0010513.png,0,10,0,0,0,0,0,0,0,0
fer0010514.png,0,10,0,0,0,0,0,0,0,0
fer0010515.png,1,0,0,0,8,0,0,1,0,0
fer0010516.png,1,0,9,0,0,0,0,0,0,0
fer0010517.png,5,1,0,1,0,0,0,1,2,0
fer0010518.png,0,0,0,10,0,0,0,0,0,0
fer0010519.png,1,0,0,5,2,0,0,2,0,0
fer0010520.png,8,1,0,0,0,0,0,0,1,0
fer0010521.png,0,8,2,0,0,0,0,0,0,0
fer0010522.png,3,0,0,3,0,0,0,1,3,0
fer0010523.png,0,10,0,0,0,0,0,0,0,0
fer0010524.png,2,0,0,7,0,0,0,1,0,0
fer0010525.png,0,0,0,0,10,0,0,0,0,0
fer0010526.png,0,10,0,0,0,0,0,0,0,0
fer0010527.png,0,1,8,0,0,0,1,0,0,0
fer0010528.png,5,0,0,3,0,0,0,1,1,0
fer0010529.png,3,0,0,7,0,0,0,0,0,0
fer0010530.png,4,0,0,6,0,0,0,0,0,0
fer0010531.png,6,0,0,3,0,0,0,0,1,0
fer0010532.png,3,0,0,6,0,0,0,0,1,0
fer0010533.png,9,1,0,0,0,0,0,0,0,0
fer0010534.png,3,0,0,0,4,1,0,1,1,0
fer0010535.png,6,0,0,4,0,0,0,0,0,0
fer0010536.png,9,0,0,1,0,0,0,0,0,0
fer0010537.png,1,0,9,0,0,0,0,0,0,0
fer0010538.png,10,0,0,0,0,0,0,0,0,0
fer0010539.png,2,0,3,0,0,0,5,0,0,0
fer0010540.png,7,0,0,3,0,0,0,0,0,0
fer0010541.png,0,10,0,0,0,0,0,0,0,0
fer0010542.png,1,1,8,0,0,0,0,0,0,0
fer0010543.png,1,0,1,5,0,0,2,0,1,0
fer0010544.png,4,0,0,2,3,0,0,1,0,0
fer0010545.png,0,10,0,0,0,0,0,0,0,0
fer0010546.png,4,1,5,0,0,0,0,0,0,0
fer0010547.png,1,0,8,0,0,0,1,0,0,0
fer0010548.png,8,0,0,2,0,0,0,0,0,0
fer0010549.png,0,10,0,0,0,0,0,0,0,0
fer0010550.png,0,0,9,0,0,0,1,0,0,0
fer0010551.png,4,0,3,0,0,0,0,0,3,0
fer0010552.png,10,0,0,0,0,0,0,0,0,0
fer0010553.png,4,0,0,3,1,0,0,0,2,0
fer0010554.png,7,0,1,0,0,0,0,0,2,0
fer0010555.png,8,0,0,2,0,0,0,0,0,0
fer0010556.png,2,0,6,0,0,0,1,0,1,0
fer0010557.png,8,0,0,0,2,0,0,0,0,0
fer0010558.png,0,9,1,0,0,0,0,0,0,0
fer0010559.png,6,0,0,2,0,0,0,0,2,0
fer0010560.png,0,0,0,10,0,0,0,0,0,0
fer0010561.png,0,10,0,0,0,0,0,0,0,0
fer0010562.png,0,0,2,0,1,0,7,0,0,0
fer0010563.png,8,0,0,1,1,0,0,0,0,0
fer0010564.png,0,0,3,1,3,0,2,0,1,0
fer0010565.png,0,10,0,0,0,0,0,0,0,0
fer0010566.png,4,0,2,0,1,0,0,0,3,0
fer0010567.png,10,0,0,0,0,0,0,0,0,0
fer0010568.png,0,10,0,0,0,0,0,0,0,0
fer0010569.png,2,0,0,3,0,0,0,1,4,0
fer0010570.png,0,10,0,0,0,0,0,0,0,0
fer0010571.png,8,0,0,1,1,0,0,0,0,0
fer0010572.png,0,9,0,0,0,0,0,0,1,0
fer0010573.png,0,3,6,0,0,0,1,0,0,0
fer0010574.png,0,1,1,5,1,0,0,1,1,0
fer0010575.png,2,0,0,0,8,0,0,0,0,0
fer0010576.png,1,1,1,2,4,0,0,0,1,0
fer0010577.png,0,0,0,8,2,0,0,0,0,0
fer0010578.png,6,1,0,2,0,0,0,0,1,0
fer0010579.png,0,10,0,0,0,0,0,0,0,0
fer0010580.png,0,9,1,0,0,0,0,0,0,0
fer0010581.png,0,10,0,0,0,0,0,0,0,0
fer0010582.png,1,0,0,7,0,0,0,0,2,0
fer0010583.png,9,0,0,1,0,0,0,0,0,0
fer0010584.png,1,0,1,7,1,0,0,0,0,0
fer0010585.png,3,2,0,1,1,0,0,1,2,0
fer0010586.png,0,10,0,0,0,0,0,0,0,0
fer0010587.png,1,0,0,2,3,2,0,2,0,0
fer0010588.png,0,10,0,0,0,0,0,0,0,0
fer0010589.png,9,0,0,1,0,0,0,0,0,0
fer0010590.png,5,0,0,0,2,2,0,0,1,0
fer0010591.png,5,0,0,5,0,0,0,0,0,0
fer0010592.png,0,10,0,0,0,0,0,0,0,0
fer0010593.png,0,10,0,0,0,0,0,0,0,0
fer0010594.png,0,0,0,0,10,0,0,0,0,0
fer0010595.png,6,0,0,2,2,0,0,0,0,0
fer0010596.png,1,0,7,0,0,0,2,0,0,0
fer0010597.png,2,1,0,0,3,1,0,0,3,0
fer0010598.png,0,6,3,1,0,0,0,0,0,0
fer0010599.png,7,0,0,3,0,0,0,0,0,0
fer0010600.png,0,10,0,0,0,0,0,0,0,0
fer0010601.png,7,2,0,0,0,0,0,0,1,0
fer0010602.png,4,0,0,5,0,0,0,0,1,0
fer0010603.png,1,0,0,9,0,0,0,0,0,0
fer0010604.png,0,0,9,0,0,0,1,0,0,0
fer0010605.png,7,0,0,1,0,0,0,1,1,0
fer0010606.png,0,10,0,0,0,0,0,0,0,0
fer0010607.png,5,0,0,0,2,0,0,2,1,0
fer0010608.png,9,0,0,0,0,0,0,0,1,0
fer0010609.png,0,10,0,0,0,0,0,0,0,0
fer0010610.png,0,10,0,0,0,0,0,0,0,0
fer0010611.png,0,10,0,0,0,0,0,0,0,0
fer0010612.png,7,2,0,0,0,0,0,0,1,0
fer0010613.png,6,0,1,1,0,0,0,0,2,0
fer0010614.png,3,0,5,0,0,0,0,0,2,0
fer0010615.png,4,5,0,0,0,1,0,0,0,0
fer0010616.png,6,1,0,3,0,0,0,0,0,0
fer0010617.png,2,1,0,0,0,3,0,3,1,0
fer0010618.png,1,6,0,1,0,0,0,0,2,0
fer0010619.png,4,1,0,5,0,0,0,0,0,0
fer0010620.png,8,0,0,2,0,0,0,0,0,0
fer0010621.png,7,0,0,2,0,0,0,1,0,0
fer0010622.png,3,0,0,4,2,0,0,0,1,0
fer0010623.png,0,10,0,0,0,0,0,0,0,0
fer0010624.png,8,0,0,0,1,0,0,0,1,0
fer0010625.png,1,9,0,0,0,0,0,0,0,0
fer0010626.png,6,0,0,0,3,0,0,1,0,0
fer0010627.png,2,0,1,0,6,1,0,0,0,0
fer0010628.png,0,0,0,0,0,0,0,0,0,10
fer0010629.png,7,0,0,1,1,0,0,1,0,0
fer0010630.png,9,0,0,0,0,0,0,1,0,0
fer0010631.png,0,10,0,0,0,0,0,0,0,0
fer0010632.png,3,0,0,3,3,0,0,0,1,0
fer0010633.png,4,0,0,6,0,0,0,0,0,0
fer0010634.png,2,0,0,5,0,0,0,0,3,0
fer0010635.png,9,0,0,0,0,0,0,0,1,0
fer0010636.png,0,0,0,8,0,0,0,0,2,0
fer0010637.png,4,1,0,0,1,2,0,1,1,0
fer0010638.png,1,2,0,5,0,0,1,0,1,0
fer0010639.png,0,0,5,0,1,0,4,0,0,0
fer0010640.png,3,1,0,5,1,0,0,0,0,0
fer0010641.png,4,1,0,5,0,0,0,0,0,0
fer0010642.png,4,0,1,3,1,0,0,0,1,0
fer0010643.png,0,0,9,0,0,0,1,0,0,0
fer0010644.png,0,0,3,2,0,0,5,0,0,0
fer0010645.png,6,0,0,4,0,0,0,0,0,0
fer0010646.png,5,0,0,3,1,0,0,1,0,0
fer0010647.png,8,0,0,2,0,0,0,0,0,0
fer0010648.png,9,0,0,0,0,0,0,1,0,0
fer0010649.png,0,10,0,0,0,0,0,0,0,0
fer0010650.png,8,0,0,2,0,0,0,0,0,0
fer0010651.png,0,10,0,0,0,0,0,0,0,0
fer0010652.png,0,10,0,0,0,0,0,0,0,0
fer0010653.png,7,0,0,0,0,0,0,1,2,0
fer0010654.png,0,10,0,0,0,0,0,0,0,0
fer0010655.png,5,4,0,0,0,0,0,1,0,0
fer0010656.png,0,10,0,0,0,0,0,0,0,0
fer0010657.png,1,0,0,9,0,0,0,0,0,0
fer0010658.png,7,0,2,0,0,0,0,0,1,0
fer0010659.png,4,0,0,3,0,0,0,1,2,0
fer0010660.png,10,0,0,0,0,0,0,0,0,0
fer0010661.png,0,10,0,0,0,0,0,0,0,0
fer0010662.png,0,10,0,0,0,0,0,0,0,0
fer0010663.png,3,0,0,3,0,0,0,4,0,0
fer0010664.png,10,0,0,0,0,0,0,0,0,0
fer0010665.png,1,0,0,5,0,1,2,0,1,0
fer0010666.png,2,0,4,0,0,0,4,0,0,0
fer0010667.png,0,10,0,0,0,0,0,0,0,0
fer0010668.png,0,10,0,0,0,0,0,0,0,0
fer0010669.png,0,0,0,3,3,1,1,0,2,0
fer0010670.png,0,0,0,0,8,0,0,0,2,0
fer0010671.png,0,0,8,1,0,0,1,0,0,0
fer0010672.png,0,0,8,0,0,0,2,0,0,0
fer0010673.png,8,0,0,2,0,0,0,0,0,0
fer0010674.png,0,10,0,0,0,0,0,0,0,0
fer0010675.png,7,0,0,1,0,0,0,1,1,0
fer0010676.png,1,1,0,2,2,4,0,0,0,0
fer0010677.png,5,0,0,0,4,0,0,0,1,0
fer0010678.png,1,8,0,0,0,0,0,1,0,0
fer0010679.png,0,10,0,0,0,0,0,0,0,0
fer0010680.png,7,3,0,0,0,0,0,0,0,0
fer0010681.png,0,0,10,0,0,0,0,0,0,0
fer0010682.png,3,0,0,6,0,0,0,0,1,0
fer0010683.png,6,3,0,0,0,0,0,1,0,0
fer0010685.png,8,0,0,0,1,1,0,0,0,0
fer0010686.png,7,0,0,0,2,0,0,0,1,0
fer0010687.png,0,1,0,0,9,0,0,0,0,0
fer0010688.png,9,0,0,1,0,0,0,0,0,0
fer0010689.png,0,2,3,0,3,0,1,0,1,0
fer0010690.png,8,0,0,0,1,0,0,1,0,0
fer0010691.png,8,0,0,1,0,0,0,1,0,0
fer0010692.png,10,0,0,0,0,0,0,0,0,0
fer0010693.png,2,8,0,0,0,0,0,0,0,0
fer0010694.png,0,0,10,0,0,0,0,0,0,0
fer0010695.png,0,10,0,0,0,0,0,0,0,0
fer0010696.png,10,0,0,0,0,0,0,0,0,0
fer0010697.png,8,0,0,0,0,0,0,2,0,0
fer0010698.png,0,9,0,0,0,0,1,0,0,0
fer0010699.png,0,9,0,0,1,0,0,0,0,0
fer0010700.png,0,1,2,0,6,0,1,0,0,0
fer0010701.png,1,8,1,0,0,0,0,0,0,0
fer0010702.png,0,2,0,0,0,1,0,7,0,0
fer0010703.png,5,0,0,1,4,0,0,0,0,0
fer0010704.png,3,7,0,0,0,0,0,0,0,0
fer0010705.png,0,0,9,0,0,0,1,0,0,0
fer0010706.png,1,9,0,0,0,0,0,0,0,0
fer0010707.png,2,2,2,3,0,0,0,0,1,0
fer0010708.png,5,0,0,3,0,0,0,1,1,0
fer0010709.png,5,0,0,5,0,0,0,0,0,0
fer0010710.png,0,10,0,0,0,0,0,0,0,0
fer0010711.png,3,0,0,3,0,0,0,1,3,0
fer0010712.png,5,3,0,0,0,0,0,1,1,0
fer0010713.png,8,0,0,1,0,0,0,0,1,0
fer0010714.png,1,0,0,0,9,0,0,0,0,0
fer0010715.png,1,0,9,0,0,0,0,0,0,0
fer0010716.png,8,0,0,1,0,0,0,0,1,0
fer0010717.png,3,0,1,1,1,0,0,0,4,0
fer0010718.png,5,0,0,2,0,0,0,0,3,0
fer0010719.png,8,0,1,1,0,0,0,0,0,0
fer0010720.png,2,0,7,0,0,0,1,0,0,0
fer0010721.png,8,0,0,1,0,0,0,1,0,0
fer0010722.png,0,0,9,0,0,0,1,0,0,0
fer0010723.png,0,10,0,0,0,0,0,0,0,0
fer0010724.png,7,0,0,3,0,0,0,0,0,0
fer0010725.png,2,0,0,5,0,0,0,0,3,0
fer0010726.png,4,0,1,3,2,0,0,0,0,0
fer0010727.png,4,0,0,5,1,0,0,0,0,0
fer0010728.png,1,0,0,9,0,0,0,0,0,0
fer0010729.png,3,0,0,5,0,0,0,0,2,0
fer0010730.png,0,10,0,0,0,0,0,0,0,0
fer0010731.png,1,0,9,0,0,0,0,0,0,0
fer0010732.png,7,0,0,3,0,0,0,0,0,0
fer0010733.png,0,0,10,0,0,0,0,0,0,0
fer0010734.png,0,9,0,0,0,0,0,0,1,0
fer0010735.png,0,10,0,0,0,0,0,0,0,0
fer0010736.png,2,0,1,4,0,0,0,0,3,0
fer0010737.png,0,10,0,0,0,0,0,0,0,0
fer0010738.png,5,0,0,5,0,0,0,0,0,0
fer0010739.png,0,0,10,0,0,0,0,0,0,0
fer0010740.png,0,0,0,10,0,0,0,0,0,0
fer0010741.png,1,6,1,0,0,0,0,0,2,0
fer0010742.png,4,0,3,1,0,0,0,1,1,0
fer0010743.png,1,5,0,0,1,1,0,0,2,0
fer0010744.png,2,8,0,0,0,0,0,0,0,0
fer0010745.png,9,0,1,0,0,0,0,0,0,0
fer0010746.png,9,0,0,0,0,0,0,0,1,0
fer0010747.png,6,2,0,1,0,0,0,0,1,0
fer0010748.png,1,1,4,1,0,0,0,0,3,0
fer0010749.png,9,0,0,0,0,0,0,0,1,0
fer0010750.png,2,0,7,0,0,0,1,0,0,0
fer0010751.png,0,0,0,9,0,0,1,0,0,0
fer0010752.png,10,0,0,0,0,0,0,0,0,0
fer0010753.png,1,5,2,2,0,0,0,0,0,0
fer0010754.png,0,4,2,0,0,0,3,0,1,0
fer0010755.png,0,10,0,0,0,0,0,0,0,0
fer0010756.png,1,0,0,6,0,2,0,0,1,0
fer0010757.png,6,0,0,0,4,0,0,0,0,0
fer0010758.png,6,0,0,1,0,0,0,0,3,0
fer0010759.png,0,0,8,1,0,0,1,0,0,0
fer0010760.png,0,10,0,0,0,0,0,0,0,0
fer0010761.png,6,0,0,0,1,3,0,0,0,0
fer0010762.png,0,10,0,0,0,0,0,0,0,0
fer0010764.png,6,0,0,2,0,0,0,0,2,0
fer0010765.png,3,0,0,7,0,0,0,0,0,0
fer0010766.png,7,0,0,2,0,0,0,0,1,0
fer0010767.png,0,10,0,0,0,0,0,0,0,0
fer0010768.png,0,0,7,1,0,1,1,0,0,0
fer0010769.png,0,0,0,8,0,1,1,0,0,0
fer0010770.png,0,2,1,0,4,0,2,0,1,0
fer0010771.png,1,0,8,0,0,0,1,0,0,0
fer0010772.png,9,0,0,1,0,0,0,0,0,0
fer0010773.png,8,0,1,1,0,0,0,0,0,0
fer0010774.png,1,1,0,6,0,0,1,1,0,0
fer0010775.png,6,0,0,2,2,0,0,0,0,0
fer0010776.png,10,0,0,0,0,0,0,0,0,0
fer0010777.png,7,1,0,2,0,0,0,0,0,0
fer0010778.png,0,10,0,0,0,0,0,0,0,0
fer0010779.png,6,0,0,2,1,0,0,0,1,0
fer0010780.png,0,10,0,0,0,0,0,0,0,0
fer0010781.png,5,0,0,5,0,0,0,0,0,0
fer0010782.png,1,8,0,0,0,0,0,0,1,0
fer0010783.png,0,0,3,0,7,0,0,0,0,0
fer0010784.png,1,0,7,0,0,0,2,0,0,0
fer0010785.png,1,0,0,1,6,2,0,0,0,0
fer0010786.png,9,0,0,1,0,0,0,0,0,0
fer0010787.png,10,0,0,0,0,0,0,0,0,0
fer0010788.png,9,0,0,1,0,0,0,0,0,0
fer0010789.png,7,0,0,3,0,0,0,0,0,0
fer0010790.png,3,0,0,1,5,0,0,0,1,0
fer0010791.png,1,0,9,0,0,0,0,0,0,0
fer0010792.png,2,0,0,6,2,0,0,0,0,0
fer0010793.png,6,0,0,4,0,0,0,0,0,0
fer0010794.png,5,0,1,0,1,0,0,1,2,0
fer0010795.png,1,0,0,2,5,0,0,0,2,0
fer0010796.png,10,0,0,0,0,0,0,0,0,0
fer0010797.png,0,9,0,0,0,0,0,1,0,0
fer0010798.png,10,0,0,0,0,0,0,0,0,0
fer0010799.png,7,0,0,2,0,0,1,0,0,0
fer0010800.png,5,0,0,5,0,0,0,0,0,0
fer0010801.png,9,0,0,1,0,0,0,0,0,0
fer0010802.png,3,0,0,0,5,1,0,1,0,0
fer0010803.png,6,0,0,2,0,0,0,0,2,0
fer0010804.png,2,0,0,7,0,0,0,0,1,0
fer0010805.png,7,3,0,0,0,0,0,0,0,0
fer0010806.png,2,0,3,3,0,0,0,0,2,0
fer0010807.png,3,0,0,6,0,0,0,0,1,0
fer0010808.png,1,0,8,0,0,0,0,0,1,0
fer0010809.png,0,9,1,0,0,0,0,0,0,0
fer0010810.png,0,2,1,1,5,0,1,0,0,0
fer0010811.png,7,0,0,1,0,0,0,0,2,0
fer0010812.png,7,3,0,0,0,0,0,0,0,0
fer0010813.png,7,0,0,1,0,0,0,0,2,0
fer0010814.png,10,0,0,0,0,0,0,0,0,0
fer0010815.png,1,0,0,8,0,0,1,0,0,0
fer0010816.png,0,0,0,2,7,0,1,0,0,0
fer0010817.png,9,0,0,1,0,0,0,0,0,0
fer0010818.png,1,0,8,0,1,0,0,0,0,0
fer0010819.png,3,6,0,0,0,0,0,1,0,0
fer0010820.png,0,0,8,0,0,0,2,0,0,0
fer0010821.png,0,10,0,0,0,0,0,0,0,0
fer0010822.png,4,0,0,4,0,0,0,0,2,0
fer0010823.png,0,8,1,1,0,0,0,0,0,0
fer0010824.png,1,0,4,0,2,1,2,0,0,0
fer0010825.png,2,0,0,0,8,0,0,0,0,0
fer0010826.png,1,0,6,1,0,0,1,0,1,0
fer0010827.png,0,10,0,0,0,0,0,0,0,0
fer0010828.png,0,1,6,0,0,0,2,0,1,0
fer0010829.png,4,6,0,0,0,0,0,0,0,0
fer0010830.png,9,0,0,1,0,0,0,0,0,0
fer0010831.png,10,0,0,0,0,0,0,0,0,0
fer0010832.png,6,0,0,2,0,0,0,0,2,0
fer0010833.png,6,0,0,2,0,0,0,0,2,0
fer0010834.png,10,0,0,0,0,0,0,0,0,0
fer0010835.png,0,10,0,0,0,0,0,0,0,0
fer0010836.png,6,0,0,2,0,0,0,2,0,0
fer0010837.png,0,0,7,0,0,0,3,0,0,0
fer0010838.png,0,1,1,0,6,0,1,0,1,0
fer0010839.png,2,0,0,5,0,0,0,1,2,0
fer0010840.png,6,0,0,4,0,0,0,0,0,0
fer0010841.png,0,10,0,0,0,0,0,0,0,0
fer0010842.png,9,0,0,0,0,0,0,0,0,1
fer0010843.png,1,9,0,0,0,0,0,0,0,0
fer0010844.png,0,0,10,0,0,0,0,0,0,0
fer0010845.png,0,0,0,0,10,0,0,0,0,0
fer0010846.png,10,0,0,0,0,0,0,0,0,0
fer0010847.png,0,10,0,0,0,0,0,0,0,0
fer0010848.png,0,10,0,0,0,0,0,0,0,0
fer0010849.png,2,0,1,7,0,0,0,0,0,0
fer0010850.png,0,2,4,0,0,0,3,0,1,0
fer0010851.png,1,9,0,0,0,0,0,0,0,0
fer0010852.png,6,0,0,4,0,0,0,0,0,0
fer0010853.png,0,1,0,8,0,0,0,0,1,0
fer0010854.png,1,0,4,1,0,0,3,0,0,1
fer0010855.png,0,0,1,4,4,0,1,0,0,0
fer0010856.png,1,8,0,0,0,0,0,1,0,0
fer0010857.png,0,7,3,0,0,0,0,0,0,0
fer0010858.png,10,0,0,0,0,0,0,0,0,0
fer0010859.png,4,0,0,5,0,0,1,0,0,0
fer0010860.png,0,0,2,0,3,0,1,0,4,0
fer0010861.png,4,0,0,1,4,0,0,0,1,0
fer0010862.png,0,10,0,0,0,0,0,0,0,0
fer0010863.png,7,0,0,0,2,0,1,0,0,0
fer0010864.png,2,1,0,6,0,0,0,0,1,0
fer0010865.png,10,0,0,0,0,0,0,0,0,0
fer0010866.png,0,10,0,0,0,0,0,0,0,0
fer0010867.png,6,0,0,1,0,0,0,0,3,0
fer0010868.png,10,0,0,0,0,0,0,0,0,0
fer0010869.png,8,2,0,0,0,0,0,0,0,0
fer0010870.png,10,0,0,0,0,0,0,0,0,0
fer0010871.png,1,0,6,0,2,1,0,0,0,0
fer0010872.png,3,0,0,7,0,0,0,0,0,0
fer0010873.png,8,0,0,1,0,0,0,1,0,0
fer0010874.png,0,10,0,0,0,0,0,0,0,0
fer0010875.png,1,0,0,0,9,0,0,0,0,0
fer0010876.png,8,0,0,1,0,0,0,0,1,0
fer0010877.png,7,0,0,2,1,0,0,0,0,0
fer0010878.png,0,10,0,0,0,0,0,0,0,0
fer0010879.png,2,0,5,0,0,0,2,0,1,0
fer0010880.png,1,0,1,3,2,0,3,0,0,0
fer0010881.png,7,1,0,1,0,0,0,0,1,0
fer0010882.png,0,10,0,0,0,0,0,0,0,0
fer0010883.png,4,0,0,5,0,0,0,0,1,0
fer0010884.png,6,0,0,3,0,0,0,0,1,0
fer0010885.png,1,5,1,0,3,0,0,0,0,0
fer0010886.png,3,0,0,4,3,0,0,0,0,0
fer0010887.png,8,0,0,1,0,0,0,0,1,0
fer0010888.png,1,4,1,0,2,0,0,0,2,0
fer0010889.png,1,1,0,0,8,0,0,0,0,0
fer0010890.png,4,0,0,4,0,0,0,0,2,0
fer0010891.png,0,10,0,0,0,0,0,0,0,0
fer0010892.png,0,10,0,0,0,0,0,0,0,0
fer0010893.png,9,0,0,0,1,0,0,0,0,0
fer0010894.png,8,0,0,1,1,0,0,0,0,0
fer0010895.png,2,0,0,7,1,0,0,0,0,0
fer0010896.png,0,0,0,0,10,0,0,0,0,0
fer0010897.png,5,0,0,2,1,0,0,0,2,0
fer0010898.png,0,10,0,0,0,0,0,0,0,0
fer0010899.png,6,0,0,3,0,1,0,0,0,0
fer0010900.png,6,4,0,0,0,0,0,0,0,0
fer0010902.png,2,0,6,0,0,0,2,0,0,0
fer0010903.png,0,4,6,0,0,0,0,0,0,0
fer0010904.png,1,0,1,1,7,0,0,0,0,0
fer0010905.png,8,0,0,0,0,0,0,1,1,0
fer0010906.png,0,9,0,0,1,0,0,0,0,0
fer0010907.png,5,0,0,5,0,0,0,0,0,0
fer0010908.png,1,0,2,1,0,0,0,1,5,0
fer0010909.png,3,0,5,0,0,0,1,0,0,1
fer0010910.png,0,0,0,0,8,0,0,0,2,0
fer0010911.png,0,0,1,9,0,0,0,0,0,0
fer0010912.png,1,0,0,8,1,0,0,0,0,0
fer0010913.png,0,0,2,0,8,0,0,0,0,0
fer0010914.png,8,0,0,1,0,0,0,0,1,0
fer0010915.png,0,3,5,1,0,0,0,0,1,0
fer0010916.png,1,0,0,2,2,3,0,0,2,0
fer0010917.png,6,1,1,2,0,0,0,0,0,0
fer0010918.png,2,0,0,0,7,1,0,0,0,0
fer0010919.png,9,0,0,0,0,0,0,0,1,0
fer0010920.png,0,0,0,10,0,0,0,0,0,0
fer0010921.png,0,0,10,0,0,0,0,0,0,0
fer0010922.png,2,0,1,1,0,0,0,0,6,0
fer0010923.png,2,0,0,5,0,0,0,0,3,0
fer0010924.png,8,0,1,0,0,0,1,0,0,0
fer0010925.png,0,0,5,0,0,0,5,0,0,0
fer0010926.png,2,0,8,0,0,0,0,0,0,0
fer0010927.png,0,10,0,0,0,0,0,0,0,0
fer0010928.png,1,0,7,1,0,0,1,0,0,0
fer0010929.png,0,3,7,0,0,0,0,0,0,0
fer0010930.png,2,0,0,0,7,1,0,0,0,0
fer0010931.png,0,10,0,0,0,0,0,0,0,0
fer0010932.png,1,1,0,1,5,1,0,0,1,0
fer0010933.png,7,0,0,2,0,0,0,1,0,0
fer0010934.png,0,0,8,0,0,0,1,0,1,0
fer0010935.png,0,0,9,0,0,0,0,0,1,0
fer0010936.png,1,1,3,0,3,0,0,0,2,0
fer0010937.png,0,0,9,0,0,0,1,0,0,0
fer0010938.png,0,0,9,0,0,1,0,0,0,0
fer0010939.png,6,0,1,0,1,0,0,0,2,0
fer0010940.png,7,0,0,2,0,0,1,0,0,0
fer0010941.png,4,0,1,2,1,0,1,0,1,0
fer0010942.png,8,0,0,1,1,0,0,0,0,0
fer0010943.png,2,8,0,0,0,0,0,0,0,0
fer0010944.png,1,0,0,9,0,0,0,0,0,0
fer0010945.png,0,9,0,0,0,0,0,0,1,0
fer0010946.png,3,0,5,1,0,0,1,0,0,0
fer0010947.png,0,1,2,0,7,0,0,0,0,0
fer0010948.png,3,0,6,1,0,0,0,0,0,0
fer0010949.png,8,0,2,0,0,0,0,0,0,0
fer0010950.png,0,0,0,5,0,0,5,0,0,0
fer0010951.png,7,2,0,1,0,0,0,0,0,0
fer0010952.png,0,2,6,0,2,0,0,0,0,0
fer0010953.png,3,0,0,2,2,2,0,0,1,0
fer0010954.png,6,0,0,4,0,0,0,0,0,0
fer0010955.png,0,2,0,2,5,0,1,0,0,0
fer0010956.png,2,0,0,6,1,0,0,0,1,0
fer0010957.png,8,0,0,1,0,0,0,0,1,0
fer0010958.png,1,0,3,0,0,1,5,0,0,0
fer0010959.png,1,1,1,0,6,0,1,0,0,0
fer0010960.png,0,1,1,0,7,0,0,0,1,0
fer0010961.png,3,7,0,0,0,0,0,0,0,0
fer0010962.png,3,0,6,0,0,0,0,0,1,0
fer0010963.png,0,10,0,0,0,0,0,0,0,0
fer0010964.png,1,0,0,6,1,0,0,1,1,0
fer0010965.png,2,5,1,0,1,0,0,0,1,0
fer0010966.png,1,0,0,9,0,0,0,0,0,0
fer0010967.png,0,10,0,0,0,0,0,0,0,0
fer0010968.png,0,4,6,0,0,0,0,0,0,0
fer0010969.png,7,3,0,0,0,0,0,0,0,0
fer0010970.png,2,1,1,3,0,0,0,0,3,0
fer0010971.png,1,0,8,0,0,0,1,0,0,0
fer0010972.png,4,1,5,0,0,0,0,0,0,0
fer0010973.png,0,0,0,0,1,0,0,7,2,0
fer0010974.png,10,0,0,0,0,0,0,0,0,0
fer0010975.png,3,3,0,0,1,0,0,0,3,0
fer0010976.png,0,1,1,0,7,0,1,0,0,0
fer0010977.png,0,10,0,0,0,0,0,0,0,0
fer0010978.png,0,10,0,0,0,0,0,0,0,0
fer0010979.png,1,1,0,1,3,2,0,1,1,0
fer0010980.png,1,6,1,1,0,1,0,0,0,0
fer0010981.png,3,0,0,4,1,0,0,0,2,0
fer0010982.png,8,0,0,1,1,0,0,0,0,0
fer0010983.png,9,0,0,1,0,0,0,0,0,0
fer0010984.png,10,0,0,0,0,0,0,0,0,0
fer0010985.png,1,0,0,0,8,0,0,0,1,0
fer0010986.png,2,0,0,6,0,0,0,0,2,0
fer0010987.png,0,0,10,0,0,0,0,0,0,0
fer0010988.png,3,0,0,3,4,0,0,0,0,0
fer0010989.png,5,0,0,3,0,1,0,1,0,0
fer0010990.png,0,10,0,0,0,0,0,0,0,0
fer0010991.png,9,0,0,1,0,0,0,0,0,0
fer0010992.png,3,0,0,6,0,0,0,0,1,0
fer0010993.png,8,1,0,0,0,0,0,1,0,0
fer0010994.png,8,0,0,1,0,0,1,0,0,0
fer0010995.png,2,0,1,0,6,0,0,0,1,0
fer0010996.png,5,0,3,1,0,0,1,0,0,0
fer0010997.png,1,0,0,9,0,0,0,0,0,0
fer0010998.png,0,0,8,0,0,0,2,0,0,0
fer0010999.png,2,0,0,8,0,0,0,0,0,0
fer0011000.png,6,1,1,1,1,0,0,0,0,0
fer0011001.png,2,2,1,0,3,0,0,0,2,0
fer0011003.png,7,0,2,0,0,0,0,1,0,0
fer0011004.png,0,10,0,0,0,0,0,0,0,0
fer0011005.png,7,0,0,3,0,0,0,0,0,0
fer0011006.png,1,9,0,0,0,0,0,0,0,0
fer0011007.png,0,1,5,0,3,1,0,0,0,0
fer0011008.png,5,3,1,0,1,0,0,0,0,0
fer0011009.png,3,0,0,3,0,0,0,2,2,0
fer0011010.png,10,0,0,0,0,0,0,0,0,0
fer0011011.png,1,0,0,9,0,0,0,0,0,0
fer0011012.png,1,9,0,0,0,0,0,0,0,0
fer0011013.png,1,0,0,0,3,3,1,1,1,0
fer0011014.png,1,0,9,0,0,0,0,0,0,0
fer0011015.png,2,0,5,0,0,0,1,1,1,0
fer0011016.png,6,0,0,3,0,0,0,0,1,0
fer0011017.png,0,10,0,0,0,0,0,0,0,0
fer0011018.png,1,0,9,0,0,0,0,0,0,0
fer0011019.png,8,0,0,0,0,0,0,0,2,0
fer0011020.png,0,0,0,9,0,0,0,0,1,0
fer0011021.png,5,0,0,5,0,0,0,0,0,0
fer0011022.png,9,0,0,1,0,0,0,0,0,0
fer0011023.png,8,0,0,2,0,0,0,0,0,0
fer0011024.png,1,2,0,0,6,0,0,0,1,0
fer0011025.png,4,0,1,2,0,0,0,0,3,0
fer0011026.png,7,2,1,0,0,0,0,0,0,0
fer0011027.png,1,7,0,2,0,0,0,0,0,0
fer0011028.png,10,0,0,0,0,0,0,0,0,0
fer0011029.png,0,10,0,0,0,0,0,0,0,0
fer0011030.png,0,10,0,0,0,0,0,0,0,0
fer0011031.png,3,0,0,1,6,0,0,0,0,0
fer0011032.png,0,0,10,0,0,0,0,0,0,0
fer0011033.png,4,0,0,5,0,0,0,0,1,0
fer0011034.png,3,0,6,0,0,0,0,0,1,0
fer0011035.png,7,0,0,3,0,0,0,0,0,0
fer0011036.png,8,0,0,2,0,0,0,0,0,0
fer0011037.png,0,10,0,0,0,0,0,0,0,0
fer0011038.png,0,9,1,0,0,0,0,0,0,0
fer0011039.png,2,0,0,7,0,0,0,0,1,0
fer0011040.png,9,0,0,0,1,0,0,0,0,0
fer0011041.png,7,0,0,2,0,1,0,0,0,0
fer0011042.png,3,0,0,6,0,0,0,0,1,0
fer0011043.png,7,0,0,2,0,0,0,0,1,0
fer0011044.png,2,0,0,4,1,1,0,1,1,0
fer0011045.png,2,0,0,5,0,1,0,0,2,0
fer0011046.png,2,1,0,0,7,0,0,0,0,0
fer0011047.png,0,10,0,0,0,0,0,0,0,0
fer0011048.png,3,6,0,0,0,0,0,1,0,0
fer0011049.png,0,10,0,0,0,0,0,0,0,0
fer0011050.png,0,8,2,0,0,0,0,0,0,0
fer0011051.png,6,0,1,1,0,0,0,0,2,0
fer0011052.png,1,9,0,0,0,0,0,0,0,0
fer0011053.png,9,1,0,0,0,0,0,0,0,0
fer0011054.png,4,0,0,6,0,0,0,0,0,0
fer0011055.png,0,0,2,0,0,0,8,0,0,0
fer0011056.png,9,0,0,1,0,0,0,0,0,0
fer0011057.png,7,1,0,0,0,0,0,2,0,0
fer0011058.png,8,0,0,1,0,0,0,0,1,0
fer0011059.png,0,1,1,5,1,1,0,0,1,0
fer0011060.png,2,0,6,0,0,0,0,0,2,0
fer0011061.png,1,9,0,0,0,0,0,0,0,0
fer0011062.png,0,10,0,0,0,0,0,0,0,0
fer0011063.png,0,10,0,0,0,0,0,0,0,0
fer0011064.png,0,0,0,9,1,0,0,0,0,0
fer0011065.png,3,0,1,0,3,3,0,0,0,0
fer0011066.png,3,0,0,2,1,0,1,0,3,0
fer0011067.png,1,0,0,3,4,1,0,0,1,0
fer0011068.png,5,0,1,0,0,0,0,1,3,0
fer0011069.png,10,0,0,0,0,0,0,0,0,0
fer0011070.png,5,0,0,3,1,0,0,0,1,0
fer0011071.png,5,0,0,1,0,1,0,1,2,0
fer0011072.png,6,0,0,3,0,0,0,0,1,0
fer0011073.png,2,0,0,1,2,3,0,0,2,0
fer0011074.png,10,0,0,0,0,0,0,0,0,0
fer0011075.png,3,0,0,4,0,0,0,2,1,0
fer0011076.png,1,0,7,1,0,0,1,0,0,0
fer0011077.png,9,0,0,0,0,0,0,1,0,0
fer0011078.png,6,1,2,0,0,0,0,0,1,0
fer0011079.png,6,2,0,0,0,0,0,2,0,0
fer0011080.png,0,0,0,5,2,3,0,0,0,0
fer0011081.png,4,0,1,2,0,0,0,0,3,0
fer0011082.png,0,0,10,0,0,0,0,0,0,0
fer0011083.png,2,0,3,1,0,0,3,0,1,0
fer0011084.png,1,0,0,0,9,0,0,0,0,0
fer0011085.png,0,8,1,0,0,0,1,0,0,0
fer0011086.png,9,0,0,0,0,0,0,1,0,0
fer0011087.png,7,0,0,2,0,0,0,0,1,0
fer0011088.png,6,0,0,0,2,0,0,1,1,0
fer0011089.png,5,0,0,1,4,0,0,0,0,0
fer0011090.png,0,0,10,0,0,0,0,0,0,0
fer0011091.png,0,10,0,0,0,0,0,0,0,0
fer0011092.png,1,9,0,0,0,0,0,0,0,0
fer0011093.png,0,10,0,0,0,0,0,0,0,0
fer0011094.png,0,2,1,3,0,0,0,0,4,0
fer0011095.png,2,1,0,6,0,0,0,0,1,0
fer0011096.png,0,0,10,0,0,0,0,0,0,0
fer0011097.png,0,0,7,0,0,0,3,0,0,0
fer0011098.png,2,8,0,0,0,0,0,0,0,0
fer0011099.png,8,0,0,0,0,0,0,1,1,0
fer0011100.png,0,10,0,0,0,0,0,0,0,0
fer0011101.png,3,0,0,7,0,0,0,0,0,0
fer0011102.png,9,0,0,0,1,0,0,0,0,0
fer0011103.png,0,0,10,0,0,0,0,0,0,0
fer0011104.png,0,10,0,0,0,0,0,0,0,0
fer0011105.png,0,10,0,0,0,0,0,0,0,0
fer0011106.png,4,0,1,2,0,1,0,0,2,0
fer0011107.png,10,0,0,0,0,0,0,0,0,0
fer0011108.png,0,0,8,0,0,0,2,0,0,0
fer0011109.png,2,0,2,2,0,0,1,1,2,0
fer0011110.png,0,0,5,1,1,0,3,0,0,0
fer0011111.png,1,0,0,8,0,1,0,0,0,0
fer0011112.png,8,0,0,0,1,0,0,0,1,0
fer0011113.png,0,10,0,0,0,0,0,0,0,0
fer0011114.png,2,0,1,5,0,0,0,1,1,0
fer0011115.png,0,10,0,0,0,0,0,0,0,0
fer0011116.png,9,0,0,1,0,0,0,0,0,0
fer0011117.png,8,0,0,2,0,0,0,0,0,0
fer0011118.png,6,0,0,2,0,0,0,1,1,0
fer0011119.png,5,0,0,4,1,0,0,0,0,0
fer0011120.png,1,0,0,1,8,0,0,0,0,0
fer0011121.png,0,10,0,0,0,0,0,0,0,0
fer0011122.png,0,0,1,5,3,0,0,0,1,0
fer0011123.png,7,0,0,2,0,0,0,0,1,0
fer0011124.png,9,0,0,1,0,0,0,0,0,0
fer0011125.png,8,0,0,1,0,0,0,0,1,0
fer0011126.png,4,0,0,0,3,3,0,0,0,0
fer0011127.png,0,0,1,8,1,0,0,0,0,0
fer0011128.png,9,0,0,0,0,0,1,0,0,0
fer0011129.png,5,0,0,2,3,0,0,0,0,0
fer0011130.png,4,0,0,5,0,0,0,0,1,0
fer0011131.png,4,6,0,0,0,0,0,0,0,0
fer0011132.png,7,1,0,1,0,0,0,0,1,0
fer0011133.png,0,10,0,0,0,0,0,0,0,0
fer0011134.png,5,0,0,2,1,0,0,0,2,0
fer0011135.png,0,10,0,0,0,0,0,0,0,0
fer0011136.png,1,0,6,0,0,0,2,0,1,0
fer0011137.png,0,10,0,0,0,0,0,0,0,0
fer0011138.png,5,0,0,5,0,0,0,0,0,0
fer0011139.png,9,0,0,0,0,0,0,0,1,0
fer0011140.png,0,1,0,0,7,0,1,0,1,0
fer0011141.png,10,0,0,0,0,0,0,0,0,0
fer0011142.png,2,3,0,4,0,0,0,0,1,0
fer0011143.png,0,10,0,0,0,0,0,0,0,0
fer0011144.png,0,0,9,0,0,0,1,0,0,0
fer0011145.png,0,0,0,1,9,0,0,0,0,0
fer0011146.png,7,0,1,2,0,0,0,0,0,0
fer0011147.png,6,0,0,1,1,2,0,0,0,0
fer0011148.png,0,10,0,0,0,0,0,0,0,0
fer0011149.png,6,0,0,4,0,0,0,0,0,0
fer0011150.png,0,0,5,0,0,0,5,0,0,0
fer0011151.png,8,0,0,1,0,0,0,0,1,0
fer0011152.png,4,0,0,1,4,0,1,0,0,0
fer0011153.png,7,0,0,3,0,0,0,0,0,0
fer0011154.png,7,0,0,3,0,0,0,0,0,0
fer0011155.png,4,0,6,0,0,0,0,0,0,0
fer0011156.png,0,0,6,0,0,0,4,0,0,0
fer0011157.png,1,0,0,0,9,0,0,0,0,0
fer0011158.png,7,0,0,1,0,0,0,1,1,0
fer0011159.png,1,1,4,0,4,0,0,0,0,0
fer0011160.png,8,0,0,2,0,0,0,0,0,0
fer0011161.png,4,0,0,1,1,2,0,2,0,0
fer0011162.png,0,10,0,0,0,0,0,0,0,0
fer0011163.png,6,0,0,3,1,0,0,0,0,0
fer0011164.png,0,10,0,0,0,0,0,0,0,0
fer0011165.png,5,0,0,5,0,0,0,0,0,0
fer0011166.png,1,0,3,0,5,0,1,0,0,0
fer0011167.png,6,3,0,0,0,0,0,1,0,0
fer0011168.png,4,1,0,1,1,0,0,2,1,0
fer0011169.png,6,0,0,4,0,0,0,0,0,0
fer0011170.png,0,0,10,0,0,0,0,0,0,0
fer0011171.png,2,0,0,1,7,0,0,0,0,0
fer0011172.png,0,0,10,0,0,0,0,0,0,0
fer0011173.png,1,0,0,2,1,2,3,0,1,0
fer0011174.png,10,0,0,0,0,0,0,0,0,0
fer0011175.png,8,1,0,0,0,0,0,0,1,0
fer0011176.png,0,0,0,0,10,0,0,0,0,0
fer0011177.png,3,0,0,0,6,0,0,0,1,0
fer0011178.png,0,10,0,0,0,0,0,0,0,0
fer0011179.png,0,9,0,0,0,0,0,0,1,0
fer0011180.png,4,2,0,2,0,0,0,1,1,0
fer0011181.png,2,7,1,0,0,0,0,0,0,0
fer0011182.png,8,0,0,0,1,0,0,0,1,0
fer0011183.png,0,10,0,0,0,0,0,0,0,0
fer0011184.png,9,0,0,0,0,0,0,0,1,0
fer0011185.png,2,0,4,1,0,0,3,0,0,0
fer0011186.png,1,0,0,9,0,0,0,0,0,0
fer0011187.png,8,0,0,2,0,0,0,0,0,0
fer0011188.png,7,0,0,3,0,0,0,0,0,0
fer0011189.png,9,0,0,0,0,0,0,0,1,0
fer0011190.png,5,2,0,1,0,0,0,1,1,0
fer0011191.png,6,0,3,0,1,0,0,0,0,0
fer0011192.png,0,10,0,0,0,0,0,0,0,0
fer0011193.png,0,0,1,2,3,0,2,0,2,0
fer0011194.png,0,0,0,0,5,3,0,1,1,0
fer0011195.png,10,0,0,0,0,0,0,0,0,0
fer0011196.png,0,10,0,0,0,0,0,0,0,0
fer0011197.png,5,0,0,0,5,0,0,0,0,0
fer0011198.png,0,10,0,0,0,0,0,0,0,0
fer0011199.png,2,2,1,0,1,1,0,1,2,0
fer0011200.png,3,0,0,0,5,1,0,0,1,0
fer0011201.png,4,6,0,0,0,0,0,0,0,0
fer0011202.png,0,0,0,6,0,0,3,0,1,0
fer0011203.png,0,6,4,0,0,0,0,0,0,0
fer0011204.png,4,1,0,2,0,1,0,1,1,0
fer0011205.png,5,1,1,1,0,0,0,1,1,0
fer0011206.png,7,1,0,0,1,0,0,0,1,0
fer0011207.png,0,10,0,0,0,0,0,0,0,0
fer0011208.png,0,10,0,0,0,0,0,0,0,0
fer0011209.png,6,0,2,1,0,0,0,0,1,0
fer0011210.png,0,0,0,10,0,0,0,0,0,0
fer0011211.png,9,0,0,1,0,0,0,0,0,0
fer0011212.png,3,7,0,0,0,0,0,0,0,0
fer0011213.png,0,10,0,0,0,0,0,0,0,0
fer0011214.png,0,0,2,0,1,0,7,0,0,0
fer0011215.png,0,10,0,0,0,0,0,0,0,0
fer0011216.png,10,0,0,0,0,0,0,0,0,0
fer0011217.png,4,0,4,2,0,0,0,0,0,0
fer0011218.png,9,1,0,0,0,0,0,0,0,0
fer0011219.png,8,0,0,2,0,0,0,0,0,0
fer0011220.png,0,0,2,0,2,3,0,2,1,0
fer0011221.png,7,0,0,0,0,0,0,1,2,0
fer0011222.png,9,0,0,0,0,0,0,0,1,0
fer0011223.png,0,10,0,0,0,0,0,0,0,0
fer0011224.png,0,10,0,0,0,0,0,0,0,0
fer0011225.png,0,0,0,7,1,0,0,0,2,0
fer0011226.png,2,1,1,6,0,0,0,0,0,0
fer0011227.png,0,1,6,0,0,0,3,0,0,0
fer0011228.png,2,1,0,6,0,0,0,0,1,0
fer0011229.png,9,0,0,0,1,0,0,0,0,0
fer0011230.png,0,10,0,0,0,0,0,0,0,0
fer0011231.png,1,0,8,0,0,0,1,0,0,0
fer0011232.png,2,0,0,8,0,0,0,0,0,0
fer0011233.png,6,1,0,2,0,0,0,0,1,0
fer0011234.png,4,0,0,5,0,0,0,0,1,0
fer0011235.png,4,0,0,2,0,0,3,0,1,0
fer0011236.png,3,0,0,4,0,1,0,0,2,0
fer0011237.png,0,0,0,10,0,0,0,0,0,0
fer0011238.png,9,0,0,0,1,0,0,0,0,0
fer0011239.png,4,1,0,4,0,0,0,0,1,0
fer0011240.png,0,10,0,0,0,0,0,0,0,0
fer0011241.png,0,7,3,0,0,0,0,0,0,0
fer0011242.png,0,10,0,0,0,0,0,0,0,0
fer0011243.png,6,0,0,1,3,0,0,0,0,0
fer0011244.png,0,0,1,0,8,0,0,0,1,0
fer0011245.png,6,3,0,0,0,0,0,0,1,0
fer0011246.png,6,0,0,1,2,0,0,0,1,0
fer0011247.png,7,0,1,0,0,0,0,0,2,0
fer0011248.png,6,0,0,2,0,0,0,1,1,0
fer0011249.png,2,0,8,0,0,0,0,0,0,0
fer0011250.png,3,0,0,7,0,0,0,0,0,0
fer0011251.png,10,0,0,0,0,0,0,0,0,0
fer0011252.png,0,9,0,0,0,0,0,0,1,0
fer0011253.png,10,0,0,0,0,0,0,0,0,0
fer0011254.png,2,1,0,6,0,0,1,0,0,0
fer0011255.png,6,0,3,0,0,0,0,0,1,0
fer0011256.png,0,10,0,0,0,0,0,0,0,0
fer0011257.png,2,7,0,0,0,0,0,1,0,0
fer0011258.png,2,0,0,2,5,0,0,1,0,0
fer0011259.png,4,0,0,5,0,0,1,0,0,0
fer0011260.png,7,0,0,0,2,0,0,0,1,0
fer0011261.png,1,0,4,0,0,0,5,0,0,0
fer0011262.png,2,0,0,7,0,0,0,0,1,0
fer0011263.png,1,0,0,7,0,0,0,0,2,0
fer0011264.png,3,0,0,7,0,0,0,0,0,0
fer0011265.png,2,1,5,0,0,0,0,0,2,0
fer0011266.png,7,0,0,1,1,1,0,0,0,0
fer0011267.png,0,9,0,0,1,0,0,0,0,0
fer0011268.png,0,10,0,0,0,0,0,0,0,0
fer0011269.png,4,0,0,0,4,0,0,0,2,0
fer0011270.png,0,0,8,0,1,0,1,0,0,0
fer0011271.png,7,0,0,1,0,0,0,1,1,0
fer0011272.png,8,1,0,0,0,0,0,0,1,0
fer0011273.png,2,0,0,3,0,1,3,0,1,0
fer0011274.png,8,0,0,2,0,0,0,0,0,0
fer0011275.png,9,0,0,1,0,0,0,0,0,0
fer0011276.png,8,2,0,0,0,0,0,0,0,0
fer0011277.png,10,0,0,0,0,0,0,0,0,0
fer0011278.png,8,0,0,0,0,1,1,0,0,0
fer0011279.png,1,0,3,4,0,0,1,0,1,0
fer0011280.png,0,9,0,0,0,0,0,0,1,0
fer0011281.png,8,0,0,2,0,0,0,0,0,0
fer0011282.png,9,0,0,1,0,0,0,0,0,0
fer0011283.png,5,0,0,2,2,0,0,1,0,0
fer0011284.png,4,0,0,4,1,0,0,0,1,0
fer0011285.png,9,1,0,0,0,0,0,0,0,0
fer0011286.png,0,0,0,10,0,0,0,0,0,0
fer0011287.png,0,6,3,0,0,0,1,0,0,0
fer0011288.png,7,0,0,2,0,0,0,0,1,0
fer0011289.png,9,0,0,0,0,0,0,1,0,0
fer0011290.png,3,0,0,0,5,0,1,0,1,0
fer0011291.png,7,0,0,2,0,0,0,0,1,0
fer0011292.png,1,1,7,0,0,0,1,0,0,0
fer0011293.png,1,0,0,1,6,1,0,0,1,0
fer0011294.png,5,1,0,3,0,1,0,0,0,0
fer0011295.png,10,0,0,0,0,0,0,0,0,0
fer0011296.png,0,0,10,0,0,0,0,0,0,0
fer0011297.png,4,0,1,5,0,0,0,0,0,0
fer0011298.png,9,0,1,0,0,0,0,0,0,0
fer0011299.png,8,0,1,1,0,0,0,0,0,0
fer0011300.png,0,8,1,0,0,0,0,0,1,0
fer0011301.png,0,10,0,0,0,0,0,0,0,0
fer0011302.png,0,10,0,0,0,0,0,0,0,0
fer0011303.png,0,10,0,0,0,0,0,0,0,0
fer0011304.png,0,10,0,0,0,0,0,0,0,0
fer0011305.png,2,0,0,0,7,0,0,1,0,0
fer0011306.png,1,0,1,1,0,1,6,0,0,0
fer0011307.png,0,0,7,0,0,0,3,0,0,0
fer0011308.png,9,0,0,1,0,0,0,0,0,0
fer0011309.png,1,2,2,0,4,0,0,0,1,0
fer0011310.png,1,0,0,2,7,0,0,0,0,0
fer0011311.png,0,10,0,0,0,0,0,0,0,0
fer0011312.png,1,0,4,0,2,0,2,0,1,0
fer0011313.png,0,10,0,0,0,0,0,0,0,0
fer0011314.png,8,0,1,0,0,0,0,0,1,0
fer0011315.png,7,0,0,2,0,0,0,0,1,0
fer0011316.png,8,0,0,2,0,0,0,0,0,0
fer0011317.png,0,10,0,0,0,0,0,0,0,0
fer0011318.png,0,1,7,0,0,0,2,0,0,0
fer0011319.png,0,10,0,0,0,0,0,0,0,0
fer0011320.png,1,1,0,5,0,0,0,1,2,0
fer0011321.png,1,0,2,0,2,0,3,1,1,0
fer0011322.png,7,1,1,0,0,0,0,0,1,0
fer0011323.png,8,0,0,2,0,0,0,0,0,0
fer0011324.png,0,10,0,0,0,0,0,0,0,0
fer0011325.png,6,0,0,2,1,0,0,0,0,1
fer0011326.png,10,0,0,0,0,0,0,0,0,0
fer0011327.png,1,0,3,6,0,0,0,0,0,0
fer0011328.png,2,1,1,2,0,1,1,1,1,0
fer0011329.png,0,1,0,8,1,0,0,0,0,0
fer0011330.png,8,0,0,2,0,0,0,0,0,0
fer0011331.png,0,0,0,9,0,0,0,0,1,0
fer0011332.png,1,0,9,0,0,0,0,0,0,0
fer0011333.png,6,0,0,4,0,0,0,0,0,0
fer0011334.png,0,7,2,0,0,0,0,0,1,0
fer0011335.png,1,1,1,7,0,0,0,0,0,0
fer0011336.png,10,0,0,0,0,0,0,0,0,0
fer0011337.png,1,0,0,9,0,0,0,0,0,0
fer0011338.png,3,0,6,0,0,0,1,0,0,0
fer0011339.png,7,0,0,3,0,0,0,0,0,0
fer0011340.png,0,1,8,0,0,0,0,1,0,0
fer0011341.png,0,0,0,9,0,1,0,0,0,0
fer0011342.png,0,0,7,0,0,0,3,0,0,0
fer0011343.png,5,2,1,0,0,0,0,0,2,0
fer0011344.png,8,0,0,1,0,0,0,0,1,0
fer0011345.png,1,5,1,0,2,0,0,0,1,0
fer0011346.png,8,1,0,0,0,0,0,0,1,0
fer0011347.png,8,0,1,0,0,0,0,1,0,0
fer0011348.png,8,0,0,2,0,0,0,0,0,0
fer0011349.png,0,0,4,0,3,0,3,0,0,0
fer0011350.png,0,10,0,0,0,0,0,0,0,0
fer0011351.png,1,0,0,7,0,1,0,0,1,0
fer0011352.png,1,9,0,0,0,0,0,0,0,0
fer0011353.png,3,0,0,0,0,0,0,6,1,0
fer0011354.png,2,0,0,0,7,1,0,0,0,0
fer0011355.png,8,0,0,2,0,0,0,0,0,0
fer0011356.png,3,0,0,6,0,0,0,1,0,0
fer0011357.png,1,0,0,0,8,0,0,0,1,0
fer0011358.png,8,0,0,1,0,0,0,0,1,0
fer0011359.png,5,0,0,4,0,1,0,0,0,0
fer0011360.png,0,10,0,0,0,0,0,0,0,0
fer0011361.png,0,0,10,0,0,0,0,0,0,0
fer0011362.png,0,0,0,0,8,0,1,0,1,0
fer0011363.png,4,0,0,2,0,0,0,0,4,0
fer0011364.png,5,0,0,4,0,0,0,1,0,0
fer0011365.png,10,0,0,0,0,0,0,0,0,0
fer0011366.png,5,3,0,2,0,0,0,0,0,0
fer0011367.png,5,0,0,0,1,0,1,0,3,0
fer0011368.png,5,1,0,2,1,0,0,1,0,0
fer0011369.png,3,1,2,0,1,0,2,0,1,0
fer0011370.png,6,0,0,3,0,0,0,1,0,0
fer0011371.png,1,1,1,0,6,1,0,0,0,0
fer0011372.png,2,0,2,1,1,0,0,0,4,0
fer0011373.png,0,1,1,1,5,1,0,0,1,0
fer0011374.png,7,0,0,2,0,0,1,0,0,0
fer0011375.png,0,0,8,0,1,0,1,0,0,0
fer0011376.png,0,1,3,0,1,0,4,0,1,0
fer0011377.png,4,5,0,0,0,0,0,0,1,0
fer0011378.png,2,3,0,0,0,0,0,0,5,0
fer0011379.png,0,0,0,0,9,1,0,0,0,0
fer0011380.png,0,1,1,1,3,0,2,0,2,0
fer0011381.png,1,0,2,0,0,0,7,0,0,0
fer0011382.png,2,0,6,0,0,0,1,0,1,0
fer0011383.png,7,0,0,3,0,0,0,0,0,0
fer0011384.png,1,0,0,6,0,0,0,1,2,0
fer0011385.png,0,10,0,0,0,0,0,0,0,0
fer0011386.png,0,0,7,0,1,0,1,0,1,0
fer0011387.png,0,3,0,7,0,0,0,0,0,0
fer0011388.png,6,0,0,1,0,1,0,0,2,0
fer0011389.png,1,0,0,0,9,0,0,0,0,0
fer0011390.png,0,10,0,0,0,0,0,0,0,0
fer0011391.png,5,0,0,2,0,0,0,0,3,0
fer0011392.png,0,9,0,0,1,0,0,0,0,0
fer0011393.png,9,0,1,0,0,0,0,0,0,0
fer0011394.png,9,0,0,0,1,0,0,0,0,0
fer0011395.png,9,0,0,0,0,0,0,0,1,0
fer0011396.png,6,4,0,0,0,0,0,0,0,0
fer0011397.png,0,7,2,0,0,1,0,0,0,0
fer0011398.png,1,8,0,0,0,0,0,1,0,0
fer0011399.png,0,0,1,1,0,0,8,0,0,0
fer0011400.png,4,0,0,0,5,1,0,0,0,0
fer0011401.png,0,0,9,0,0,0,1,0,0,0
fer0011402.png,5,0,0,4,1,0,0,0,0,0
fer0011403.png,0,0,0,9,0,0,0,0,1,0
fer0011404.png,1,9,0,0,0,0,0,0,0,0
fer0011405.png,10,0,0,0,0,0,0,0,0,0
fer0011406.png,6,0,0,0,1,0,0,1,2,0
fer0011407.png,0,10,0,0,0,0,0,0,0,0
fer0011408.png,9,0,0,0,1,0,0,0,0,0
fer0011409.png,5,4,0,0,0,0,0,0,1,0
fer0011410.png,3,0,0,5,0,0,0,0,2,0
fer0011411.png,2,0,6,0,0,0,1,0,1,0
fer0011412.png,0,0,10,0,0,0,0,0,0,0
fer0011413.png,1,3,0,6,0,0,0,0,0,0
fer0011414.png,8,1,0,1,0,0,0,0,0,0
fer0011415.png,0,10,0,0,0,0,0,0,0,0
fer0011416.png,2,0,0,2,0,1,0,3,2,0
fer0011417.png,0,0,0,0,5,1,4,0,0,0
fer0011418.png,2,8,0,0,0,0,0,0,0,0
fer0011419.png,0,0,10,0,0,0,0,0,0,0
fer0011420.png,5,0,0,4,0,0,0,0,1,0
fer0011421.png,9,0,0,0,0,0,0,1,0,0
fer0011422.png,0,0,0,9,1,0,0,0,0,0
fer0011423.png,6,2,0,0,0,0,0,2,0,0
fer0011424.png,2,0,0,4,0,0,0,0,4,0
fer0011425.png,6,0,0,2,0,0,0,1,1,0
fer0011426.png,0,0,5,0,4,0,0,0,1,0
fer0011427.png,1,1,7,0,0,0,0,0,1,0
fer0011428.png,0,2,3,0,3,0,2,0,0,0
fer0011429.png,3,0,0,1,0,0,6,0,0,0
fer0011430.png,8,0,1,1,0,0,0,0,0,0
fer0011431.png,8,2,0,0,0,0,0,0,0,0
fer0011432.png,0,3,2,0,3,0,1,0,1,0
fer0011433.png,4,0,0,2,3,1,0,0,0,0
fer0011434.png,1,0,8,0,0,0,1,0,0,0
fer0011435.png,2,0,0,0,7,1,0,0,0,0
fer0011436.png,3,1,0,3,0,0,0,0,3,0
fer0011437.png,4,0,0,4,0,0,0,0,2,0
fer0011438.png,7,3,0,0,0,0,0,0,0,0
fer0011439.png,0,0,0,2,6,0,1,0,1,0
fer0011440.png,9,0,0,1,0,0,0,0,0,0
fer0011441.png,0,10,0,0,0,0,0,0,0,0
fer0011442.png,10,0,0,0,0,0,0,0,0,0
fer0011443.png,6,0,0,0,1,0,0,3,0,0
fer0011444.png,0,9,0,0,0,0,0,1,0,0
fer0011445.png,3,7,0,0,0,0,0,0,0,0
fer0011446.png,1,9,0,0,0,0,0,0,0,0
fer0011447.png,4,2,0,0,0,0,0,4,0,0
fer0011448.png,5,0,1,0,2,0,0,1,1,0
fer0011449.png,5,0,0,3,0,0,0,1,1,0
fer0011450.png,6,0,0,2,0,0,0,0,2,0
fer0011451.png,6,3,0,0,0,0,0,1,0,0
fer0011452.png,2,7,0,0,0,0,0,1,0,0
fer0011453.png,8,0,1,0,0,0,0,0,1,0
fer0011454.png,0,10,0,0,0,0,0,0,0,0
fer0011455.png,0,10,0,0,0,0,0,0,0,0
fer0011456.png,5,0,0,4,0,0,0,0,1,0
fer0011457.png,1,9,0,0,0,0,0,0,0,0
fer0011458.png,9,0,0,1,0,0,0,0,0,0
fer0011459.png,10,0,0,0,0,0,0,0,0,0
fer0011460.png,1,8,0,0,0,0,0,0,1,0
fer0011461.png,0,9,0,0,0,0,0,0,1,0
fer0011462.png,0,10,0,0,0,0,0,0,0,0
fer0011463.png,0,9,1,0,0,0,0,0,0,0
fer0011464.png,0,1,9,0,0,0,0,0,0,0
fer0011465.png,0,10,0,0,0,0,0,0,0,0
fer0011466.png,10,0,0,0,0,0,0,0,0,0
fer0011467.png,3,0,0,4,0,0,0,3,0,0
fer0011468.png,1,9,0,0,0,0,0,0,0,0
fer0011469.png,0,9,0,0,0,1,0,0,0,0
fer0011470.png,2,0,0,7,0,0,0,0,1,0
fer0011471.png,0,0,4,0,2,0,3,0,1,0
fer0011472.png,0,10,0,0,0,0,0,0,0,0
fer0011473.png,9,0,0,0,0,0,0,0,1,0
fer0011474.png,0,10,0,0,0,0,0,0,0,0
fer0011475.png,0,10,0,0,0,0,0,0,0,0
fer0011476.png,3,7,0,0,0,0,0,0,0,0
fer0011477.png,3,0,0,7,0,0,0,0,0,0
fer0011478.png,1,1,0,8,0,0,0,0,0,0
fer0011479.png,10,0,0,0,0,0,0,0,0,0
fer0011480.png,1,0,8,0,0,0,1,0,0,0
fer0011481.png,4,0,0,6,0,0,0,0,0,0
fer0011482.png,5,0,0,4,0,0,0,0,1,0
fer0011483.png,0,10,0,0,0,0,0,0,0,0
fer0011484.png,0,8,0,0,0,0,0,0,2,0
fer0011485.png,4,0,0,6,0,0,0,0,0,0
fer0011486.png,10,0,0,0,0,0,0,0,0,0
fer0011487.png,0,0,9,0,0,0,1,0,0,0
fer0011488.png,5,2,2,1,0,0,0,0,0,0
fer0011489.png,7,0,0,1,0,0,0,0,2,0
fer0011490.png,0,10,0,0,0,0,0,0,0,0
fer0011491.png,1,2,0,6,0,0,0,0,1,0
fer0011492.png,0,0,2,0,0,0,8,0,0,0
fer0011493.png,0,9,0,1,0,0,0,0,0,0
fer0011494.png,0,9,0,0,0,1,0,0,0,0
fer0011495.png,0,0,8,0,0,0,2,0,0,0
fer0011496.png,1,8,0,1,0,0,0,0,0,0
fer0011497.png,1,0,0,4,0,5,0,0,0,0
fer0011498.png,0,10,0,0,0,0,0,0,0,0
fer0011499.png,10,0,0,0,0,0,0,0,0,0
fer0011500.png,8,1,0,0,0,0,0,0,1,0
fer0011501.png,1,9,0,0,0,0,0,0,0,0
fer0011502.png,3,0,0,1,6,0,0,0,0,0
fer0011503.png,1,0,0,0,0,0,1,8,0,0
fer0011504.png,5,0,1,3,0,0,0,0,1,0
fer0011505.png,1,0,0,0,9,0,0,0,0,0
fer0011506.png,0,10,0,0,0,0,0,0,0,0
fer0011507.png,0,10,0,0,0,0,0,0,0,0
fer0011508.png,5,0,1,1,0,1,0,1,1,0
fer0011509.png,8,1,0,0,0,0,0,1,0,0
fer0011510.png,9,0,0,1,0,0,0,0,0,0
fer0011511.png,0,10,0,0,0,0,0,0,0,0
fer0011512.png,9,1,0,0,0,0,0,0,0,0
fer0011513.png,1,0,0,0,8,1,0,0,0,0
fer0011514.png,2,0,1,2,3,0,0,1,1,0
fer0011515.png,1,0,0,4,0,0,5,0,0,0
fer0011516.png,2,0,0,1,5,1,0,0,1,0
fer0011517.png,0,7,3,0,0,0,0,0,0,0
fer0011518.png,0,0,0,1,7,1,1,0,0,0
fer0011519.png,0,0,5,0,3,0,2,0,0,0
fer0011520.png,0,10,0,0,0,0,0,0,0,0
fer0011521.png,1,9,0,0,0,0,0,0,0,0
fer0011522.png,0,10,0,0,0,0,0,0,0,0
fer0011523.png,0,9,0,0,0,0,0,1,0,0
fer0011524.png,2,0,6,1,0,0,0,1,0,0
fer0011525.png,2,1,2,1,2,0,0,0,2,0
fer0011526.png,0,10,0,0,0,0,0,0,0,0
fer0011527.png,1,0,9,0,0,0,0,0,0,0
fer0011528.png,7,0,0,3,0,0,0,0,0,0
fer0011529.png,6,1,0,0,1,0,0,1,1,0
fer0011530.png,0,9,0,0,0,0,0,1,0,0
fer0011531.png,10,0,0,0,0,0,0,0,0,0
fer0011532.png,9,0,0,1,0,0,0,0,0,0
fer0011533.png,0,10,0,0,0,0,0,0,0,0
fer0011534.png,1,9,0,0,0,0,0,0,0,0
fer0011535.png,0,10,0,0,0,0,0,0,0,0
fer0011536.png,4,0,0,4,2,0,0,0,0,0
fer0011537.png,0,0,3,0,0,0,6,1,0,0
fer0011538.png,7,0,0,2,0,0,0,0,1,0
fer0011539.png,0,0,0,0,10,0,0,0,0,0
fer0011540.png,4,0,1,0,3,0,1,0,1,0
fer0011541.png,1,8,0,1,0,0,0,0,0,0
fer0011542.png,1,0,9,0,0,0,0,0,0,0
fer0011543.png,0,9,1,0,0,0,0,0,0,0
fer0011544.png,0,0,9,0,0,0,1,0,0,0
fer0011545.png,2,1,0,0,2,0,0,3,2,0
fer0011546.png,8,0,0,1,0,0,0,0,1,0
fer0011547.png,6,0,0,3,0,0,0,0,1,0
fer0011548.png,10,0,0,0,0,0,0,0,0,0
fer0011549.png,5,0,0,3,0,0,0,0,2,0
fer0011550.png,2,1,0,6,0,0,1,0,0,0
fer0011551.png,0,9,0,0,0,1,0,0,0,0
fer0011552.png,3,1,0,3,1,0,0,0,2,0
fer0011553.png,1,8,0,1,0,0,0,0,0,0
fer0011554.png,9,0,0,0,1,0,0,0,0,0
fer0011555.png,2,0,0,7,0,0,0,1,0,0
fer0011556.png,3,3,1,0,0,0,0,1,2,0
fer0011557.png,1,0,7,0,0,0,0,0,2,0
fer0011558.png,7,0,0,1,0,0,0,0,2,0
fer0011559.png,8,0,0,2,0,0,0,0,0,0
fer0011560.png,4,0,1,2,0,0,2,0,1,0
fer0011561.png,0,0,10,0,0,0,0,0,0,0
fer0011562.png,0,10,0,0,0,0,0,0,0,0
fer0011563.png,10,0,0,0,0,0,0,0,0,0
fer0011564.png,0,10,0,0,0,0,0,0,0,0
fer0011565.png,0,8,2,0,0,0,0,0,0,0
fer0011566.png,7,0,1,1,0,0,0,1,0,0
fer0011567.png,5,0,0,4,0,0,0,0,1,0
fer0011568.png,0,10,0,0,0,0,0,0,0,0
fer0011569.png,4,0,0,3,1,0,0,1,1,0
fer0011570.png,4,0,0,0,5,0,0,0,1,0
fer0011571.png,9,0,0,1,0,0,0,0,0,0
fer0011572.png,0,5,5,0,0,0,0,0,0,0
fer0011573.png,0,0,8,0,0,0,1,0,1,0
fer0011574.png,1,3,0,3,2,0,0,0,1,0
fer0011575.png,10,0,0,0,0,0,0,0,0,0
fer0011576.png,0,0,6,0,1,0,2,0,1,0
fer0011577.png,10,0,0,0,0,0,0,0,0,0
fer0011578.png,4,0,0,1,4,1,0,0,0,0
fer0011579.png,0,0,4,5,0,0,0,0,1,0
fer0011580.png,2,0,0,8,0,0,0,0,0,0
fer0011581.png,2,2,0,0,3,2,1,0,0,0
fer0011582.png,0,10,0,0,0,0,0,0,0,0
fer0011583.png,2,0,5,1,0,0,0,0,2,0
fer0011584.png,0,10,0,0,0,0,0,0,0,0
fer0011585.png,3,0,0,0,7,0,0,0,0,0
fer0011586.png,8,1,0,1,0,0,0,0,0,0
fer0011587.png,6,0,0,2,0,0,0,0,2,0
fer0011588.png,1,9,0,0,0,0,0,0,0,0
fer0011589.png,0,10,0,0,0,0,0,0,0,0
fer0011590.png,0,1,0,2,0,7,0,0,0,0
fer0011591.png,0,1,2,0,4,2,1,0,0,0
fer0011592.png,10,0,0,0,0,0,0,0,0,0
fer0011593.png,3,0,0,3,2,0,0,2,0,0
fer0011595.png,7,3,0,0,0,0,0,0,0,0
fer0011596.png,1,0,3,1,0,1,3,1,0,0
fer0011597.png,6,0,0,3,0,0,0,0,1,0
fer0011598.png,1,0,3,0,0,0,5,0,1,0
fer0011599.png,0,0,8,0,0,0,2,0,0,0
fer0011600.png,6,0,1,3,0,0,0,0,0,0
fer0011601.png,0,1,8,0,0,0,1,0,0,0
fer0011602.png,10,0,0,0,0,0,0,0,0,0
fer0011603.png,0,6,3,1,0,0,0,0,0,0
fer0011604.png,5,4,0,0,0,0,0,0,1,0
fer0011605.png,1,9,0,0,0,0,0,0,0,0
fer0011606.png,10,0,0,0,0,0,0,0,0,0
fer0011607.png,0,0,0,4,1,5,0,0,0,0
fer0011608.png,3,3,1,1,0,0,0,0,2,0
fer0011609.png,0,1,0,0,3,0,4,0,2,0
fer0011610.png,3,0,0,0,3,2,0,1,1,0
fer0011611.png,0,10,0,0,0,0,0,0,0,0
fer0011612.png,2,0,0,0,5,0,0,1,2,0
fer0011613.png,4,0,0,6,0,0,0,0,0,0
fer0011614.png,0,9,0,1,0,0,0,0,0,0
fer0011615.png,5,0,1,1,2,0,0,0,1,0
fer0011616.png,0,10,0,0,0,0,0,0,0,0
fer0011617.png,1,9,0,0,0,0,0,0,0,0
fer0011618.png,2,8,0,0,0,0,0,0,0,0
fer0011619.png,0,0,8,0,1,0,1,0,0,0
fer0011620.png,5,0,0,4,0,0,0,1,0,0
fer0011621.png,6,0,0,1,1,0,0,0,2,0
fer0011622.png,6,0,0,0,0,0,0,0,4,0
fer0011623.png,7,0,0,1,1,0,0,0,1,0
fer0011624.png,0,2,0,1,1,5,0,1,0,0
fer0011625.png,3,0,0,1,1,2,0,0,3,0
fer0011626.png,0,10,0,0,0,0,0,0,0,0
fer0011627.png,6,4,0,0,0,0,0,0,0,0
fer0011628.png,9,0,0,1,0,0,0,0,0,0
fer0011629.png,1,0,7,0,0,0,2,0,0,0
fer0011630.png,9,0,0,0,0,0,0,1,0,0
fer0011631.png,9,0,0,0,0,0,0,1,0,0
fer0011632.png,0,0,0,7,0,0,0,0,3,0
fer0011633.png,9,0,0,1,0,0,0,0,0,0
fer0011634.png,4,5,0,0,0,0,0,0,1,0
fer0011635.png,3,1,5,0,0,0,0,0,1,0
fer0011636.png,0,0,10,0,0,0,0,0,0,0
fer0011637.png,4,0,0,1,5,0,0,0,0,0
fer0011638.png,1,0,8,0,0,0,0,0,1,0
fer0011639.png,4,0,1,4,0,0,0,0,1,0
fer0011640.png,1,1,0,7,0,1,0,0,0,0
fer0011641.png,1,0,0,9,0,0,0,0,0,0
fer0011642.png,0,0,0,0,4,0,5,0,1,0
fer0011643.png,5,0,0,2,3,0,0,0,0,0
fer0011644.png,7,0,0,2,0,0,0,0,1,0
fer0011645.png,0,0,9,0,0,0,1,0,0,0
fer0011646.png,0,0,1,8,1,0,0,0,0,0
fer0011647.png,5,0,0,4,1,0,0,0,0,0
fer0011648.png,2,0,4,1,0,0,0,0,3,0
fer0011649.png,0,8,2,0,0,0,0,0,0,0
fer0011650.png,0,0,8,0,0,0,2,0,0,0
fer0011651.png,0,10,0,0,0,0,0,0,0,0
fer0011652.png,2,0,2,1,1,0,3,0,1,0
fer0011653.png,0,10,0,0,0,0,0,0,0,0
fer0011654.png,5,0,0,3,0,1,1,0,0,0
fer0011655.png,7,0,0,1,0,0,1,0,1,0
fer0011656.png,0,3,0,0,4,0,0,0,3,0
fer0011657.png,8,0,0,0,2,0,0,0,0,0
fer0011658.png,9,0,0,1,0,0,0,0,0,0
fer0011659.png,1,9,0,0,0,0,0,0,0,0
fer0011660.png,1,2,5,0,0,0,0,0,2,0
fer0011661.png,2,0,0,3,0,2,0,3,0,0
fer0011662.png,0,0,1,0,9,0,0,0,0,0
fer0011663.png,7,0,2,0,0,0,0,0,1,0
fer0011664.png,0,10,0,0,0,0,0,0,0,0
fer0011665.png,1,8,0,0,0,0,0,1,0,0
fer0011666.png,10,0,0,0,0,0,0,0,0,0
fer0011667.png,8,0,0,1,0,0,0,0,1,0
fer0011668.png,5,0,0,2,0,1,0,2,0,0
fer0011669.png,0,10,0,0,0,0,0,0,0,0
fer0011670.png,0,10,0,0,0,0,0,0,0,0
fer0011671.png,0,0,0,9,0,0,0,0,1,0
fer0011672.png,1,0,5,0,0,0,4,0,0,0
fer0011673.png,9,0,0,0,0,0,0,0,1,0
fer0011674.png,4,0,0,5,0,0,0,0,1,0
fer0011675.png,0,1,0,0,9,0,0,0,0,0
fer0011676.png,1,0,0,0,9,0,0,0,0,0
fer0011677.png,0,3,4,0,1,0,1,0,1,0
fer0011678.png,5,0,0,4,0,0,0,0,1,0
fer0011679.png,7,2,0,0,0,0,0,0,1,0
fer0011680.png,9,1,0,0,0,0,0,0,0,0
fer0011681.png,6,0,0,4,0,0,0,0,0,0
fer0011682.png,0,0,1,0,8,0,1,0,0,0
fer0011683.png,0,10,0,0,0,0,0,0,0,0
fer0011684.png,7,0,1,1,0,0,0,1,0,0
fer0011685.png,0,10,0,0,0,0,0,0,0,0
fer0011686.png,5,0,0,5,0,0,0,0,0,0
fer0011687.png,7,0,0,0,0,0,0,3,0,0
fer0011688.png,0,10,0,0,0,0,0,0,0,0
fer0011689.png,1,0,8,0,0,0,1,0,0,0
fer0011690.png,3,0,0,6,0,0,0,0,1,0
fer0011691.png,6,0,0,3,0,0,0,0,1,0
fer0011692.png,3,6,0,0,1,0,0,0,0,0
fer0011693.png,9,0,0,0,0,0,0,0,1,0
fer0011694.png,3,6,0,1,0,0,0,0,0,0
fer0011695.png,7,0,0,2,0,0,0,0,1,0
fer0011696.png,2,0,2,0,0,0,5,0,1,0
fer0011697.png,6,0,1,2,0,0,1,0,0,0
fer0011698.png,0,1,6,1,0,0,2,0,0,0
fer0011699.png,1,0,0,0,0,8,0,1,0,0
fer0011700.png,8,0,0,0,2,0,0,0,0,0
fer0011701.png,0,10,0,0,0,0,0,0,0,0
fer0011702.png,0,0,8,0,0,0,2,0,0,0
fer0011703.png,3,0,0,1,6,0,0,0,0,0
fer0011704.png,5,1,0,2,0,0,0,0,1,1
fer0011705.png,0,2,6,0,0,1,1,0,0,0
fer0011706.png,6,0,2,0,0,0,0,1,1,0
fer0011707.png,5,0,0,1,0,0,0,0,4,0
fer0011708.png,1,0,8,0,0,0,1,0,0,0
fer0011709.png,0,0,10,0,0,0,0,0,0,0
fer0011710.png,2,0,3,0,1,0,0,1,3,0
fer0011711.png,0,10,0,0,0,0,0,0,0,0
fer0011712.png,6,0,0,2,0,0,1,0,1,0
fer0011713.png,0,0,0,1,3,5,0,0,1,0
fer0011714.png,2,0,0,8,0,0,0,0,0,0
fer0011715.png,5,0,0,1,1,2,0,1,0,0
fer0011716.png,1,0,1,8,0,0,0,0,0,0
fer0011717.png,0,10,0,0,0,0,0,0,0,0
fer0011718.png,0,10,0,0,0,0,0,0,0,0
fer0011719.png,0,10,0,0,0,0,0,0,0,0
fer0011720.png,3,0,0,5,0,0,0,0,2,0
fer0011721.png,0,0,0,10,0,0,0,0,0,0
fer0011722.png,8,0,0,0,0,1,0,0,1,0
fer0011723.png,9,1,0,0,0,0,0,0,0,0
fer0011724.png,2,0,0,1,7,0,0,0,0,0
fer0011725.png,1,1,8,0,0,0,0,0,0,0
fer0011726.png,3,0,3,0,0,2,1,0,1,0
fer0011727.png,9,0,0,0,0,0,0,1,0,0
fer0011728.png,8,0,0,1,0,0,0,0,1,0
fer0011729.png,0,10,0,0,0,0,0,0,0,0
fer0011730.png,6,0,0,3,0,0,1,0,0,0
fer0011731.png,0,10,0,0,0,0,0,0,0,0
fer0011732.png,2,0,0,1,6,1,0,0,0,0
fer0011733.png,0,0,8,0,0,0,2,0,0,0
fer0011734.png,0,10,0,0,0,0,0,0,0,0
fer0011735.png,3,0,7,0,0,0,0,0,0,0
fer0011736.png,0,10,0,0,0,0,0,0,0,0
fer0011737.png,0,0,0,0,10,0,0,0,0,0
fer0011738.png,8,0,0,1,0,1,0,0,0,0
fer0011739.png,2,8,0,0,0,0,0,0,0,0
fer0011740.png,2,8,0,0,0,0,0,0,0,0
fer0011741.png,0,0,2,1,1,1,5,0,0,0
fer0011742.png,4,0,0,5,0,0,0,0,1,0
fer0011743.png,0,10,0,0,0,0,0,0,0,0
fer0011744.png,0,10,0,0,0,0,0,0,0,0
fer0011745.png,4,0,0,4,0,1,0,1,0,0
fer0011746.png,6,0,0,1,0,1,0,1,1,0
fer0011747.png,9,0,0,0,0,0,0,0,1,0
fer0011748.png,8,0,0,1,0,0,0,1,0,0
fer0011749.png,3,2,0,0,2,1,0,1,1,0
fer0011750.png,1,0,0,3,0,0,6,0,0,0
fer0011751.png,9,0,0,0,0,0,0,0,1,0
fer0011752.png,9,0,0,0,0,0,0,1,0,0
fer0011753.png,0,10,0,0,0,0,0,0,0,0
fer0011754.png,3,0,5,0,0,0,1,0,1,0
fer0011755.png,9,0,0,0,0,0,0,0,1,0
fer0011756.png,10,0,0,0,0,0,0,0,0,0
fer0011757.png,10,0,0,0,0,0,0,0,0,0
fer0011758.png,5,0,0,4,1,0,0,0,0,0
fer0011759.png,0,10,0,0,0,0,0,0,0,0
fer0011760.png,1,1,0,8,0,0,0,0,0,0
fer0011761.png,1,9,0,0,0,0,0,0,0,0
fer0011762.png,7,0,0,0,0,1,0,0,2,0
fer0011763.png,0,10,0,0,0,0,0,0,0,0
fer0011764.png,9,1,0,0,0,0,0,0,0,0
fer0011765.png,1,9,0,0,0,0,0,0,0,0
fer0011766.png,10,0,0,0,0,0,0,0,0,0
fer0011767.png,0,10,0,0,0,0,0,0,0,0
fer0011768.png,7,0,0,2,0,0,0,0,1,0
fer0011769.png,0,10,0,0,0,0,0,0,0,0
fer0011770.png,7,1,0,1,0,0,0,0,1,0
fer0011771.png,9,0,0,1,0,0,0,0,0,0
fer0011772.png,2,0,4,0,0,0,4,0,0,0
fer0011773.png,1,1,0,0,6,0,0,0,2,0
fer0011774.png,0,10,0,0,0,0,0,0,0,0
fer0011775.png,0,10,0,0,0,0,0,0,0,0
fer0011776.png,0,10,0,0,0,0,0,0,0,0
fer0011777.png,6,0,0,2,0,0,0,1,1,0
fer0011778.png,10,0,0,0,0,0,0,0,0,0
fer0011779.png,0,0,10,0,0,0,0,0,0,0
fer0011780.png,0,10,0,0,0,0,0,0,0,0
fer0011781.png,0,0,0,1,7,2,0,0,0,0
fer0011782.png,0,10,0,0,0,0,0,0,0,0
fer0011783.png,4,0,0,6,0,0,0,0,0,0
fer0011784.png,4,0,0,0,1,0,1,0,4,0
fer0011785.png,4,0,0,6,0,0,0,0,0,0
fer0011785.png,4,0,0,6,0,0,0,0,0,0
fer0011786.png,7,0,1,2,0,0,0,0,0,0
fer0011787.png,0,9,1,0,0,0,0,0,0,0
fer0011788.png,5,0,0,3,0,0,0,1,1,0
fer0011789.png,4,0,1,0,2,1,0,1,1,0
fer0011790.png,0,0,0,9,1,0,0,0,0,0
fer0011791.png,5,0,0,3,0,1,0,0,1,0
fer0011792.png,1,1,8,0,0,0,0,0,0,0
fer0011793.png,3,0,0,2,3,1,0,1,0,0
fer0011794.png,3,0,0,6,0,0,0,1,0,0
fer0011795.png,3,0,0,7,0,0,0,0,0,0
fer0011796.png,7,0,0,2,0,0,0,0,1,0
fer0011797.png,0,0,0,1,8,1,0,0,0,0
fer0011798.png,4,0,0,5,0,0,0,0,1,0
fer0011799.png,0,0,7,0,0,0,3,0,0,0
fer0011800.png,0,8,0,0,2,0,0,0,0,0
fer0011801.png,0,10,0,0,0,0,0,0,0,0
fer0011802.png,7,2,0,0,0,0,0,0,1,0
fer0011803.png,0,2,8,0,0,0,0,0,0,0
fer0011804.png,0,0,1,9,0,0,0,0,0,0
fer0011805.png,0,0,0,6,2,0,0,0,2,0
fer0011806.png,0,10,0,0,0,0,0,0,0,0
fer0011807.png,8,0,0,2,0,0,0,0,0,0
fer0011808.png,0,10,0,0,0,0,0,0,0,0
fer0011809.png,0,0,3,0,5,0,1,0,1,0
fer0011810.png,0,10,0,0,0,0,0,0,0,0
fer0011811.png,0,0,0,0,9,0,1,0,0,0
fer0011812.png,6,0,0,3,0,0,0,0,1,0
fer0011813.png,0,0,0,10,0,0,0,0,0,0
fer0011814.png,0,0,0,0,10,0,0,0,0,0
fer0011815.png,0,0,8,0,1,0,1,0,0,0
fer0011816.png,0,0,0,0,10,0,0,0,0,0
fer0011817.png,6,4,0,0,0,0,0,0,0,0
fer0011818.png,3,6,0,0,0,0,0,0,1,0
fer0011819.png,3,0,0,7,0,0,0,0,0,0
fer0011820.png,1,0,0,2,1,0,4,0,2,0
fer0011821.png,7,0,0,3,0,0,0,0,0,0
fer0011822.png,3,2,0,2,0,1,0,0,2,0
fer0011823.png,8,2,0,0,0,0,0,0,0,0
fer0011824.png,0,10,0,0,0,0,0,0,0,0
fer0011825.png,1,7,2,0,0,0,0,0,0,0
fer0011826.png,1,0,0,0,9,0,0,0,0,0
fer0011827.png,8,0,0,1,1,0,0,0,0,0
fer0011828.png,1,7,0,0,0,0,0,0,2,0
fer0011829.png,0,10,0,0,0,0,0,0,0,0
fer0011830.png,1,0,0,4,1,0,3,0,1,0
fer0011831.png,0,10,0,0,0,0,0,0,0,0
fer0011832.png,0,0,9,0,0,0,1,0,0,0
fer0011833.png,0,10,0,0,0,0,0,0,0,0
fer0011834.png,3,0,0,2,2,0,0,1,2,0
fer0011835.png,0,10,0,0,0,0,0,0,0,0
fer0011836.png,1,9,0,0,0,0,0,0,0,0
fer0011837.png,0,10,0,0,0,0,0,0,0,0
fer0011838.png,0,10,0,0,0,0,0,0,0,0
fer0011839.png,9,0,1,0,0,0,0,0,0,0
fer0011840.png,5,0,0,5,0,0,0,0,0,0
fer0011841.png,0,10,0,0,0,0,0,0,0,0
fer0011842.png,8,0,0,1,1,0,0,0,0,0
fer0011843.png,1,0,0,8,0,0,0,0,1,0
fer0011844.png,8,1,0,1,0,0,0,0,0,0
fer0011845.png,6,0,0,4,0,0,0,0,0,0
fer0011846.png,5,4,1,0,0,0,0,0,0,0
fer0011847.png,9,0,0,0,0,0,1,0,0,0
fer0011848.png,8,0,0,1,0,0,0,0,1,0
fer0011849.png,2,0,0,0,5,0,0,0,3,0
fer0011850.png,0,0,1,6,3,0,0,0,0,0
fer0011851.png,4,1,0,0,0,0,0,0,5,0
fer0011852.png,8,1,0,1,0,0,0,0,0,0
fer0011853.png,9,0,0,1,0,0,0,0,0,0
fer0011854.png,5,0,0,1,2,0,0,0,2,0
fer0011855.png,4,0,0,3,1,0,0,1,1,0
fer0011856.png,5,0,4,0,0,0,0,0,1,0
fer0011857.png,0,2,6,0,0,0,2,0,0,0
fer0011858.png,7,0,0,2,0,0,0,1,0,0
fer0011859.png,1,0,0,0,7,0,0,0,2,0
fer0011860.png,0,10,0,0,0,0,0,0,0,0
fer0011861.png,10,0,0,0,0,0,0,0,0,0
fer0011862.png,0,4,3,0,0,0,0,1,2,0
fer0011863.png,0,0,9,0,0,0,1,0,0,0
fer0011864.png,8,0,2,0,0,0,0,0,0,0
fer0011865.png,0,0,0,0,10,0,0,0,0,0
fer0011866.png,9,0,1,0,0,0,0,0,0,0
fer0011867.png,7,0,0,1,0,0,0,1,1,0
fer0011868.png,6,4,0,0,0,0,0,0,0,0
fer0011869.png,0,0,10,0,0,0,0,0,0,0
fer0011870.png,0,9,0,0,0,0,0,0,1,0
fer0011871.png,3,0,0,6,0,0,0,0,1,0
fer0011872.png,2,0,0,0,7,1,0,0,0,0
fer0011873.png,5,0,2,0,1,0,1,0,1,0
fer0011874.png,0,10,0,0,0,0,0,0,0,0
fer0011875.png,1,0,0,0,8,0,0,0,1,0
fer0011876.png,8,0,0,0,0,0,0,2,0,0
fer0011877.png,0,0,8,0,1,0,0,0,0,1
fer0011878.png,8,0,1,0,0,0,0,0,1,0
fer0011879.png,0,10,0,0,0,0,0,0,0,0
fer0011880.png,8,0,0,1,0,0,0,0,1,0
fer0011881.png,3,0,0,4,0,0,0,0,3,0
fer0011882.png,6,0,0,2,1,0,0,1,0,0
fer0011883.png,0,0,3,1,0,1,4,0,1,0
fer0011884.png,2,1,0,7,0,0,0,0,0,0
fer0011885.png,10,0,0,0,0,0,0,0,0,0
fer0011886.png,3,0,0,6,0,0,0,0,1,0
fer0011887.png,0,8,1,0,0,0,1,0,0,0
fer0011888.png,0,9,0,0,0,0,0,0,1,0
fer0011889.png,0,0,1,2,2,0,2,0,3,0
fer0011890.png,0,9,1,0,0,0,0,0,0,0
fer0011891.png,1,0,0,9,0,0,0,0,0,0
fer0011892.png,7,0,0,3,0,0,0,0,0,0
fer0011893.png,0,10,0,0,0,0,0,0,0,0
fer0011894.png,0,10,0,0,0,0,0,0,0,0
fer0011895.png,8,0,0,2,0,0,0,0,0,0
fer0011896.png,0,0,0,0,9,0,0,0,1,0
fer0011897.png,3,6,0,0,0,0,0,1,0,0
fer0011898.png,6,0,0,4,0,0,0,0,0,0
fer0011899.png,0,0,8,0,1,0,1,0,0,0
fer0011900.png,1,0,0,8,0,0,0,0,1,0
fer0011901.png,0,0,0,10,0,0,0,0,0,0
fer0011902.png,0,1,0,9,0,0,0,0,0,0
fer0011903.png,10,0,0,0,0,0,0,0,0,0
fer0011904.png,6,0,0,0,1,0,0,1,2,0
fer0011905.png,8,0,0,1,0,0,0,0,1,0
fer0011906.png,8,0,0,1,0,1,0,0,0,0
fer0011907.png,0,0,0,10,0,0,0,0,0,0
fer0011908.png,9,0,0,0,1,0,0,0,0,0
fer0011909.png,0,10,0,0,0,0,0,0,0,0
fer0011910.png,8,0,0,0,0,0,0,1,1,0
fer0011911.png,0,0,6,0,0,0,4,0,0,0
fer0011912.png,5,0,0,1,0,1,0,3,0,0
fer0011913.png,10,0,0,0,0,0,0,0,0,0
fer0011914.png,0,9,1,0,0,0,0,0,0,0
fer0011915.png,2,0,0,6,0,0,0,0,2,0
fer0011916.png,1,0,0,1,8,0,0,0,0,0
fer0011917.png,0,0,0,10,0,0,0,0,0,0
fer0011918.png,9,0,0,1,0,0,0,0,0,0
fer0011919.png,0,10,0,0,0,0,0,0,0,0
fer0011920.png,0,0,0,9,0,0,1,0,0,0
fer0011921.png,0,0,1,0,6,0,0,0,3,0
fer0011922.png,0,9,0,1,0,0,0,0,0,0
fer0011923.png,0,0,8,1,0,0,1,0,0,0
fer0011924.png,0,9,0,0,0,0,0,1,0,0
fer0011925.png,2,0,6,1,0,0,0,0,1,0
fer0011926.png,6,0,0,1,1,1,0,0,1,0
fer0011927.png,0,10,0,0,0,0,0,0,0,0
fer0011928.png,0,10,0,0,0,0,0,0,0,0
fer0011929.png,5,0,0,4,0,0,0,1,0,0
fer0011930.png,7,0,0,2,1,0,0,0,0,0
fer0011931.png,6,0,0,1,0,0,0,3,0,0
fer0011932.png,0,0,4,0,5,0,1,0,0,0
fer0011933.png,1,0,0,7,0,1,0,0,1,0
fer0011934.png,0,10,0,0,0,0,0,0,0,0
fer0011935.png,0,2,3,0,5,0,0,0,0,0
fer0011936.png,0,0,9,0,0,0,1,0,0,0
fer0011937.png,8,0,1,1,0,0,0,0,0,0
fer0011938.png,1,0,0,0,0,4,1,0,4,0
fer0011939.png,9,0,0,1,0,0,0,0,0,0
fer0011940.png,0,9,0,0,0,0,0,0,0,1
fer0011941.png,9,0,0,1,0,0,0,0,0,0
fer0011942.png,0,10,0,0,0,0,0,0,0,0
fer0011943.png,0,0,10,0,0,0,0,0,0,0
fer0011944.png,10,0,0,0,0,0,0,0,0,0
fer0011945.png,2,0,0,5,0,0,0,0,2,1
fer0011946.png,5,0,5,0,0,0,0,0,0,0
fer0011947.png,10,0,0,0,0,0,0,0,0,0
fer0011948.png,0,10,0,0,0,0,0,0,0,0
fer0011949.png,0,0,6,0,3,0,1,0,0,0
fer0011950.png,8,0,0,1,1,0,0,0,0,0
fer0011951.png,9,0,0,1,0,0,0,0,0,0
fer0011952.png,0,7,3,0,0,0,0,0,0,0
fer0011953.png,8,0,0,2,0,0,0,0,0,0
fer0011954.png,0,0,10,0,0,0,0,0,0,0
fer0011955.png,0,0,0,9,0,0,0,0,1,0
fer0011956.png,0,10,0,0,0,0,0,0,0,0
fer0011957.png,0,9,0,0,0,0,0,0,1,0
fer0011958.png,5,0,0,0,1,0,0,4,0,0
fer0011959.png,0,10,0,0,0,0,0,0,0,0
fer0011960.png,8,1,0,1,0,0,0,0,0,0
fer0011961.png,3,0,0,3,2,0,0,0,2,0
fer0011962.png,0,10,0,0,0,0,0,0,0,0
fer0011963.png,3,0,0,3,0,4,0,0,0,0
fer0011964.png,7,0,0,1,0,0,0,1,1,0
fer0011965.png,0,10,0,0,0,0,0,0,0,0
fer0011966.png,1,0,0,8,0,0,0,0,1,0
fer0011967.png,1,9,0,0,0,0,0,0,0,0
fer0011968.png,1,0,0,5,0,1,1,0,2,0
fer0011969.png,1,0,6,0,0,0,0,0,3,0
fer0011970.png,3,0,0,0,4,3,0,0,0,0
fer0011971.png,1,0,8,0,0,0,1,0,0,0
fer0011972.png,3,0,0,2,1,0,0,1,3,0
fer0011973.png,1,0,0,8,0,0,0,0,1,0
fer0011974.png,6,0,3,0,0,0,1,0,0,0
fer0011975.png,3,7,0,0,0,0,0,0,0,0
fer0011976.png,6,3,0,0,0,0,0,0,1,0
fer0011977.png,0,1,8,0,0,0,1,0,0,0
fer0011978.png,0,10,0,0,0,0,0,0,0,0
fer0011979.png,8,0,0,2,0,0,0,0,0,0
fer0011980.png,4,0,0,6,0,0,0,0,0,0
fer0011981.png,10,0,0,0,0,0,0,0,0,0
fer0011982.png,8,0,0,1,1,0,0,0,0,0
fer0011983.png,5,0,0,1,2,1,0,0,1,0
fer0011984.png,3,0,0,6,0,1,0,0,0,0
fer0011985.png,0,0,8,0,1,0,1,0,0,0
fer0011986.png,2,0,0,2,2,0,4,0,0,0
fer0011987.png,0,1,1,1,5,1,0,0,1,0
fer0011988.png,8,0,0,2,0,0,0,0,0,0
fer0011989.png,2,0,0,0,7,0,0,0,1,0
fer0011990.png,9,0,0,0,0,0,0,0,1,0
fer0011991.png,0,10,0,0,0,0,0,0,0,0
fer0011992.png,1,0,0,0,9,0,0,0,0,0
fer0011993.png,0,10,0,0,0,0,0,0,0,0
fer0011994.png,3,2,0,0,2,0,1,1,1,0
fer0011995.png,2,8,0,0,0,0,0,0,0,0
fer0011996.png,2,0,0,0,6,0,0,0,2,0
fer0011997.png,5,0,0,3,2,0,0,0,0,0
fer0011998.png,6,0,0,2,0,0,0,0,2,0
fer0011999.png,1,0,9,0,0,0,0,0,0,0
fer0012000.png,5,0,0,5,0,0,0,0,0,0
fer0012001.png,3,0,0,0,6,1,0,0,0,0
fer0012002.png,9,0,0,1,0,0,0,0,0,0
fer0012003.png,6,0,0,1,1,0,0,0,2,0
fer0012004.png,7,0,0,2,0,0,1,0,0,0
fer0012005.png,10,0,0,0,0,0,0,0,0,0
fer0012006.png,2,0,1,7,0,0,0,0,0,0
fer0012007.png,9,0,0,1,0,0,0,0,0,0
fer0012008.png,7,0,0,1,0,0,0,0,2,0
fer0012009.png,9,0,0,1,0,0,0,0,0,0
fer0012010.png,8,0,0,0,0,1,0,0,1,0
fer0012011.png,0,10,0,0,0,0,0,0,0,0
fer0012012.png,9,0,0,0,1,0,0,0,0,0
fer0012013.png,0,0,9,0,0,0,0,0,1,0
fer0012014.png,0,10,0,0,0,0,0,0,0,0
fer0012015.png,6,0,0,1,1,0,0,0,2,0
fer0012016.png,0,0,1,0,8,0,0,0,1,0
fer0012017.png,6,0,0,0,0,1,0,3,0,0
fer0012018.png,0,10,0,0,0,0,0,0,0,0
fer0012019.png,5,0,4,0,0,0,1,0,0,0
fer0012020.png,0,0,1,9,0,0,0,0,0,0
fer0012021.png,2,1,0,0,6,0,0,0,1,0
fer0012022.png,3,0,0,3,2,0,1,0,1,0
fer0012023.png,0,5,4,1,0,0,0,0,0,0
fer0012024.png,5,0,0,5,0,0,0,0,0,0
fer0012025.png,1,0,0,4,0,5,0,0,0,0
fer0012026.png,1,9,0,0,0,0,0,0,0,0
fer0012027.png,8,0,2,0,0,0,0,0,0,0
fer0012028.png,4,0,1,4,0,0,0,0,1,0
fer0012029.png,8,0,0,1,0,0,0,0,1,0
fer0012030.png,6,0,1,0,2,0,0,1,0,0
fer0012031.png,3,0,1,5,0,0,0,0,1,0
fer0012032.png,4,6,0,0,0,0,0,0,0,0
fer0012033.png,0,0,10,0,0,0,0,0,0,0
fer0012034.png,5,4,0,0,0,0,0,0,1,0
fer0012035.png,6,1,1,2,0,0,0,0,0,0
fer0012036.png,10,0,0,0,0,0,0,0,0,0
fer0012037.png,2,0,0,7,0,0,1,0,0,0
fer0012038.png,5,0,0,4,0,0,0,0,1,0
fer0012039.png,0,0,0,1,0,8,0,0,1,0
fer0012040.png,0,10,0,0,0,0,0,0,0,0
fer0012041.png,6,0,0,3,0,0,0,0,1,0
fer0012042.png,5,0,0,0,4,0,0,0,1,0
fer0012043.png,4,0,0,6,0,0,0,0,0,0
fer0012044.png,8,0,0,1,0,0,0,0,1,0
fer0012045.png,0,10,0,0,0,0,0,0,0,0
fer0012046.png,5,0,0,3,0,0,0,1,1,0
fer0012047.png,5,0,5,0,0,0,0,0,0,0
fer0012048.png,0,10,0,0,0,0,0,0,0,0
fer0012049.png,0,1,8,0,0,0,0,0,1,0
fer0012050.png,0,1,2,2,1,0,4,0,0,0
fer0012051.png,5,1,0,0,3,0,0,1,0,0
fer0012052.png,0,9,0,0,1,0,0,0,0,0
fer0012053.png,0,1,8,0,0,0,1,0,0,0
fer0012054.png,10,0,0,0,0,0,0,0,0,0
fer0012055.png,2,0,1,0,6,1,0,0,0,0
fer0012056.png,0,9,0,0,0,0,0,0,1,0
fer0012057.png,7,2,0,0,0,0,0,0,1,0
fer0012058.png,0,10,0,0,0,0,0,0,0,0
fer0012059.png,7,0,0,1,2,0,0,0,0,0
fer0012060.png,2,0,8,0,0,0,0,0,0,0
fer0012061.png,10,0,0,0,0,0,0,0,0,0
fer0012062.png,0,8,0,0,0,0,0,0,2,0
fer0012063.png,9,1,0,0,0,0,0,0,0,0
fer0012064.png,3,7,0,0,0,0,0,0,0,0
fer0012065.png,0,7,3,0,0,0,0,0,0,0
fer0012066.png,10,0,0,0,0,0,0,0,0,0
fer0012067.png,8,0,0,1,0,0,0,1,0,0
fer0012068.png,0,10,0,0,0,0,0,0,0,0
fer0012069.png,0,0,9,0,0,0,1,0,0,0
fer0012070.png,0,10,0,0,0,0,0,0,0,0
fer0012071.png,1,9,0,0,0,0,0,0,0,0
fer0012072.png,1,0,0,6,0,0,0,0,3,0
fer0012073.png,9,0,0,0,0,0,0,0,1,0
fer0012074.png,0,0,9,1,0,0,0,0,0,0
fer0012075.png,0,0,0,10,0,0,0,0,0,0
fer0012076.png,9,1,0,0,0,0,0,0,0,0
fer0012077.png,6,0,0,1,0,0,0,2,1,0
fer0012078.png,0,10,0,0,0,0,0,0,0,0
fer0012079.png,0,8,2,0,0,0,0,0,0,0
fer0012080.png,7,0,0,1,1,0,0,0,1,0
fer0012081.png,0,10,0,0,0,0,0,0,0,0
fer0012082.png,0,0,0,0,0,9,0,0,1,0
fer0012083.png,9,1,0,0,0,0,0,0,0,0
fer0012084.png,10,0,0,0,0,0,0,0,0,0
fer0012085.png,0,1,4,0,2,0,3,0,0,0
fer0012086.png,5,0,0,5,0,0,0,0,0,0
fer0012087.png,0,10,0,0,0,0,0,0,0,0
fer0012088.png,5,3,0,2,0,0,0,0,0,0
fer0012089.png,1,9,0,0,0,0,0,0,0,0
fer0012090.png,8,2,0,0,0,0,0,0,0,0
fer0012091.png,8,2,0,0,0,0,0,0,0,0
fer0012092.png,8,0,0,1,0,0,0,1,0,0
fer0012093.png,1,0,1,4,0,1,0,1,2,0
fer0012094.png,1,4,4,0,0,0,1,0,0,0
fer0012095.png,4,0,0,5,0,0,1,0,0,0
fer0012096.png,3,7,0,0,0,0,0,0,0,0
fer0012097.png,0,0,0,8,1,0,1,0,0,0
fer0012098.png,0,0,10,0,0,0,0,0,0,0
fer0012099.png,0,0,5,2,1,0,2,0,0,0
fer0012100.png,0,0,0,0,9,1,0,0,0,0
fer0012101.png,0,0,10,0,0,0,0,0,0,0
fer0012102.png,0,1,9,0,0,0,0,0,0,0
fer0012103.png,10,0,0,0,0,0,0,0,0,0
fer0012104.png,5,4,0,0,0,0,0,0,1,0
fer0012105.png,5,0,0,4,0,0,0,1,0,0
fer0012106.png,0,0,1,0,7,0,2,0,0,0
fer0012107.png,5,0,0,5,0,0,0,0,0,0
fer0012108.png,0,10,0,0,0,0,0,0,0,0
fer0012109.png,0,0,0,5,2,2,0,0,1,0
fer0012110.png,6,0,0,0,1,1,0,0,2,0
fer0012111.png,3,4,0,0,2,0,0,0,1,0
fer0012112.png,0,10,0,0,0,0,0,0,0,0
fer0012113.png,4,1,0,0,3,2,0,0,0,0
fer0012114.png,0,10,0,0,0,0,0,0,0,0
fer0012115.png,0,1,9,0,0,0,0,0,0,0
fer0012116.png,1,9,0,0,0,0,0,0,0,0
fer0012117.png,7,3,0,0,0,0,0,0,0,0
fer0012118.png,7,0,0,2,1,0,0,0,0,0
fer0012119.png,9,0,0,1,0,0,0,0,0,0
fer0012120.png,2,8,0,0,0,0,0,0,0,0
fer0012121.png,5,0,0,1,0,0,0,1,3,0
fer0012122.png,2,0,1,0,5,1,1,0,0,0
fer0012123.png,0,10,0,0,0,0,0,0,0,0
fer0012124.png,0,0,0,9,0,1,0,0,0,0
fer0012125.png,8,0,0,1,0,0,0,0,1,0
fer0012126.png,8,0,2,0,0,0,0,0,0,0
fer0012127.png,6,0,0,3,1,0,0,0,0,0
fer0012128.png,9,0,0,0,0,1,0,0,0,0
fer0012129.png,9,0,0,0,0,0,0,1,0,0
fer0012130.png,4,0,1,0,2,1,1,0,1,0
fer0012131.png,0,10,0,0,0,0,0,0,0,0
fer0012132.png,6,0,0,1,0,0,0,1,2,0
fer0012133.png,0,10,0,0,0,0,0,0,0,0
fer0012134.png,1,9,0,0,0,0,0,0,0,0
fer0012135.png,10,0,0,0,0,0,0,0,0,0
fer0012136.png,10,0,0,0,0,0,0,0,0,0
fer0012137.png,3,2,5,0,0,0,0,0,0,0
fer0012138.png,7,0,0,1,0,0,0,0,2,0
fer0012139.png,0,10,0,0,0,0,0,0,0,0
fer0012140.png,9,0,0,0,0,0,0,0,1,0
fer0012141.png,0,10,0,0,0,0,0,0,0,0
fer0012142.png,0,10,0,0,0,0,0,0,0,0
fer0012143.png,1,0,9,0,0,0,0,0,0,0
fer0012144.png,2,0,0,6,0,0,1,0,1,0
fer0012145.png,0,0,9,1,0,0,0,0,0,0
fer0012146.png,0,0,2,0,1,3,4,0,0,0
fer0012147.png,10,0,0,0,0,0,0,0,0,0
fer0012148.png,3,0,0,3,3,0,0,0,1,0
fer0012149.png,4,0,0,3,1,0,0,1,1,0
fer0012150.png,1,0,0,0,5,2,0,1,1,0
fer0012151.png,9,0,0,0,0,1,0,0,0,0
fer0012152.png,6,0,0,1,0,0,0,1,2,0
fer0012153.png,10,0,0,0,0,0,0,0,0,0
fer0012154.png,10,0,0,0,0,0,0,0,0,0
fer0012155.png,2,0,1,0,0,0,7,0,0,0
fer0012156.png,0,10,0,0,0,0,0,0,0,0
fer0012157.png,7,0,0,2,0,0,0,0,1,0
fer0012158.png,0,10,0,0,0,0,0,0,0,0
fer0012159.png,0,0,6,0,0,0,3,0,1,0
fer0012160.png,4,0,0,3,1,0,0,0,2,0
fer0012161.png,9,0,0,0,0,0,0,0,1,0
fer0012162.png,0,0,9,1,0,0,0,0,0,0
fer0012163.png,6,0,0,0,3,0,0,1,0,0
fer0012164.png,0,3,0,5,0,0,1,0,0,1
fer0012165.png,8,0,0,1,1,0,0,0,0,0
fer0012166.png,9,0,0,0,0,0,0,0,1,0
fer0012167.png,0,3,0,1,3,1,0,0,2,0
fer0012168.png,0,2,5,0,1,0,2,0,0,0
fer0012169.png,5,0,1,4,0,0,0,0,0,0
fer0012170.png,1,1,0,1,3,1,0,2,1,0
fer0012171.png,3,1,1,0,0,0,3,1,1,0
fer0012172.png,6,0,0,1,1,0,0,0,2,0
fer0012173.png,6,0,0,2,0,1,0,0,1,0
fer0012174.png,0,10,0,0,0,0,0,0,0,0
fer0012175.png,3,0,5,0,0,0,1,1,0,0
fer0012176.png,2,8,0,0,0,0,0,0,0,0
fer0012177.png,0,1,2,0,0,0,7,0,0,0
fer0012178.png,10,0,0,0,0,0,0,0,0,0
fer0012179.png,4,0,0,4,0,0,1,0,1,0
fer0012180.png,9,0,0,0,0,0,0,0,1,0
fer0012181.png,10,0,0,0,0,0,0,0,0,0
fer0012182.png,8,0,0,1,0,0,0,0,1,0
fer0012183.png,0,10,0,0,0,0,0,0,0,0
fer0012184.png,5,0,0,2,3,0,0,0,0,0
fer0012185.png,3,0,0,0,5,0,0,0,1,1
fer0012186.png,3,3,2,0,0,0,0,0,2,0
fer0012187.png,5,0,0,5,0,0,0,0,0,0
fer0012188.png,0,10,0,0,0,0,0,0,0,0
fer0012189.png,2,0,0,0,6,0,0,1,1,0
fer0012190.png,1,0,0,7,0,0,0,0,2,0
fer0012191.png,7,0,2,0,0,0,0,0,1,0
fer0012192.png,10,0,0,0,0,0,0,0,0,0
fer0012193.png,0,9,0,0,1,0,0,0,0,0
fer0012194.png,9,0,0,1,0,0,0,0,0,0
fer0012195.png,7,0,0,3,0,0,0,0,0,0
fer0012196.png,7,0,0,2,1,0,0,0,0,0
fer0012197.png,2,0,0,0,5,1,0,0,2,0
fer0012198.png,0,0,2,0,7,0,1,0,0,0
fer0012199.png,8,0,0,0,0,1,0,1,0,0
fer0012200.png,9,1,0,0,0,0,0,0,0,0
fer0012201.png,9,0,0,0,0,0,0,1,0,0
fer0012202.png,0,0,0,1,8,0,0,0,1,0
fer0012203.png,9,0,0,1,0,0,0,0,0,0
fer0012204.png,2,0,0,0,1,3,0,2,2,0
fer0012205.png,6,0,0,1,0,0,0,1,2,0
fer0012206.png,0,10,0,0,0,0,0,0,0,0
fer0012207.png,7,0,0,1,1,0,0,0,1,0
fer0012208.png,1,0,1,0,0,0,7,0,1,0
fer0012209.png,2,1,0,2,0,1,0,0,4,0
fer0012210.png,0,0,9,0,0,0,1,0,0,0
fer0012211.png,0,0,0,10,0,0,0,0,0,0
fer0012212.png,0,10,0,0,0,0,0,0,0,0
fer0012213.png,6,0,0,4,0,0,0,0,0,0
fer0012214.png,9,0,0,0,0,0,0,1,0,0
fer0012215.png,9,0,0,0,0,0,0,0,1,0
fer0012216.png,2,1,0,0,3,1,0,1,2,0
fer0012217.png,9,0,0,1,0,0,0,0,0,0
fer0012218.png,6,1,0,2,0,0,0,0,1,0
fer0012219.png,0,0,0,10,0,0,0,0,0,0
fer0012220.png,0,10,0,0,0,0,0,0,0,0
fer0012221.png,2,0,1,0,5,1,0,0,1,0
fer0012222.png,1,0,0,2,0,0,7,0,0,0
fer0012223.png,3,2,0,1,0,0,0,4,0,0
fer0012224.png,0,7,1,0,0,0,0,0,2,0
fer0012225.png,5,0,0,3,0,0,0,0,2,0
fer0012226.png,0,10,0,0,0,0,0,0,0,0
fer0012227.png,3,2,0,5,0,0,0,0,0,0
fer0012228.png,5,0,0,1,2,2,0,0,0,0
fer0012229.png,0,0,4,0,6,0,0,0,0,0
fer0012230.png,0,0,1,0,6,0,2,0,1,0
fer0012231.png,2,0,0,0,2,1,4,0,1,0
fer0012232.png,10,0,0,0,0,0,0,0,0,0
fer0012233.png,8,0,0,1,0,0,0,0,1,0
fer0012234.png,1,0,0,9,0,0,0,0,0,0
fer0012235.png,1,8,0,0,0,0,0,1,0,0
fer0012236.png,5,0,0,4,0,0,0,0,1,0
fer0012237.png,1,0,0,1,8,0,0,0,0,0
fer0012238.png,1,1,0,5,0,0,0,0,1,2
fer0012239.png,7,2,0,0,0,0,0,1,0,0
fer0012240.png,0,10,0,0,0,0,0,0,0,0
fer0012241.png,9,0,0,1,0,0,0,0,0,0
fer0012242.png,2,1,2,0,1,0,1,1,2,0
fer0012243.png,2,0,4,0,0,0,4,0,0,0
fer0012244.png,9,0,0,1,0,0,0,0,0,0
fer0012245.png,7,0,0,3,0,0,0,0,0,0
fer0012246.png,0,9,0,0,0,0,0,0,1,0
fer0012247.png,0,1,1,0,5,0,0,3,0,0
fer0012248.png,0,8,2,0,0,0,0,0,0,0
fer0012249.png,0,10,0,0,0,0,0,0,0,0
fer0012250.png,1,1,2,0,3,0,1,0,2,0
fer0012251.png,0,10,0,0,0,0,0,0,0,0
fer0012252.png,0,3,7,0,0,0,0,0,0,0
fer0012253.png,0,9,0,0,0,0,1,0,0,0
fer0012254.png,1,0,8,0,1,0,0,0,0,0
fer0012255.png,7,3,0,0,0,0,0,0,0,0
fer0012256.png,1,0,2,0,3,0,3,0,1,0
fer0012257.png,7,2,0,0,0,0,0,0,1,0
fer0012258.png,3,0,0,6,1,0,0,0,0,0
fer0012259.png,8,1,0,1,0,0,0,0,0,0
fer0012260.png,3,0,0,0,1,5,0,0,1,0
fer0012261.png,6,0,0,3,0,0,0,0,1,0
fer0012262.png,4,0,0,5,0,0,0,0,1,0
fer0012263.png,0,10,0,0,0,0,0,0,0,0
fer0012264.png,5,0,0,0,0,1,0,4,0,0
fer0012265.png,2,0,6,0,0,0,2,0,0,0
fer0012266.png,7,0,0,3,0,0,0,0,0,0
fer0012267.png,1,0,0,8,0,0,1,0,0,0
fer0012268.png,8,2,0,0,0,0,0,0,0,0
fer0012269.png,0,0,0,1,2,3,0,1,3,0
fer0012270.png,7,0,0,0,2,0,0,0,1,0
fer0012271.png,3,0,0,3,1,0,0,0,3,0
fer0012272.png,1,8,0,1,0,0,0,0,0,0
fer0012273.png,4,0,1,0,2,0,0,0,3,0
fer0012274.png,9,1,0,0,0,0,0,0,0,0
fer0012275.png,0,0,5,0,3,0,2,0,0,0
fer0012276.png,3,0,0,1,4,1,0,1,0,0
fer0012277.png,0,9,1,0,0,0,0,0,0,0
fer0012278.png,1,0,7,0,0,1,1,0,0,0
fer0012279.png,1,0,2,1,3,0,3,0,0,0
fer0012280.png,0,0,0,0,9,0,0,0,1,0
fer0012281.png,7,0,1,0,0,0,0,1,1,0
fer0012282.png,4,0,0,2,3,0,1,0,0,0
fer0012283.png,0,9,0,0,0,0,0,0,1,0
fer0012284.png,5,0,1,4,0,0,0,0,0,0
fer0012285.png,8,1,0,0,0,0,0,1,0,0
fer0012286.png,0,9,1,0,0,0,0,0,0,0
fer0012287.png,0,10,0,0,0,0,0,0,0,0
fer0012288.png,6,2,1,0,0,0,0,0,1,0
fer0012289.png,0,10,0,0,0,0,0,0,0,0
fer0012290.png,3,1,0,5,0,0,0,0,1,0
fer0012291.png,9,0,0,1,0,0,0,0,0,0
fer0012292.png,1,9,0,0,0,0,0,0,0,0
fer0012293.png,3,7,0,0,0,0,0,0,0,0
fer0012294.png,6,0,0,0,3,0,0,0,1,0
fer0012295.png,0,10,0,0,0,0,0,0,0,0
fer0012296.png,0,0,9,0,0,0,0,0,1,0
fer0012297.png,7,0,0,1,1,0,0,0,1,0
fer0012298.png,0,9,0,0,0,0,0,0,0,1
fer0012299.png,9,0,0,1,0,0,0,0,0,0
fer0012300.png,1,0,0,0,8,0,0,0,1,0
fer0012301.png,0,10,0,0,0,0,0,0,0,0
fer0012302.png,3,0,0,7,0,0,0,0,0,0
fer0012303.png,0,10,0,0,0,0,0,0,0,0
fer0012304.png,1,0,8,0,0,0,1,0,0,0
fer0012305.png,6,0,0,2,0,0,0,1,1,0
fer0012306.png,2,0,6,0,0,0,2,0,0,0
fer0012307.png,0,0,10,0,0,0,0,0,0,0
fer0012308.png,0,0,9,0,0,0,0,1,0,0
fer0012309.png,0,10,0,0,0,0,0,0,0,0
fer0012310.png,1,9,0,0,0,0,0,0,0,0
fer0012311.png,3,0,0,6,0,0,0,0,1,0
fer0012312.png,0,10,0,0,0,0,0,0,0,0
fer0012313.png,8,0,2,0,0,0,0,0,0,0
fer0012314.png,9,0,0,0,0,0,0,0,1,0
fer0012315.png,0,10,0,0,0,0,0,0,0,0
fer0012316.png,0,0,10,0,0,0,0,0,0,0
fer0012317.png,0,10,0,0,0,0,0,0,0,0
fer0012318.png,1,0,5,0,0,0,3,1,0,0
fer0012319.png,8,1,0,0,0,0,0,1,0,0
fer0012320.png,0,0,0,8,0,0,2,0,0,0
fer0012321.png,2,8,0,0,0,0,0,0,0,0
fer0012322.png,3,0,0,5,0,0,0,0,2,0
fer0012323.png,1,0,9,0,0,0,0,0,0,0
fer0012324.png,0,10,0,0,0,0,0,0,0,0
fer0012325.png,5,0,0,5,0,0,0,0,0,0
fer0012326.png,7,0,0,2,0,0,0,0,1,0
fer0012327.png,1,0,0,3,4,0,0,0,2,0
fer0012328.png,9,0,0,0,0,1,0,0,0,0
fer0012329.png,5,0,0,3,0,0,0,1,1,0
fer0012330.png,6,0,0,1,2,0,0,0,1,0
fer0012331.png,3,0,0,7,0,0,0,0,0,0
fer0012332.png,8,0,0,0,2,0,0,0,0,0
fer0012333.png,0,0,10,0,0,0,0,0,0,0
fer0012334.png,6,0,0,1,1,1,0,0,1,0
fer0012335.png,0,9,1,0,0,0,0,0,0,0
fer0012336.png,1,0,6,0,0,0,2,0,0,1
fer0012337.png,0,0,0,10,0,0,0,0,0,0
fer0012338.png,0,0,10,0,0,0,0,0,0,0
fer0012339.png,3,0,4,1,0,1,1,0,0,0
fer0012340.png,2,0,0,3,5,0,0,0,0,0
fer0012341.png,0,10,0,0,0,0,0,0,0,0
fer0012342.png,1,9,0,0,0,0,0,0,0,0
fer0012343.png,6,0,0,2,0,2,0,0,0,0
fer0012344.png,1,9,0,0,0,0,0,0,0,0
fer0012345.png,6,0,0,3,1,0,0,0,0,0
fer0012346.png,0,3,7,0,0,0,0,0,0,0
fer0012347.png,9,0,0,1,0,0,0,0,0,0
fer0012348.png,1,4,0,0,0,1,2,0,2,0
fer0012349.png,7,0,0,0,2,0,0,0,1,0
fer0012350.png,0,0,9,0,0,0,1,0,0,0
fer0012351.png,0,9,0,0,0,0,0,0,1,0
fer0012352.png,0,10,0,0,0,0,0,0,0,0
fer0012353.png,3,0,0,1,1,0,3,0,2,0
fer0012354.png,2,1,0,6,0,1,0,0,0,0
fer0012355.png,4,6,0,0,0,0,0,0,0,0
fer0012356.png,9,0,0,1,0,0,0,0,0,0
fer0012357.png,1,0,0,1,5,1,0,1,1,0
fer0012358.png,1,0,0,8,0,0,0,0,1,0
fer0012359.png,7,0,0,3,0,0,0,0,0,0
fer0012360.png,7,0,0,2,0,0,0,0,1,0
fer0012361.png,1,0,0,5,1,0,0,2,1,0
fer0012362.png,0,10,0,0,0,0,0,0,0,0
fer0012363.png,0,5,4,0,0,0,0,0,1,0
fer0012364.png,1,9,0,0,0,0,0,0,0,0
fer0012365.png,1,0,0,0,6,3,0,0,0,0
fer0012366.png,0,1,4,4,0,0,1,0,0,0
fer0012367.png,0,9,0,0,0,0,0,1,0,0
fer0012368.png,0,10,0,0,0,0,0,0,0,0
fer0012369.png,1,1,0,0,8,0,0,0,0,0
fer0012370.png,3,0,2,0,0,0,4,0,1,0
fer0012371.png,0,10,0,0,0,0,0,0,0,0
fer0012372.png,5,0,1,2,0,1,0,0,1,0
fer0012373.png,4,0,0,2,0,0,0,2,2,0
fer0012374.png,3,0,4,0,0,0,0,0,3,0
fer0012375.png,0,10,0,0,0,0,0,0,0,0
fer0012376.png,10,0,0,0,0,0,0,0,0,0
fer0012377.png,0,0,10,0,0,0,0,0,0,0
fer0012378.png,0,0,0,0,0,0,0,10,0,0
fer0012379.png,8,2,0,0,0,0,0,0,0,0
fer0012380.png,0,10,0,0,0,0,0,0,0,0
fer0012381.png,8,1,0,0,0,0,0,0,1,0
fer0012382.png,1,0,0,4,0,5,0,0,0,0
fer0012383.png,0,10,0,0,0,0,0,0,0,0
fer0012384.png,0,0,0,0,9,0,0,1,0,0
fer0012385.png,7,0,0,1,0,1,0,0,1,0
fer0012386.png,6,0,0,0,1,1,0,1,1,0
fer0012387.png,8,1,0,0,0,0,0,1,0,0
fer0012388.png,8,0,0,1,0,0,0,0,1,0
fer0012389.png,1,9,0,0,0,0,0,0,0,0
fer0012390.png,2,0,7,0,0,0,1,0,0,0
fer0012391.png,0,9,1,0,0,0,0,0,0,0
fer0012392.png,4,0,0,5,0,0,0,0,1,0
fer0012393.png,1,8,1,0,0,0,0,0,0,0
fer0012394.png,0,0,1,0,0,0,9,0,0,0
fer0012395.png,2,0,1,3,0,0,4,0,0,0
fer0012396.png,8,0,0,2,0,0,0,0,0,0
fer0012397.png,4,0,0,0,6,0,0,0,0,0
fer0012398.png,7,0,0,2,1,0,0,0,0,0
fer0012399.png,9,1,0,0,0,0,0,0,0,0
fer0012400.png,6,0,0,3,0,0,0,1,0,0
fer0012401.png,4,1,0,5,0,0,0,0,0,0
fer0012402.png,3,0,0,5,0,0,0,0,2,0
fer0012403.png,0,10,0,0,0,0,0,0,0,0
fer0012404.png,0,10,0,0,0,0,0,0,0,0
fer0012405.png,7,0,0,3,0,0,0,0,0,0
fer0012406.png,0,0,5,0,0,0,4,0,1,0
fer0012407.png,6,4,0,0,0,0,0,0,0,0
fer0012408.png,3,0,0,3,3,1,0,0,0,0
fer0012409.png,5,0,0,2,1,0,1,0,1,0
fer0012410.png,9,0,0,0,0,0,1,0,0,0
fer0012411.png,7,0,3,0,0,0,0,0,0,0
fer0012412.png,5,0,1,3,0,0,0,0,1,0
fer0012413.png,9,0,1,0,0,0,0,0,0,0
fer0012414.png,4,0,0,6,0,0,0,0,0,0
fer0012415.png,0,0,0,0,9,0,0,0,1,0
fer0012416.png,6,0,0,3,0,0,0,0,1,0
fer0012417.png,4,0,0,1,1,0,2,0,2,0
fer0012418.png,0,0,4,0,1,0,5,0,0,0
fer0012419.png,0,1,9,0,0,0,0,0,0,0
fer0012420.png,0,9,0,1,0,0,0,0,0,0
fer0012421.png,6,0,0,1,1,0,0,2,0,0
fer0012422.png,0,10,0,0,0,0,0,0,0,0
fer0012423.png,0,0,10,0,0,0,0,0,0,0
fer0012424.png,1,2,0,0,6,1,0,0,0,0
fer0012425.png,10,0,0,0,0,0,0,0,0,0
fer0012426.png,1,3,4,0,0,0,0,0,2,0
fer0012427.png,5,0,1,3,0,0,0,0,1,0
fer0012428.png,0,0,10,0,0,0,0,0,0,0
fer0012429.png,0,9,0,0,0,0,0,0,1,0
fer0012431.png,0,10,0,0,0,0,0,0,0,0
fer0012432.png,1,1,5,0,0,0,2,0,1,0
fer0012433.png,7,0,0,2,0,0,0,0,1,0
fer0012434.png,0,1,2,0,3,0,1,0,3,0
fer0012435.png,0,0,8,0,0,0,2,0,0,0
fer0012436.png,5,0,2,2,0,1,0,0,0,0
fer0012437.png,9,0,0,1,0,0,0,0,0,0
fer0012438.png,0,0,10,0,0,0,0,0,0,0
fer0012439.png,8,1,0,0,0,0,0,1,0,0
fer0012440.png,7,0,0,3,0,0,0,0,0,0
fer0012441.png,0,2,8,0,0,0,0,0,0,0
fer0012442.png,10,0,0,0,0,0,0,0,0,0
fer0012443.png,0,10,0,0,0,0,0,0,0,0
fer0012444.png,5,0,0,4,0,0,0,0,1,0
fer0012445.png,0,10,0,0,0,0,0,0,0,0
fer0012446.png,9,0,0,1,0,0,0,0,0,0
fer0012447.png,9,1,0,0,0,0,0,0,0,0
fer0012448.png,8,0,0,1,1,0,0,0,0,0
fer0012449.png,0,9,0,0,0,0,0,1,0,0
fer0012450.png,6,4,0,0,0,0,0,0,0,0
fer0012451.png,0,0,5,0,0,0,5,0,0,0
fer0012452.png,0,8,0,0,0,0,0,0,2,0
fer0012453.png,1,0,0,9,0,0,0,0,0,0
fer0012454.png,8,0,0,0,0,0,0,0,2,0
fer0012455.png,0,2,7,0,0,0,1,0,0,0
fer0012456.png,10,0,0,0,0,0,0,0,0,0
fer0012457.png,6,0,0,0,1,2,0,1,0,0
fer0012458.png,1,0,1,1,1,1,5,0,0,0
fer0012459.png,9,0,0,1,0,0,0,0,0,0
fer0012460.png,1,8,0,0,0,1,0,0,0,0
fer0012461.png,9,0,0,1,0,0,0,0,0,0
fer0012462.png,0,0,10,0,0,0,0,0,0,0
fer0012463.png,0,0,0,9,0,0,0,0,1,0
fer0012464.png,1,0,0,1,1,6,0,1,0,0
fer0012465.png,3,0,0,6,0,0,0,1,0,0
fer0012466.png,0,10,0,0,0,0,0,0,0,0
fer0012467.png,5,0,0,4,0,1,0,0,0,0
fer0012468.png,0,0,0,0,9,1,0,0,0,0
fer0012469.png,1,0,9,0,0,0,0,0,0,0
fer0012470.png,1,0,9,0,0,0,0,0,0,0
fer0012471.png,7,3,0,0,0,0,0,0,0,0
fer0012472.png,3,7,0,0,0,0,0,0,0,0
fer0012473.png,8,0,0,1,0,0,0,0,1,0
fer0012474.png,0,10,0,0,0,0,0,0,0,0
fer0012475.png,7,0,1,1,0,0,0,0,1,0
fer0012476.png,7,2,0,0,0,0,0,1,0,0
fer0012477.png,8,0,0,0,0,0,1,0,1,0
fer0012478.png,1,0,4,0,2,0,2,0,1,0
fer0012479.png,10,0,0,0,0,0,0,0,0,0
fer0012480.png,9,0,0,1,0,0,0,0,0,0
fer0012481.png,5,0,0,4,0,1,0,0,0,0
fer0012482.png,0,10,0,0,0,0,0,0,0,0
fer0012483.png,5,0,4,1,0,0,0,0,0,0
fer0012484.png,5,4,0,0,0,0,0,1,0,0
fer0012485.png,0,10,0,0,0,0,0,0,0,0
fer0012486.png,2,0,0,8,0,0,0,0,0,0
fer0012487.png,0,5,5,0,0,0,0,0,0,0
fer0012488.png,1,5,4,0,0,0,0,0,0,0
fer0012489.png,0,0,0,9,1,0,0,0,0,0
fer0012490.png,1,0,0,0,8,0,0,0,1,0
fer0012491.png,2,8,0,0,0,0,0,0,0,0
fer0012492.png,6,0,0,2,0,0,0,0,2,0
fer0012493.png,1,5,1,1,1,0,0,0,1,0
fer0012494.png,5,0,3,1,0,0,0,0,1,0
fer0012495.png,7,2,1,0,0,0,0,0,0,0
fer0012496.png,2,1,4,1,0,0,1,0,1,0
fer0012497.png,1,0,0,0,8,0,0,1,0,0
fer0012498.png,1,0,7,0,0,0,2,0,0,0
fer0012499.png,0,0,0,10,0,0,0,0,0,0
fer0012500.png,9,1,0,0,0,0,0,0,0,0
fer0012501.png,0,0,10,0,0,0,0,0,0,0
fer0012502.png,0,10,0,0,0,0,0,0,0,0
fer0012503.png,1,0,6,0,0,0,2,0,1,0
fer0012504.png,0,10,0,0,0,0,0,0,0,0
fer0012505.png,0,0,0,0,10,0,0,0,0,0
fer0012506.png,0,10,0,0,0,0,0,0,0,0
fer0012507.png,0,10,0,0,0,0,0,0,0,0
fer0012508.png,2,0,4,0,3,0,0,0,1,0
fer0012509.png,6,0,0,4,0,0,0,0,0,0
fer0012510.png,0,10,0,0,0,0,0,0,0,0
fer0012511.png,0,0,0,10,0,0,0,0,0,0
fer0012512.png,5,1,0,2,0,0,0,0,2,0
fer0012513.png,0,8,1,0,0,0,0,0,1,0
fer0012514.png,7,0,1,1,0,1,0,0,0,0
fer0012515.png,6,0,0,0,4,0,0,0,0,0
fer0012516.png,3,0,5,2,0,0,0,0,0,0
fer0012517.png,3,0,0,4,3,0,0,0,0,0
fer0012518.png,6,0,0,2,0,0,0,1,1,0
fer0012519.png,1,0,0,9,0,0,0,0,0,0
fer0012520.png,8,0,0,2,0,0,0,0,0,0
fer0012521.png,1,0,0,4,0,0,0,5,0,0
fer0012522.png,0,6,2,0,0,1,0,0,1,0
fer0012523.png,9,0,0,0,0,0,0,0,1,0
fer0012524.png,8,0,0,1,1,0,0,0,0,0
fer0012525.png,0,10,0,0,0,0,0,0,0,0
fer0012526.png,1,0,7,0,0,0,1,0,1,0
fer0012527.png,0,10,0,0,0,0,0,0,0,0
fer0012528.png,3,1,0,5,0,0,0,0,1,0
fer0012529.png,0,1,7,0,0,0,2,0,0,0
fer0012530.png,7,3,0,0,0,0,0,0,0,0
fer0012531.png,0,10,0,0,0,0,0,0,0,0
fer0012532.png,2,8,0,0,0,0,0,0,0,0
fer0012533.png,1,0,0,0,8,0,1,0,0,0
fer0012534.png,10,0,0,0,0,0,0,0,0,0
fer0012535.png,5,0,0,2,2,0,0,1,0,0
fer0012536.png,1,0,0,9,0,0,0,0,0,0
fer0012537.png,0,0,7,0,0,0,3,0,0,0
fer0012538.png,0,8,2,0,0,0,0,0,0,0
fer0012539.png,1,0,0,0,0,0,8,0,1,0
fer0012540.png,0,10,0,0,0,0,0,0,0,0
fer0012541.png,10,0,0,0,0,0,0,0,0,0
fer0012542.png,3,7,0,0,0,0,0,0,0,0
fer0012543.png,0,7,2,0,0,0,1,0,0,0
fer0012544.png,0,10,0,0,0,0,0,0,0,0
fer0012545.png,0,10,0,0,0,0,0,0,0,0
fer0012546.png,1,9,0,0,0,0,0,0,0,0
fer0012547.png,0,0,0,5,0,0,0,0,5,0
fer0012548.png,6,4,0,0,0,0,0,0,0,0
fer0012549.png,0,2,1,1,4,1,0,0,1,0
fer0012550.png,2,1,1,0,6,0,0,0,0,0
fer0012551.png,7,0,0,3,0,0,0,0,0,0
fer0012552.png,0,0,10,0,0,0,0,0,0,0
fer0012553.png,1,0,6,0,0,0,3,0,0,0
fer0012554.png,0,10,0,0,0,0,0,0,0,0
fer0012555.png,0,10,0,0,0,0,0,0,0,0
fer0012556.png,6,0,0,2,0,0,1,0,1,0
fer0012557.png,0,0,4,0,0,0,5,0,1,0
fer0012558.png,1,2,0,6,0,0,1,0,0,0
fer0012559.png,7,0,0,2,0,0,0,0,1,0
fer0012560.png,0,0,1,0,8,0,0,0,1,0
fer0012561.png,0,2,7,0,0,0,1,0,0,0
fer0012562.png,9,0,0,1,0,0,0,0,0,0
fer0012563.png,9,0,0,1,0,0,0,0,0,0
fer0012564.png,7,0,0,2,0,0,0,0,1,0
fer0012565.png,0,8,1,0,0,0,0,0,1,0
fer0012566.png,0,10,0,0,0,0,0,0,0,0
fer0012567.png,5,4,0,1,0,0,0,0,0,0
fer0012568.png,0,0,6,0,1,0,2,0,1,0
fer0012569.png,1,7,0,0,1,0,1,0,0,0
fer0012570.png,0,0,9,0,0,0,1,0,0,0
fer0012571.png,10,0,0,0,0,0,0,0,0,0
fer0012572.png,0,0,10,0,0,0,0,0,0,0
fer0012573.png,5,0,3,1,0,0,0,0,1,0
fer0012574.png,8,0,0,2,0,0,0,0,0,0
fer0012575.png,0,0,9,0,0,0,1,0,0,0
fer0012576.png,0,10,0,0,0,0,0,0,0,0
fer0012577.png,1,7,1,0,0,0,0,0,1,0
fer0012578.png,3,0,0,2,1,2,1,1,0,0
fer0012579.png,0,10,0,0,0,0,0,0,0,0
fer0012580.png,1,1,0,7,0,0,0,0,1,0
fer0012581.png,1,0,0,5,4,0,0,0,0,0
fer0012582.png,6,1,0,0,0,0,0,3,0,0
fer0012583.png,8,0,1,0,0,0,0,0,1,0
fer0012584.png,0,10,0,0,0,0,0,0,0,0
fer0012585.png,0,0,0,0,0,10,0,0,0,0
fer0012586.png,3,0,0,5,0,1,0,0,1,0
fer0012587.png,0,0,1,0,7,0,0,0,2,0
fer0012588.png,1,9,0,0,0,0,0,0,0,0
fer0012589.png,1,0,4,0,0,0,1,0,3,1
fer0012590.png,4,4,0,0,0,0,0,0,2,0
fer0012591.png,1,0,9,0,0,0,0,0,0,0
fer0012592.png,1,9,0,0,0,0,0,0,0,0
fer0012593.png,9,0,0,1,0,0,0,0,0,0
fer0012594.png,1,0,0,8,0,0,1,0,0,0
fer0012595.png,0,10,0,0,0,0,0,0,0,0
fer0012596.png,6,0,0,0,2,0,0,0,2,0
fer0012597.png,5,0,0,5,0,0,0,0,0,0
fer0012598.png,2,0,2,0,2,0,0,3,1,0
fer0012599.png,5,0,0,0,3,0,0,0,2,0
fer0012600.png,1,1,1,1,4,0,1,0,1,0
fer0012601.png,1,9,0,0,0,0,0,0,0,0
fer0012602.png,8,1,0,0,0,0,0,0,1,0
fer0012603.png,9,1,0,0,0,0,0,0,0,0
fer0012604.png,0,0,9,0,0,0,1,0,0,0
fer0012605.png,9,0,0,0,0,0,0,1,0,0
fer0012606.png,0,0,0,4,6,0,0,0,0,0
fer0012607.png,9,0,0,0,0,0,0,0,1,0
fer0012608.png,4,0,0,5,0,0,0,0,1,0
fer0012609.png,3,0,2,0,5,0,0,0,0,0
fer0012610.png,9,0,0,0,1,0,0,0,0,0
fer0012611.png,10,0,0,0,0,0,0,0,0,0
fer0012612.png,8,1,1,0,0,0,0,0,0,0
fer0012613.png,4,0,0,0,5,0,0,1,0,0
fer0012614.png,7,0,0,0,0,0,0,1,2,0
fer0012615.png,10,0,0,0,0,0,0,0,0,0
fer0012616.png,1,9,0,0,0,0,0,0,0,0
fer0012617.png,8,0,0,1,0,0,0,1,0,0
fer0012618.png,0,10,0,0,0,0,0,0,0,0
fer0012619.png,3,0,0,1,5,1,0,0,0,0
fer0012620.png,8,1,0,0,0,0,0,0,1,0
fer0012621.png,8,0,0,0,0,0,0,0,2,0
fer0012622.png,0,0,8,0,0,0,0,0,2,0
fer0012623.png,5,0,2,1,0,0,1,0,1,0
fer0012624.png,3,0,0,5,0,1,0,0,1,0
fer0012625.png,4,0,0,4,1,0,0,0,1,0
fer0012626.png,5,0,0,4,0,0,0,1,0,0
fer0012627.png,0,0,2,3,0,0,4,0,1,0
fer0012628.png,5,0,0,4,0,0,0,1,0,0
fer0012629.png,0,10,0,0,0,0,0,0,0,0
fer0012630.png,1,0,0,9,0,0,0,0,0,0
fer0012631.png,4,0,0,2,3,0,0,0,1,0
fer0012632.png,0,0,0,0,8,2,0,0,0,0
fer0012633.png,1,9,0,0,0,0,0,0,0,0
fer0012634.png,2,0,0,1,7,0,0,0,0,0
fer0012635.png,10,0,0,0,0,0,0,0,0,0
fer0012636.png,0,10,0,0,0,0,0,0,0,0
fer0012637.png,0,10,0,0,0,0,0,0,0,0
fer0012638.png,0,10,0,0,0,0,0,0,0,0
fer0012639.png,6,0,0,2,1,1,0,0,0,0
fer0012640.png,2,0,0,5,1,0,1,0,1,0
fer0012641.png,1,0,0,0,9,0,0,0,0,0
fer0012642.png,0,8,2,0,0,0,0,0,0,0
fer0012643.png,0,10,0,0,0,0,0,0,0,0
fer0012644.png,7,0,0,2,0,0,0,0,1,0
fer0012645.png,0,5,1,0,4,0,0,0,0,0
fer0012646.png,0,0,3,0,6,0,0,0,1,0
fer0012647.png,8,0,0,1,0,0,0,0,1,0
fer0012648.png,8,2,0,0,0,0,0,0,0,0
fer0012649.png,1,7,0,0,0,1,0,0,1,0
fer0012650.png,3,0,7,0,0,0,0,0,0,0
fer0012651.png,9,0,0,1,0,0,0,0,0,0
fer0012652.png,6,0,0,3,0,1,0,0,0,0
fer0012653.png,0,7,3,0,0,0,0,0,0,0
fer0012654.png,6,4,0,0,0,0,0,0,0,0
fer0012655.png,7,1,1,0,0,0,0,0,1,0
fer0012656.png,1,0,4,0,0,0,5,0,0,0
fer0012657.png,0,10,0,0,0,0,0,0,0,0
fer0012658.png,0,0,2,2,3,0,3,0,0,0
fer0012659.png,5,0,0,2,0,0,0,0,3,0
fer0012660.png,6,0,1,0,2,0,0,0,1,0
fer0012661.png,7,0,0,2,0,0,0,0,1,0
fer0012662.png,1,6,0,3,0,0,0,0,0,0
fer0012663.png,0,1,8,0,1,0,0,0,0,0
fer0012664.png,4,6,0,0,0,0,0,0,0,0
fer0012665.png,2,0,0,5,0,0,0,1,2,0
fer0012666.png,5,0,1,0,0,0,0,1,3,0
fer0012667.png,0,0,0,6,2,0,2,0,0,0
fer0012668.png,2,0,8,0,0,0,0,0,0,0
fer0012669.png,0,10,0,0,0,0,0,0,0,0
fer0012670.png,7,0,0,0,1,0,0,0,2,0
fer0012671.png,0,5,1,1,1,0,0,0,2,0
fer0012672.png,2,1,0,6,0,0,1,0,0,0
fer0012673.png,1,9,0,0,0,0,0,0,0,0
fer0012674.png,1,7,2,0,0,0,0,0,0,0
fer0012675.png,0,0,0,0,9,0,0,0,1,0
fer0012676.png,4,0,0,5,0,0,0,0,1,0
fer0012677.png,4,0,0,3,0,0,0,0,3,0
fer0012678.png,1,0,9,0,0,0,0,0,0,0
fer0012679.png,6,0,1,0,1,0,0,0,2,0
fer0012680.png,9,0,0,1,0,0,0,0,0,0
fer0012681.png,10,0,0,0,0,0,0,0,0,0
fer0012682.png,0,10,0,0,0,0,0,0,0,0
fer0012683.png,7,0,2,1,0,0,0,0,0,0
fer0012684.png,6,0,3,0,0,0,1,0,0,0
fer0012685.png,9,1,0,0,0,0,0,0,0,0
fer0012686.png,6,4,0,0,0,0,0,0,0,0
fer0012687.png,4,1,1,1,0,0,1,0,2,0
fer0012688.png,3,2,5,0,0,0,0,0,0,0
fer0012689.png,8,1,0,0,0,0,0,1,0,0
fer0012690.png,1,9,0,0,0,0,0,0,0,0
fer0012691.png,2,0,0,6,0,0,0,0,2,0
fer0012692.png,0,10,0,0,0,0,0,0,0,0
fer0012693.png,7,0,0,3,0,0,0,0,0,0
fer0012694.png,0,10,0,0,0,0,0,0,0,0
fer0012695.png,0,0,0,8,0,1,0,0,1,0
fer0012696.png,7,2,0,0,0,0,0,0,1,0
fer0012697.png,3,0,1,0,0,0,4,0,2,0
fer0012698.png,0,0,2,0,8,0,0,0,0,0
fer0012699.png,1,6,0,0,0,0,0,0,3,0
fer0012700.png,0,0,0,0,10,0,0,0,0,0
fer0012701.png,7,1,0,1,0,0,0,0,1,0
fer0012702.png,0,0,5,1,0,0,4,0,0,0
fer0012703.png,3,1,2,1,0,0,0,2,1,0
fer0012704.png,1,9,0,0,0,0,0,0,0,0
fer0012705.png,6,0,0,4,0,0,0,0,0,0
fer0012706.png,0,3,5,0,2,0,0,0,0,0
fer0012707.png,0,10,0,0,0,0,0,0,0,0
fer0012708.png,6,0,0,0,4,0,0,0,0,0
fer0012709.png,10,0,0,0,0,0,0,0,0,0
fer0012710.png,0,0,9,0,0,0,1,0,0,0
fer0012711.png,8,1,0,0,0,0,0,0,1,0
fer0012712.png,0,0,0,0,9,0,0,0,1,0
fer0012713.png,0,0,7,0,0,0,3,0,0,0
fer0012714.png,8,0,2,0,0,0,0,0,0,0
fer0012715.png,2,0,0,7,0,0,0,0,1,0
fer0012716.png,5,0,0,4,0,0,0,0,1,0
fer0012717.png,1,4,1,1,0,2,0,0,1,0
fer0012718.png,4,0,0,3,0,0,0,3,0,0
fer0012719.png,4,5,0,1,0,0,0,0,0,0
fer0012720.png,9,0,0,1,0,0,0,0,0,0
fer0012721.png,5,1,1,0,1,0,0,0,2,0
fer0012722.png,9,0,0,1,0,0,0,0,0,0
fer0012723.png,5,0,4,0,0,0,0,0,1,0
fer0012724.png,6,0,0,1,0,0,0,0,3,0
fer0012725.png,1,0,0,3,1,3,0,0,2,0
fer0012726.png,0,9,1,0,0,0,0,0,0,0
fer0012727.png,3,0,0,4,1,0,0,0,2,0
fer0012728.png,0,0,10,0,0,0,0,0,0,0
fer0012729.png,0,10,0,0,0,0,0,0,0,0
fer0012730.png,9,0,0,0,0,0,0,0,1,0
fer0012731.png,5,0,0,4,0,0,0,0,1,0
fer0012732.png,8,0,0,2,0,0,0,0,0,0
fer0012733.png,0,3,7,0,0,0,0,0,0,0
fer0012734.png,8,0,0,0,2,0,0,0,0,0
fer0012735.png,1,0,0,4,5,0,0,0,0,0
fer0012736.png,3,1,5,0,0,0,0,0,1,0
fer0012737.png,0,9,1,0,0,0,0,0,0,0
fer0012738.png,1,7,1,0,0,0,0,0,1,0
fer0012739.png,8,0,1,1,0,0,0,0,0,0
fer0012740.png,6,0,0,4,0,0,0,0,0,0
fer0012741.png,0,10,0,0,0,0,0,0,0,0
fer0012742.png,9,0,0,0,0,0,0,0,1,0
fer0012743.png,7,0,2,0,0,0,0,0,1,0
fer0012744.png,0,10,0,0,0,0,0,0,0,0
fer0012745.png,0,0,9,0,0,0,1,0,0,0
fer0012746.png,4,6,0,0,0,0,0,0,0,0
fer0012747.png,1,0,5,1,0,0,3,0,0,0
fer0012748.png,6,0,0,1,2,1,0,0,0,0
fer0012749.png,3,7,0,0,0,0,0,0,0,0
fer0012750.png,9,0,0,1,0,0,0,0,0,0
fer0012751.png,2,0,0,7,0,0,0,1,0,0
fer0012752.png,0,10,0,0,0,0,0,0,0,0
fer0012753.png,0,10,0,0,0,0,0,0,0,0
fer0012754.png,2,8,0,0,0,0,0,0,0,0
fer0012755.png,0,10,0,0,0,0,0,0,0,0
fer0012756.png,6,1,0,0,0,1,0,0,2,0
fer0012757.png,0,0,8,0,0,0,1,0,1,0
fer0012758.png,3,0,1,2,1,1,0,0,2,0
fer0012759.png,1,0,8,0,0,0,0,1,0,0
fer0012760.png,5,0,0,3,0,2,0,0,0,0
fer0012761.png,9,0,0,0,0,0,0,1,0,0
fer0012762.png,0,10,0,0,0,0,0,0,0,0
fer0012763.png,0,9,0,0,0,0,0,0,1,0
fer0012764.png,7,0,0,0,2,0,0,0,1,0
fer0012765.png,7,1,0,1,0,0,0,1,0,0
fer0012766.png,8,0,1,0,0,0,0,0,1,0
fer0012767.png,0,0,7,1,0,0,1,0,1,0
fer0012768.png,2,1,0,6,0,0,1,0,0,0
fer0012769.png,0,10,0,0,0,0,0,0,0,0
fer0012770.png,1,9,0,0,0,0,0,0,0,0
fer0012771.png,7,0,0,3,0,0,0,0,0,0
fer0012772.png,0,0,2,2,1,4,1,0,0,0
fer0012773.png,2,0,0,0,7,0,0,0,1,0
fer0012774.png,5,0,0,3,2,0,0,0,0,0
fer0012775.png,3,0,0,5,0,1,0,0,1,0
fer0012776.png,1,9,0,0,0,0,0,0,0,0
fer0012777.png,3,0,0,6,0,0,0,0,1,0
fer0012778.png,0,0,6,0,0,0,4,0,0,0
fer0012779.png,0,10,0,0,0,0,0,0,0,0
fer0012780.png,7,0,0,3,0,0,0,0,0,0
fer0012781.png,8,0,1,0,0,0,0,0,1,0
fer0012782.png,6,0,0,2,1,1,0,0,0,0
fer0012783.png,7,0,0,2,0,0,0,0,1,0
fer0012784.png,7,0,0,1,1,0,0,0,1,0
fer0012785.png,1,0,6,0,1,0,2,0,0,0
fer0012786.png,1,0,0,7,0,0,0,0,2,0
fer0012787.png,5,0,0,4,0,0,0,0,1,0
fer0012788.png,2,0,0,7,1,0,0,0,0,0
fer0012789.png,1,8,0,0,0,0,0,1,0,0
fer0012790.png,0,0,8,0,1,0,0,0,1,0
fer0012791.png,0,0,1,0,6,1,0,0,2,0
fer0012792.png,8,0,0,0,1,0,0,0,1,0
fer0012793.png,2,0,1,2,0,0,4,0,1,0
fer0012794.png,0,0,10,0,0,0,0,0,0,0
fer0012795.png,1,8,1,0,0,0,0,0,0,0
fer0012796.png,6,0,0,0,2,0,0,0,2,0
fer0012797.png,8,0,0,1,0,0,0,0,1,0
fer0012798.png,0,9,0,1,0,0,0,0,0,0
fer0012799.png,2,0,1,3,2,0,1,0,1,0
fer0012800.png,0,7,0,1,0,0,0,0,2,0
fer0012801.png,0,0,0,8,1,1,0,0,0,0
fer0012802.png,7,0,0,3,0,0,0,0,0,0
fer0012803.png,3,0,0,2,1,4,0,0,0,0
fer0012804.png,0,2,8,0,0,0,0,0,0,0
fer0012806.png,0,0,0,0,8,0,1,0,1,0
fer0012807.png,4,0,0,2,3,0,0,1,0,0
fer0012808.png,1,0,0,9,0,0,0,0,0,0
fer0012809.png,0,0,9,0,0,0,1,0,0,0
fer0012810.png,0,10,0,0,0,0,0,0,0,0
fer0012811.png,1,0,3,0,6,0,0,0,0,0
fer0012812.png,9,0,0,0,1,0,0,0,0,0
fer0012813.png,10,0,0,0,0,0,0,0,0,0
fer0012814.png,1,0,0,6,3,0,0,0,0,0
fer0012815.png,8,0,0,1,1,0,0,0,0,0
fer0012816.png,0,0,1,0,8,1,0,0,0,0
fer0012817.png,9,0,0,1,0,0,0,0,0,0
fer0012818.png,1,0,2,0,5,0,1,0,1,0
fer0012819.png,2,1,6,0,0,0,0,0,1,0
fer0012820.png,3,0,0,0,3,2,0,1,1,0
fer0012821.png,7,0,0,3,0,0,0,0,0,0
fer0012822.png,0,10,0,0,0,0,0,0,0,0
fer0012823.png,7,0,0,1,2,0,0,0,0,0
fer0012824.png,7,1,0,0,1,0,0,0,1,0
fer0012825.png,0,0,1,3,3,1,1,0,1,0
fer0012826.png,0,10,0,0,0,0,0,0,0,0
fer0012827.png,6,1,0,3,0,0,0,0,0,0
fer0012828.png,2,1,1,1,4,0,1,0,0,0
fer0012829.png,5,0,0,5,0,0,0,0,0,0
fer0012830.png,0,0,9,0,0,0,1,0,0,0
fer0012831.png,8,0,0,0,0,0,0,0,2,0
fer0012832.png,4,0,0,5,0,0,0,0,1,0
fer0012833.png,4,0,0,5,0,0,0,0,1,0
fer0012834.png,9,0,0,1,0,0,0,0,0,0
fer0012835.png,7,0,0,2,0,0,0,0,1,0
fer0012836.png,0,9,0,0,0,0,0,0,1,0
fer0012837.png,1,0,0,1,0,0,0,1,7,0
fer0012838.png,10,0,0,0,0,0,0,0,0,0
fer0012839.png,2,0,0,0,6,2,0,0,0,0
fer0012840.png,6,1,0,2,0,1,0,0,0,0
fer0012841.png,4,3,0,0,1,0,0,0,2,0
fer0012842.png,0,1,3,0,2,0,4,0,0,0
fer0012843.png,7,0,0,3,0,0,0,0,0,0
fer0012844.png,9,0,0,1,0,0,0,0,0,0
fer0012845.png,5,0,0,3,0,0,0,1,1,0
fer0012846.png,0,0,8,0,0,0,1,0,1,0
fer0012847.png,6,0,0,3,0,0,0,0,1,0
fer0012848.png,8,0,0,1,0,0,0,1,0,0
fer0012849.png,0,7,2,0,0,0,1,0,0,0
fer0012850.png,0,5,0,3,0,0,0,0,2,0
fer0012851.png,0,10,0,0,0,0,0,0,0,0
fer0012852.png,0,9,1,0,0,0,0,0,0,0
fer0012853.png,10,0,0,0,0,0,0,0,0,0
fer0012854.png,1,0,0,6,1,0,0,0,2,0
fer0012855.png,3,0,1,4,0,1,1,0,0,0
fer0012856.png,4,0,0,5,0,0,0,0,1,0
fer0012857.png,0,10,0,0,0,0,0,0,0,0
fer0012858.png,0,10,0,0,0,0,0,0,0,0
fer0012859.png,5,0,0,5,0,0,0,0,0,0
fer0012860.png,0,0,2,0,0,0,8,0,0,0
fer0012861.png,1,0,1,5,0,0,0,0,3,0
fer0012862.png,8,0,0,2,0,0,0,0,0,0
fer0012863.png,0,0,5,1,1,0,3,0,0,0
fer0012864.png,8,0,0,0,0,0,0,0,2,0
fer0012865.png,0,0,7,0,1,0,1,0,1,0
fer0012866.png,0,10,0,0,0,0,0,0,0,0
fer0012867.png,7,3,0,0,0,0,0,0,0,0
fer0012868.png,0,6,4,0,0,0,0,0,0,0
fer0012869.png,0,10,0,0,0,0,0,0,0,0
fer0012870.png,0,0,0,0,10,0,0,0,0,0
fer0012871.png,1,0,0,0,8,0,0,0,1,0
fer0012872.png,6,0,2,1,0,0,0,0,1,0
fer0012873.png,0,0,9,0,0,0,1,0,0,0
fer0012874.png,0,0,8,0,1,1,0,0,0,0
fer0012875.png,5,4,0,0,1,0,0,0,0,0
fer0012876.png,0,0,10,0,0,0,0,0,0,0
fer0012877.png,0,9,1,0,0,0,0,0,0,0
fer0012878.png,8,0,1,0,0,0,0,0,1,0
fer0012879.png,0,10,0,0,0,0,0,0,0,0
fer0012880.png,2,0,0,1,4,0,0,1,2,0
fer0012881.png,0,10,0,0,0,0,0,0,0,0
fer0012882.png,1,0,0,0,0,2,5,0,2,0
fer0012883.png,1,0,9,0,0,0,0,0,0,0
fer0012884.png,2,0,0,7,1,0,0,0,0,0
fer0012885.png,0,10,0,0,0,0,0,0,0,0
fer0012886.png,10,0,0,0,0,0,0,0,0,0
fer0012887.png,10,0,0,0,0,0,0,0,0,0
fer0012888.png,3,3,0,2,0,0,0,1,1,0
fer0012889.png,0,10,0,0,0,0,0,0,0,0
fer0012890.png,1,9,0,0,0,0,0,0,0,0
fer0012891.png,0,10,0,0,0,0,0,0,0,0
fer0012892.png,5,5,0,0,0,0,0,0,0,0
fer0012893.png,4,0,0,5,1,0,0,0,0,0
fer0012894.png,2,0,3,1,0,0,0,0,4,0
fer0012895.png,3,0,4,0,0,1,0,0,2,0
fer0012896.png,7,0,1,0,0,1,0,0,1,0
fer0012897.png,0,9,0,0,0,0,0,0,1,0
fer0012898.png,10,0,0,0,0,0,0,0,0,0
fer0012899.png,0,0,1,2,5,0,1,0,1,0
fer0012900.png,1,0,1,5,0,0,3,0,0,0
fer0012901.png,4,4,0,0,0,0,0,2,0,0
fer0012902.png,0,9,0,0,0,0,0,0,1,0
fer0012903.png,9,0,0,0,0,0,0,0,1,0
fer0012904.png,1,6,0,0,0,0,0,2,1,0
fer0012905.png,7,0,0,3,0,0,0,0,0,0
fer0012906.png,0,10,0,0,0,0,0,0,0,0
fer0012907.png,0,0,6,0,0,0,4,0,0,0
fer0012908.png,1,1,1,6,0,0,0,0,1,0
fer0012909.png,7,0,0,2,0,0,0,0,1,0
fer0012910.png,1,0,0,1,8,0,0,0,0,0
fer0012911.png,2,0,0,6,0,0,0,0,2,0
fer0012912.png,0,3,1,0,3,0,1,0,2,0
fer0012913.png,0,0,4,0,0,0,6,0,0,0
fer0012914.png,5,0,0,5,0,0,0,0,0,0
fer0012915.png,3,0,0,4,1,0,0,0,2,0
fer0012916.png,0,10,0,0,0,0,0,0,0,0
fer0012917.png,2,0,0,6,0,0,1,0,1,0
fer0012918.png,0,10,0,0,0,0,0,0,0,0
fer0012919.png,0,8,1,0,1,0,0,0,0,0
fer0012920.png,9,0,0,0,0,0,0,0,1,0
fer0012921.png,0,10,0,0,0,0,0,0,0,0
fer0012922.png,1,9,0,0,0,0,0,0,0,0
fer0012923.png,10,0,0,0,0,0,0,0,0,0
fer0012924.png,7,0,0,1,0,0,0,0,2,0
fer0012925.png,0,0,3,1,0,3,3,0,0,0
fer0012926.png,3,0,0,5,0,0,0,2,0,0
fer0012927.png,4,0,0,0,2,1,0,1,2,0
fer0012928.png,10,0,0,0,0,0,0,0,0,0
fer0012929.png,6,0,0,4,0,0,0,0,0,0
fer0012930.png,4,0,0,5,0,0,0,0,1,0
fer0012931.png,1,8,0,1,0,0,0,0,0,0
fer0012932.png,6,0,0,4,0,0,0,0,0,0
fer0012933.png,0,1,1,0,8,0,0,0,0,0
fer0012934.png,2,0,1,2,0,1,2,0,2,0
fer0012935.png,0,0,0,0,7,0,2,0,1,0
fer0012936.png,2,0,0,0,0,0,0,7,1,0
fer0012937.png,1,0,2,3,2,1,0,0,1,0
fer0012938.png,2,3,5,0,0,0,0,0,0,0
fer0012939.png,0,4,6,0,0,0,0,0,0,0
fer0012940.png,4,0,3,0,0,0,1,0,2,0
fer0012941.png,3,0,0,7,0,0,0,0,0,0
fer0012942.png,0,10,0,0,0,0,0,0,0,0
fer0012943.png,0,9,1,0,0,0,0,0,0,0
fer0012944.png,1,0,0,1,0,0,7,0,1,0
fer0012945.png,2,1,0,3,0,0,0,0,4,0
fer0012946.png,8,0,0,1,0,0,0,0,1,0
fer0012947.png,0,10,0,0,0,0,0,0,0,0
fer0012948.png,0,10,0,0,0,0,0,0,0,0
fer0012949.png,1,1,0,0,5,1,0,0,2,0
fer0012950.png,0,1,0,5,0,0,1,1,2,0
fer0012951.png,3,0,0,1,1,0,3,0,2,0
fer0012952.png,0,10,0,0,0,0,0,0,0,0
fer0012953.png,3,0,0,5,0,0,0,0,2,0
fer0012954.png,0,1,0,0,7,1,0,0,1,0
fer0012955.png,0,0,9,0,0,0,0,0,1,0
fer0012956.png,9,0,0,0,0,0,0,0,1,0
fer0012957.png,8,0,0,1,0,0,0,0,1,0
fer0012958.png,2,0,0,4,1,1,0,0,2,0
fer0012959.png,6,0,0,2,0,0,0,0,2,0
fer0012960.png,0,9,1,0,0,0,0,0,0,0
fer0012961.png,4,0,0,5,0,0,0,0,1,0
fer0012962.png,0,0,7,0,1,1,1,0,0,0
fer0012963.png,7,0,0,3,0,0,0,0,0,0
fer0012964.png,9,0,0,0,0,0,0,1,0,0
fer0012965.png,4,0,1,3,0,1,0,0,0,1
fer0012966.png,0,0,0,0,10,0,0,0,0,0
fer0012967.png,5,0,0,4,0,0,0,0,1,0
fer0012968.png,10,0,0,0,0,0,0,0,0,0
fer0012969.png,5,0,3,1,0,0,1,0,0,0
fer0012970.png,0,10,0,0,0,0,0,0,0,0
fer0012971.png,6,0,0,3,0,1,0,0,0,0
fer0012972.png,0,9,0,0,0,0,0,0,1,0
fer0012973.png,6,0,1,3,0,0,0,0,0,0
fer0012974.png,4,0,5,0,0,0,0,0,1,0
fer0012975.png,7,0,0,2,0,0,0,0,1,0
fer0012977.png,0,9,0,0,0,1,0,0,0,0
fer0012978.png,2,0,1,0,3,0,0,0,3,1
fer0012979.png,9,0,0,0,0,0,0,0,1,0
fer0012980.png,0,9,0,0,1,0,0,0,0,0
fer0012981.png,3,0,0,6,0,0,0,0,1,0
fer0012982.png,9,1,0,0,0,0,0,0,0,0
fer0012983.png,1,1,1,0,6,1,0,0,0,0
fer0012984.png,6,0,0,0,3,0,0,0,1,0
fer0012985.png,9,0,0,0,1,0,0,0,0,0
fer0012986.png,2,0,0,6,0,0,0,0,2,0
fer0012987.png,6,1,0,1,0,0,0,0,2,0
fer0012988.png,0,0,9,1,0,0,0,0,0,0
fer0012989.png,4,0,0,5,0,0,0,1,0,0
fer0012990.png,9,0,0,1,0,0,0,0,0,0
fer0012991.png,0,10,0,0,0,0,0,0,0,0
fer0012992.png,4,0,0,5,0,0,0,0,1,0
fer0012993.png,7,0,0,1,1,0,0,0,1,0
fer0012994.png,0,0,0,0,10,0,0,0,0,0
fer0012995.png,2,0,0,8,0,0,0,0,0,0
fer0012996.png,6,0,2,1,1,0,0,0,0,0
fer0012997.png,9,0,0,1,0,0,0,0,0,0
fer0012998.png,0,0,10,0,0,0,0,0,0,0
fer0012999.png,9,1,0,0,0,0,0,0,0,0
fer0013000.png,0,10,0,0,0,0,0,0,0,0
fer0013001.png,4,0,6,0,0,0,0,0,0,0
fer0013002.png,4,4,2,0,0,0,0,0,0,0
fer0013003.png,0,0,5,0,3,0,1,0,1,0
fer0013004.png,9,0,0,0,0,0,0,0,1,0
fer0013005.png,0,10,0,0,0,0,0,0,0,0
fer0013006.png,2,0,1,0,3,0,0,2,2,0
fer0013007.png,3,0,5,0,0,0,1,0,1,0
fer0013008.png,1,9,0,0,0,0,0,0,0,0
fer0013009.png,1,9,0,0,0,0,0,0,0,0
fer0013010.png,4,0,0,3,0,0,2,1,0,0
fer0013011.png,7,0,0,0,0,0,0,2,1,0
fer0013012.png,4,0,0,1,1,1,0,3,0,0
fer0013013.png,7,0,0,1,0,0,0,0,2,0
fer0013014.png,6,2,0,0,0,0,0,1,1,0
fer0013015.png,9,0,0,0,0,0,0,0,1,0
fer0013016.png,7,0,0,3,0,0,0,0,0,0
fer0013017.png,2,0,0,8,0,0,0,0,0,0
fer0013018.png,0,10,0,0,0,0,0,0,0,0
fer0013019.png,1,9,0,0,0,0,0,0,0,0
fer0013020.png,1,0,0,5,4,0,0,0,0,0
fer0013021.png,0,10,0,0,0,0,0,0,0,0
fer0013022.png,0,3,5,0,2,0,0,0,0,0
fer0013023.png,5,0,0,3,0,0,0,0,2,0
fer0013024.png,7,1,0,0,0,0,0,2,0,0
fer0013025.png,1,8,0,1,0,0,0,0,0,0
fer0013026.png,4,0,3,0,1,0,0,0,2,0
fer0013027.png,0,10,0,0,0,0,0,0,0,0
fer0013028.png,1,9,0,0,0,0,0,0,0,0
fer0013029.png,3,0,1,3,0,0,0,1,2,0
fer0013030.png,3,0,0,7,0,0,0,0,0,0
fer0013031.png,3,1,0,6,0,0,0,0,0,0
fer0013032.png,6,0,0,1,0,0,1,1,1,0
fer0013033.png,0,0,8,1,0,0,1,0,0,0
fer0013034.png,3,0,0,4,0,0,0,0,3,0
fer0013035.png,0,10,0,0,0,0,0,0,0,0
fer0013036.png,9,0,0,0,0,0,0,0,1,0
fer0013037.png,1,9,0,0,0,0,0,0,0,0
fer0013038.png,0,10,0,0,0,0,0,0,0,0
fer0013039.png,1,7,0,0,1,0,0,0,1,0
fer0013040.png,8,0,0,0,2,0,0,0,0,0
fer0013041.png,1,9,0,0,0,0,0,0,0,0
fer0013042.png,0,0,8,0,0,0,1,0,1,0
fer0013043.png,8,0,1,1,0,0,0,0,0,0
fer0013044.png,9,0,0,0,0,0,0,0,1,0
fer0013045.png,0,3,6,0,0,0,1,0,0,0
fer0013046.png,6,3,0,1,0,0,0,0,0,0
fer0013047.png,0,0,5,1,0,0,4,0,0,0
fer0013048.png,9,0,0,1,0,0,0,0,0,0
fer0013049.png,3,0,0,2,4,0,0,0,1,0
fer0013050.png,3,0,0,6,0,0,0,1,0,0
fer0013051.png,0,9,1,0,0,0,0,0,0,0
fer0013052.png,0,10,0,0,0,0,0,0,0,0
fer0013053.png,9,0,1,0,0,0,0,0,0,0
fer0013054.png,0,9,1,0,0,0,0,0,0,0
fer0013055.png,0,0,5,1,0,0,0,0,4,0
fer0013056.png,6,0,0,1,0,0,0,0,3,0
fer0013057.png,9,0,0,0,0,0,0,0,1,0
fer0013058.png,6,0,0,4,0,0,0,0,0,0
fer0013059.png,2,5,0,0,0,0,0,0,3,0
fer0013060.png,0,0,0,0,9,1,0,0,0,0
fer0013061.png,0,0,1,1,1,0,7,0,0,0
fer0013062.png,3,0,0,1,1,0,2,0,3,0
fer0013063.png,5,0,2,2,0,0,0,1,0,0
fer0013064.png,10,0,0,0,0,0,0,0,0,0
fer0013065.png,0,9,0,1,0,0,0,0,0,0
fer0013066.png,1,0,9,0,0,0,0,0,0,0
fer0013067.png,3,0,0,6,0,0,0,0,1,0
fer0013068.png,0,10,0,0,0,0,0,0,0,0
fer0013069.png,1,1,7,1,0,0,0,0,0,0
fer0013070.png,0,10,0,0,0,0,0,0,0,0
fer0013071.png,3,0,0,3,0,0,0,3,1,0
fer0013072.png,0,6,4,0,0,0,0,0,0,0
fer0013073.png,0,10,0,0,0,0,0,0,0,0
fer0013074.png,1,0,2,0,3,0,1,0,3,0
fer0013075.png,1,0,1,1,7,0,0,0,0,0
fer0013076.png,2,0,0,8,0,0,0,0,0,0
fer0013077.png,4,0,1,0,1,0,1,0,3,0
fer0013078.png,9,0,0,0,0,0,0,0,1,0
fer0013079.png,4,0,0,6,0,0,0,0,0,0
fer0013080.png,9,0,0,0,1,0,0,0,0,0
fer0013081.png,8,0,0,0,0,1,0,0,1,0
fer0013082.png,0,10,0,0,0,0,0,0,0,0
fer0013083.png,1,0,1,1,7,0,0,0,0,0
fer0013084.png,8,0,0,1,0,0,0,1,0,0
fer0013085.png,0,9,0,0,0,0,0,0,1,0
fer0013086.png,4,1,1,1,0,0,1,1,1,0
fer0013087.png,0,0,9,0,0,0,0,0,1,0
fer0013088.png,9,0,0,0,0,0,0,0,1,0
fer0013089.png,5,0,0,0,2,0,0,0,3,0
fer0013090.png,1,2,0,0,6,0,0,1,0,0
fer0013091.png,2,0,0,8,0,0,0,0,0,0
fer0013092.png,10,0,0,0,0,0,0,0,0,0
fer0013093.png,0,0,1,0,9,0,0,0,0,0
fer0013094.png,1,4,0,0,2,0,0,0,3,0
fer0013095.png,7,0,0,1,0,1,0,0,1,0
fer0013096.png,0,0,10,0,0,0,0,0,0,0
fer0013097.png,9,0,0,0,1,0,0,0,0,0
fer0013098.png,4,0,0,5,0,0,1,0,0,0
fer0013099.png,1,0,0,0,8,0,1,0,0,0
fer0013100.png,1,0,1,0,5,1,1,0,1,0
fer0013101.png,5,0,0,2,0,0,0,2,1,0
fer0013102.png,7,0,0,1,0,1,0,0,1,0
fer0013103.png,2,0,0,7,0,0,0,0,1,0
fer0013104.png,0,10,0,0,0,0,0,0,0,0
fer0013105.png,9,0,0,1,0,0,0,0,0,0
fer0013106.png,1,0,2,0,6,0,1,0,0,0
fer0013107.png,0,0,0,10,0,0,0,0,0,0
fer0013108.png,1,9,0,0,0,0,0,0,0,0
fer0013109.png,0,10,0,0,0,0,0,0,0,0
fer0013110.png,0,0,9,0,0,0,1,0,0,0
fer0013111.png,2,0,0,4,0,0,1,0,3,0
fer0013112.png,5,0,0,4,0,0,0,0,1,0
fer0013113.png,0,1,1,0,6,0,1,0,1,0
fer0013114.png,0,0,0,9,0,0,1,0,0,0
fer0013115.png,1,9,0,0,0,0,0,0,0,0
fer0013116.png,2,0,1,0,1,1,5,0,0,0
fer0013117.png,0,0,0,10,0,0,0,0,0,0
fer0013118.png,8,0,0,2,0,0,0,0,0,0
fer0013119.png,0,0,0,4,1,2,0,2,1,0
fer0013120.png,0,8,1,0,0,0,1,0,0,0
fer0013121.png,6,0,0,2,0,0,1,0,1,0
fer0013122.png,4,0,0,3,0,0,1,0,2,0
fer0013123.png,8,0,0,0,0,0,0,0,2,0
fer0013124.png,4,0,0,1,0,0,0,2,3,0
fer0013125.png,7,0,0,0,0,0,0,0,3,0
fer0013126.png,5,0,0,2,0,0,0,0,3,0
fer0013127.png,0,10,0,0,0,0,0,0,0,0
fer0013128.png,7,0,0,0,2,0,0,1,0,0
fer0013129.png,7,1,0,0,0,1,0,0,1,0
fer0013130.png,0,0,2,0,6,0,2,0,0,0
fer0013131.png,2,0,0,2,5,0,0,0,1,0
fer0013132.png,0,10,0,0,0,0,0,0,0,0
fer0013133.png,9,0,0,0,0,0,0,1,0,0
fer0013134.png,0,10,0,0,0,0,0,0,0,0
fer0013135.png,1,0,8,0,0,0,1,0,0,0
fer0013136.png,8,1,0,0,0,0,0,1,0,0
fer0013137.png,0,0,10,0,0,0,0,0,0,0
fer0013138.png,7,0,0,1,0,1,0,0,1,0
fer0013139.png,1,0,0,9,0,0,0,0,0,0
fer0013140.png,0,10,0,0,0,0,0,0,0,0
fer0013141.png,0,0,8,0,0,0,2,0,0,0
fer0013142.png,6,0,0,2,2,0,0,0,0,0
fer0013143.png,2,0,0,8,0,0,0,0,0,0
fer0013144.png,8,0,0,0,0,0,0,0,2,0
fer0013145.png,10,0,0,0,0,0,0,0,0,0
fer0013146.png,1,0,1,0,6,0,0,1,1,0
fer0013147.png,9,0,0,0,1,0,0,0,0,0
fer0013148.png,1,0,9,0,0,0,0,0,0,0
fer0013149.png,0,10,0,0,0,0,0,0,0,0
fer0013150.png,8,0,0,2,0,0,0,0,0,0
fer0013151.png,1,0,0,7,1,0,1,0,0,0
fer0013152.png,8,1,0,0,1,0,0,0,0,0
fer0013153.png,0,0,9,0,0,0,1,0,0,0
fer0013154.png,3,0,0,2,5,0,0,0,0,0
fer0013155.png,0,0,2,0,2,1,0,0,5,0
fer0013156.png,0,0,9,0,0,0,1,0,0,0
fer0013157.png,7,0,0,3,0,0,0,0,0,0
fer0013158.png,1,0,6,0,0,0,2,1,0,0
fer0013159.png,1,0,3,1,1,0,4,0,0,0
fer0013160.png,2,0,0,7,0,1,0,0,0,0
fer0013161.png,0,10,0,0,0,0,0,0,0,0
fer0013162.png,7,0,0,3,0,0,0,0,0,0
fer0013163.png,1,9,0,0,0,0,0,0,0,0
fer0013164.png,0,0,0,9,0,0,0,1,0,0
fer0013165.png,0,0,0,0,6,1,0,1,2,0
fer0013166.png,1,2,4,1,0,0,1,1,0,0
fer0013167.png,0,1,6,0,1,0,1,0,1,0
fer0013168.png,0,10,0,0,0,0,0,0,0,0
fer0013169.png,0,2,8,0,0,0,0,0,0,0
fer0013170.png,0,10,0,0,0,0,0,0,0,0
fer0013171.png,1,0,1,1,5,0,1,0,1,0
fer0013172.png,0,0,0,0,7,0,3,0,0,0
fer0013173.png,5,0,0,4,0,0,0,1,0,0
fer0013174.png,3,0,0,5,0,0,0,1,1,0
fer0013175.png,9,0,0,0,0,0,0,0,1,0
fer0013176.png,9,1,0,0,0,0,0,0,0,0
fer0013177.png,7,0,0,2,0,0,0,0,1,0
fer0013178.png,0,10,0,0,0,0,0,0,0,0
fer0013179.png,8,2,0,0,0,0,0,0,0,0
fer0013180.png,0,1,0,0,7,1,0,0,1,0
fer0013181.png,4,0,0,6,0,0,0,0,0,0
fer0013182.png,9,0,0,1,0,0,0,0,0,0
fer0013183.png,0,10,0,0,0,0,0,0,0,0
fer0013184.png,3,0,0,3,2,1,0,1,0,0
fer0013185.png,6,0,0,2,0,0,0,1,1,0
fer0013186.png,9,0,0,0,0,0,0,0,1,0
fer0013187.png,3,0,0,3,3,0,0,0,1,0
fer0013188.png,0,0,0,1,7,0,0,0,2,0
fer0013189.png,9,1,0,0,0,0,0,0,0,0
fer0013190.png,1,7,0,0,0,0,1,0,1,0
fer0013191.png,0,0,9,0,0,0,1,0,0,0
fer0013192.png,0,10,0,0,0,0,0,0,0,0
fer0013193.png,0,9,1,0,0,0,0,0,0,0
fer0013194.png,1,0,8,0,0,0,0,0,1,0
fer0013195.png,9,1,0,0,0,0,0,0,0,0
fer0013196.png,1,9,0,0,0,0,0,0,0,0
fer0013197.png,0,0,0,6,0,0,3,0,1,0
fer0013198.png,5,0,0,3,0,0,0,1,1,0
fer0013199.png,0,10,0,0,0,0,0,0,0,0
fer0013200.png,2,0,0,7,0,0,0,0,1,0
fer0013201.png,10,0,0,0,0,0,0,0,0,0
fer0013202.png,3,0,0,0,7,0,0,0,0,0
fer0013203.png,8,0,0,0,0,1,0,0,1,0
fer0013204.png,10,0,0,0,0,0,0,0,0,0
fer0013205.png,8,0,0,0,0,1,0,1,0,0
fer0013206.png,9,1,0,0,0,0,0,0,0,0
fer0013207.png,8,0,0,2,0,0,0,0,0,0
fer0013208.png,0,10,0,0,0,0,0,0,0,0
fer0013209.png,0,0,0,0,0,0,9,0,1,0
fer0013210.png,3,0,0,7,0,0,0,0,0,0
fer0013211.png,0,9,0,0,0,0,0,1,0,0
fer0013212.png,2,0,0,4,0,4,0,0,0,0
fer0013213.png,10,0,0,0,0,0,0,0,0,0
fer0013214.png,1,0,0,2,4,0,0,0,3,0
fer0013215.png,0,0,4,0,0,0,5,0,1,0
fer0013216.png,7,0,0,2,0,0,0,0,1,0
fer0013217.png,3,0,0,7,0,0,0,0,0,0
fer0013218.png,9,0,0,1,0,0,0,0,0,0
fer0013219.png,10,0,0,0,0,0,0,0,0,0
fer0013220.png,9,0,0,1,0,0,0,0,0,0
fer0013221.png,7,0,3,0,0,0,0,0,0,0
fer0013222.png,0,0,0,1,2,0,6,0,1,0
fer0013223.png,9,0,0,0,0,0,0,0,1,0
fer0013224.png,0,10,0,0,0,0,0,0,0,0
fer0013225.png,0,10,0,0,0,0,0,0,0,0
fer0013226.png,3,0,0,4,0,0,0,2,1,0
fer0013227.png,2,0,0,0,2,5,0,0,1,0
fer0013228.png,6,0,0,3,0,1,0,0,0,0
fer0013229.png,0,2,1,0,5,0,1,0,1,0
fer0013230.png,0,2,1,0,7,0,0,0,0,0
fer0013231.png,1,0,0,0,8,0,1,0,0,0
fer0013232.png,3,0,6,0,0,0,0,0,1,0
fer0013233.png,0,10,0,0,0,0,0,0,0,0
fer0013234.png,0,0,7,1,0,0,2,0,0,0
fer0013235.png,6,0,0,4,0,0,0,0,0,0
fer0013236.png,1,9,0,0,0,0,0,0,0,0
fer0013237.png,0,0,2,1,3,0,4,0,0,0
fer0013238.png,0,0,7,1,0,0,2,0,0,0
fer0013239.png,10,0,0,0,0,0,0,0,0,0
fer0013240.png,4,0,0,4,0,0,0,0,2,0
fer0013241.png,7,0,0,3,0,0,0,0,0,0
fer0013242.png,9,1,0,0,0,0,0,0,0,0
fer0013243.png,2,0,0,5,2,1,0,0,0,0
fer0013244.png,8,0,1,0,1,0,0,0,0,0
fer0013245.png,3,0,0,6,0,0,0,0,1,0
fer0013246.png,9,0,0,1,0,0,0,0,0,0
fer0013247.png,0,8,0,0,1,1,0,0,0,0
fer0013248.png,1,9,0,0,0,0,0,0,0,0
fer0013249.png,4,0,0,6,0,0,0,0,0,0
fer0013250.png,0,0,4,0,1,1,0,2,2,0
fer0013251.png,0,10,0,0,0,0,0,0,0,0
fer0013252.png,0,3,7,0,0,0,0,0,0,0
fer0013253.png,7,0,0,3,0,0,0,0,0,0
fer0013254.png,5,2,1,0,0,0,0,0,2,0
fer0013255.png,9,0,0,0,0,0,0,1,0,0
fer0013256.png,0,9,0,0,0,0,0,0,1,0
fer0013257.png,6,0,0,4,0,0,0,0,0,0
fer0013258.png,0,10,0,0,0,0,0,0,0,0
fer0013259.png,4,0,0,4,0,0,0,0,1,1
fer0013260.png,4,0,0,5,0,0,0,0,1,0
fer0013261.png,5,0,0,5,0,0,0,0,0,0
fer0013262.png,0,8,2,0,0,0,0,0,0,0
fer0013263.png,8,0,0,0,0,0,0,0,2,0
fer0013264.png,1,0,0,4,0,0,0,1,4,0
fer0013265.png,0,0,2,0,7,0,1,0,0,0
fer0013266.png,4,6,0,0,0,0,0,0,0,0
fer0013267.png,0,0,8,0,1,0,0,0,1,0
fer0013268.png,0,7,3,0,0,0,0,0,0,0
fer0013269.png,2,0,0,8,0,0,0,0,0,0
fer0013270.png,0,2,0,0,5,0,1,0,2,0
fer0013271.png,1,0,9,0,0,0,0,0,0,0
fer0013272.png,2,0,0,1,6,0,0,0,1,0
fer0013273.png,2,0,7,1,0,0,0,0,0,0
fer0013274.png,0,0,1,3,6,0,0,0,0,0
fer0013275.png,0,1,9,0,0,0,0,0,0,0
fer0013276.png,1,0,0,0,0,1,7,0,1,0
fer0013277.png,0,7,3,0,0,0,0,0,0,0
fer0013278.png,3,1,0,0,0,1,4,0,1,0
fer0013279.png,6,0,0,3,0,0,0,0,1,0
fer0013280.png,0,10,0,0,0,0,0,0,0,0
fer0013281.png,4,5,0,0,0,0,0,0,1,0
fer0013282.png,0,1,8,0,0,0,1,0,0,0
fer0013283.png,0,0,0,10,0,0,0,0,0,0
fer0013284.png,2,7,0,0,0,0,1,0,0,0
fer0013285.png,4,5,0,0,0,0,1,0,0,0
fer0013286.png,0,10,0,0,0,0,0,0,0,0
fer0013287.png,0,10,0,0,0,0,0,0,0,0
fer0013288.png,8,0,0,1,0,0,0,1,0,0
fer0013289.png,9,0,0,1,0,0,0,0,0,0
fer0013290.png,0,0,1,0,0,0,9,0,0,0
fer0013291.png,10,0,0,0,0,0,0,0,0,0
fer0013292.png,0,8,1,1,0,0,0,0,0,0
fer0013293.png,8,1,0,0,0,0,0,1,0,0
fer0013294.png,0,10,0,0,0,0,0,0,0,0
fer0013295.png,0,0,9,0,0,0,1,0,0,0
fer0013296.png,6,0,0,0,2,1,0,0,1,0
fer0013297.png,6,0,1,3,0,0,0,0,0,0
fer0013298.png,6,0,0,3,0,0,0,1,0,0
fer0013299.png,10,0,0,0,0,0,0,0,0,0
fer0013300.png,9,0,0,0,1,0,0,0,0,0
fer0013301.png,9,0,0,0,0,0,0,1,0,0
fer0013302.png,0,10,0,0,0,0,0,0,0,0
fer0013303.png,5,0,0,3,0,0,0,1,1,0
fer0013304.png,3,7,0,0,0,0,0,0,0,0
fer0013305.png,0,1,0,9,0,0,0,0,0,0
fer0013306.png,0,10,0,0,0,0,0,0,0,0
fer0013307.png,0,10,0,0,0,0,0,0,0,0
fer0013308.png,3,0,0,4,0,0,0,2,1,0
fer0013309.png,1,0,1,0,7,0,0,0,1,0
fer0013310.png,3,5,0,1,0,0,0,0,1,0
fer0013311.png,10,0,0,0,0,0,0,0,0,0
fer0013312.png,0,8,0,0,1,0,0,0,1,0
fer0013313.png,4,0,4,1,0,0,0,0,1,0
fer0013314.png,5,0,0,1,0,0,0,1,3,0
fer0013315.png,9,0,0,0,0,0,0,0,1,0
fer0013316.png,0,0,3,0,0,0,7,0,0,0
fer0013317.png,0,10,0,0,0,0,0,0,0,0
fer0013318.png,4,0,0,3,0,0,0,1,2,0
fer0013319.png,1,0,0,0,8,0,0,1,0,0
fer0013320.png,1,4,3,0,1,0,0,0,1,0
fer0013321.png,4,0,0,3,0,0,0,1,2,0
fer0013322.png,5,0,0,3,0,0,0,1,1,0
fer0013323.png,3,0,0,6,0,0,1,0,0,0
fer0013324.png,9,0,0,1,0,0,0,0,0,0
fer0013325.png,0,10,0,0,0,0,0,0,0,0
fer0013326.png,8,0,0,2,0,0,0,0,0,0
fer0013327.png,0,10,0,0,0,0,0,0,0,0
fer0013328.png,4,0,0,4,0,0,1,0,1,0
fer0013329.png,0,10,0,0,0,0,0,0,0,0
fer0013330.png,0,10,0,0,0,0,0,0,0,0
fer0013331.png,2,0,0,3,1,0,0,1,2,1
fer0013332.png,6,0,0,1,2,0,0,0,1,0
fer0013333.png,7,0,0,0,3,0,0,0,0,0
fer0013334.png,7,0,0,2,0,0,0,0,1,0
fer0013335.png,5,0,0,5,0,0,0,0,0,0
fer0013336.png,3,0,0,0,0,2,0,2,3,0
fer0013337.png,4,0,0,2,0,0,0,0,4,0
fer0013338.png,0,10,0,0,0,0,0,0,0,0
fer0013339.png,0,4,6,0,0,0,0,0,0,0
fer0013340.png,6,0,0,4,0,0,0,0,0,0
fer0013341.png,0,10,0,0,0,0,0,0,0,0
fer0013342.png,1,0,0,5,0,1,0,2,1,0
fer0013343.png,0,2,5,0,0,0,3,0,0,0
fer0013344.png,1,2,0,6,0,0,0,0,1,0
fer0013345.png,6,0,0,3,1,0,0,0,0,0
fer0013346.png,0,0,10,0,0,0,0,0,0,0
fer0013347.png,0,10,0,0,0,0,0,0,0,0
fer0013348.png,4,4,1,0,0,0,0,1,0,0
fer0013349.png,0,9,0,0,0,0,0,0,1,0
fer0013350.png,4,0,0,0,6,0,0,0,0,0
fer0013351.png,0,10,0,0,0,0,0,0,0,0
fer0013352.png,7,1,0,0,1,0,0,1,0,0
fer0013353.png,0,0,2,7,0,0,1,0,0,0
fer0013354.png,1,0,0,8,0,0,1,0,0,0
fer0013355.png,3,0,0,1,6,0,0,0,0,0
fer0013356.png,9,0,0,0,0,0,0,0,1,0
fer0013357.png,1,1,4,0,0,0,3,0,1,0
fer0013358.png,5,0,0,1,0,0,4,0,0,0
fer0013359.png,5,0,0,2,1,1,1,0,0,0
fer0013360.png,0,10,0,0,0,0,0,0,0,0
fer0013361.png,0,10,0,0,0,0,0,0,0,0
fer0013362.png,9,0,0,1,0,0,0,0,0,0
fer0013363.png,7,0,0,0,3,0,0,0,0,0
fer0013364.png,5,0,3,1,0,0,1,0,0,0
fer0013365.png,8,0,0,2,0,0,0,0,0,0
fer0013366.png,5,0,0,4,0,1,0,0,0,0
fer0013367.png,5,0,0,4,0,0,0,1,0,0
fer0013368.png,2,0,0,6,0,0,0,0,2,0
fer0013369.png,9,0,0,0,0,0,0,0,1,0
fer0013370.png,0,10,0,0,0,0,0,0,0,0
fer0013371.png,0,0,0,0,9,0,1,0,0,0
fer0013372.png,10,0,0,0,0,0,0,0,0,0
fer0013373.png,0,10,0,0,0,0,0,0,0,0
fer0013374.png,8,0,1,1,0,0,0,0,0,0
fer0013375.png,1,9,0,0,0,0,0,0,0,0
fer0013376.png,3,7,0,0,0,0,0,0,0,0
fer0013377.png,0,10,0,0,0,0,0,0,0,0
fer0013378.png,3,0,0,2,0,2,1,1,1,0
fer0013379.png,0,0,2,0,6,0,1,0,1,0
fer0013380.png,0,10,0,0,0,0,0,0,0,0
fer0013381.png,2,1,1,0,5,0,0,0,1,0
fer0013382.png,0,10,0,0,0,0,0,0,0,0
fer0013383.png,8,0,0,2,0,0,0,0,0,0
fer0013384.png,9,0,0,1,0,0,0,0,0,0
fer0013385.png,8,1,0,0,0,0,0,1,0,0
fer0013386.png,0,0,4,1,1,0,1,0,3,0
fer0013387.png,8,0,0,1,0,0,0,0,1,0
fer0013388.png,1,0,2,2,4,1,0,0,0,0
fer0013389.png,7,0,0,1,0,0,0,0,2,0
fer0013390.png,0,10,0,0,0,0,0,0,0,0
fer0013391.png,0,9,0,0,0,0,0,0,1,0
fer0013392.png,6,0,2,1,0,0,1,0,0,0
fer0013393.png,9,0,0,0,0,1,0,0,0,0
fer0013394.png,7,1,0,0,0,0,0,1,1,0
fer0013395.png,9,0,0,0,0,0,0,0,1,0
fer0013396.png,5,0,1,2,0,0,0,1,1,0
fer0013397.png,9,0,0,0,0,0,1,0,0,0
fer0013398.png,0,10,0,0,0,0,0,0,0,0
fer0013399.png,5,0,0,5,0,0,0,0,0,0
fer0013400.png,0,0,0,1,4,2,0,3,0,0
fer0013401.png,1,0,0,1,0,0,8,0,0,0
fer0013402.png,0,0,2,1,1,0,6,0,0,0
fer0013403.png,9,1,0,0,0,0,0,0,0,0
fer0013404.png,9,0,0,1,0,0,0,0,0,0
fer0013405.png,1,0,0,0,9,0,0,0,0,0
fer0013406.png,0,9,1,0,0,0,0,0,0,0
fer0013407.png,3,0,2,2,0,0,0,1,2,0
fer0013408.png,2,0,0,2,0,3,0,2,1,0
fer0013409.png,5,0,0,1,1,0,1,0,2,0
fer0013410.png,0,0,9,0,0,0,1,0,0,0
fer0013411.png,7,0,0,2,0,1,0,0,0,0
fer0013412.png,0,10,0,0,0,0,0,0,0,0
fer0013413.png,8,1,0,0,0,0,0,0,1,0
fer0013414.png,3,0,0,1,6,0,0,0,0,0
fer0013415.png,0,0,1,0,8,0,1,0,0,0
fer0013416.png,0,0,4,0,4,0,2,0,0,0
fer0013417.png,2,8,0,0,0,0,0,0,0,0
fer0013418.png,2,1,0,6,0,1,0,0,0,0
fer0013419.png,0,10,0,0,0,0,0,0,0,0
fer0013420.png,2,0,0,8,0,0,0,0,0,0
fer0013421.png,1,1,1,1,1,3,0,0,2,0
fer0013422.png,8,0,0,0,2,0,0,0,0,0
fer0013423.png,0,1,4,1,0,0,4,0,0,0
fer0013424.png,0,9,0,0,0,0,0,1,0,0
fer0013425.png,9,0,0,1,0,0,0,0,0,0
fer0013426.png,2,6,0,0,0,0,0,0,2,0
fer0013427.png,8,0,0,2,0,0,0,0,0,0
fer0013428.png,1,1,0,2,0,1,0,2,3,0
fer0013429.png,6,0,0,3,0,0,0,0,1,0
fer0013430.png,9,0,0,1,0,0,0,0,0,0
fer0013431.png,0,10,0,0,0,0,0,0,0,0
fer0013432.png,0,10,0,0,0,0,0,0,0,0
fer0013433.png,0,1,7,0,0,0,2,0,0,0
fer0013434.png,9,0,0,0,0,1,0,0,0,0
fer0013435.png,2,0,0,6,0,0,0,0,2,0
fer0013436.png,0,9,1,0,0,0,0,0,0,0
fer0013437.png,3,0,0,7,0,0,0,0,0,0
fer0013438.png,0,0,3,0,5,0,1,0,1,0
fer0013439.png,0,9,1,0,0,0,0,0,0,0
fer0013440.png,1,0,0,9,0,0,0,0,0,0
fer0013441.png,6,0,0,0,2,1,0,1,0,0
fer0013442.png,5,0,0,2,0,2,0,0,1,0
fer0013443.png,0,10,0,0,0,0,0,0,0,0
fer0013444.png,10,0,0,0,0,0,0,0,0,0
fer0013445.png,2,1,2,2,0,0,2,0,1,0
fer0013446.png,4,0,0,5,0,0,0,1,0,0
fer0013447.png,0,0,0,10,0,0,0,0,0,0
fer0013448.png,1,9,0,0,0,0,0,0,0,0
fer0013449.png,0,0,0,8,1,0,1,0,0,0
fer0013450.png,10,0,0,0,0,0,0,0,0,0
fer0013451.png,5,0,0,5,0,0,0,0,0,0
fer0013452.png,0,0,0,7,1,0,0,0,2,0
fer0013453.png,5,0,0,5,0,0,0,0,0,0
fer0013454.png,8,0,0,1,0,0,1,0,0,0
fer0013455.png,0,10,0,0,0,0,0,0,0,0
fer0013456.png,0,10,0,0,0,0,0,0,0,0
fer0013457.png,3,0,0,7,0,0,0,0,0,0
fer0013458.png,9,0,0,1,0,0,0,0,0,0
fer0013459.png,0,10,0,0,0,0,0,0,0,0
fer0013460.png,8,1,0,0,0,0,0,0,1,0
fer0013461.png,8,0,0,0,1,0,0,0,1,0
fer0013462.png,5,0,1,1,1,1,0,1,0,0
fer0013463.png,8,0,0,0,0,0,0,2,0,0
fer0013464.png,6,0,0,4,0,0,0,0,0,0
fer0013465.png,0,10,0,0,0,0,0,0,0,0
fer0013466.png,0,0,1,0,9,0,0,0,0,0
fer0013467.png,0,8,2,0,0,0,0,0,0,0
fer0013468.png,2,1,0,4,0,1,0,2,0,0
fer0013469.png,8,0,0,0,1,0,0,0,1,0
fer0013470.png,0,0,7,0,0,0,3,0,0,0
fer0013471.png,4,0,0,5,0,0,0,1,0,0
fer0013472.png,0,10,0,0,0,0,0,0,0,0
fer0013473.png,3,0,1,4,0,0,0,0,2,0
fer0013474.png,8,0,0,1,0,0,0,0,1,0
fer0013475.png,0,10,0,0,0,0,0,0,0,0
fer0013476.png,5,0,0,5,0,0,0,0,0,0
fer0013477.png,6,0,0,1,1,1,0,1,0,0
fer0013478.png,0,10,0,0,0,0,0,0,0,0
fer0013479.png,0,9,0,0,1,0,0,0,0,0
fer0013480.png,1,2,0,0,3,1,0,0,3,0
fer0013481.png,5,1,0,2,1,0,0,0,1,0
fer0013482.png,5,0,0,5,0,0,0,0,0,0
fer0013483.png,4,1,5,0,0,0,0,0,0,0
fer0013484.png,0,0,10,0,0,0,0,0,0,0
fer0013485.png,0,9,1,0,0,0,0,0,0,0
fer0013486.png,1,9,0,0,0,0,0,0,0,0
fer0013487.png,1,0,0,7,1,0,0,0,1,0
fer0013488.png,2,0,0,6,0,0,0,0,2,0
fer0013489.png,0,9,1,0,0,0,0,0,0,0
fer0013490.png,9,0,0,1,0,0,0,0,0,0
fer0013491.png,0,10,0,0,0,0,0,0,0,0
fer0013492.png,0,0,10,0,0,0,0,0,0,0
fer0013493.png,0,1,9,0,0,0,0,0,0,0
fer0013494.png,8,1,0,0,0,0,0,1,0,0
fer0013495.png,10,0,0,0,0,0,0,0,0,0
fer0013496.png,2,0,0,0,8,0,0,0,0,0
fer0013497.png,9,1,0,0,0,0,0,0,0,0
fer0013498.png,0,2,0,0,7,0,1,0,0,0
fer0013499.png,0,0,10,0,0,0,0,0,0,0
fer0013500.png,9,0,0,0,0,0,0,0,1,0
fer0013501.png,0,9,1,0,0,0,0,0,0,0
fer0013502.png,9,1,0,0,0,0,0,0,0,0
fer0013503.png,2,0,0,5,0,0,0,0,3,0
fer0013504.png,3,4,0,1,0,0,0,1,1,0
fer0013505.png,0,0,9,0,0,0,1,0,0,0
fer0013506.png,6,0,0,4,0,0,0,0,0,0
fer0013507.png,0,10,0,0,0,0,0,0,0,0
fer0013508.png,3,0,0,7,0,0,0,0,0,0
fer0013509.png,0,10,0,0,0,0,0,0,0,0
fer0013510.png,0,10,0,0,0,0,0,0,0,0
fer0013511.png,4,0,0,3,3,0,0,0,0,0
fer0013512.png,0,0,8,0,0,0,2,0,0,0
fer0013513.png,1,0,7,0,1,0,0,0,1,0
fer0013514.png,2,0,0,0,1,5,0,0,2,0
fer0013515.png,0,0,2,0,0,1,6,0,1,0
fer0013516.png,0,10,0,0,0,0,0,0,0,0
fer0013517.png,0,0,9,0,0,0,1,0,0,0
fer0013518.png,8,0,0,0,1,0,0,0,1,0
fer0013519.png,8,0,0,0,0,0,0,1,1,0
fer0013520.png,0,0,1,3,0,2,3,0,1,0
fer0013521.png,0,10,0,0,0,0,0,0,0,0
fer0013522.png,9,0,0,1,0,0,0,0,0,0
fer0013523.png,0,10,0,0,0,0,0,0,0,0
fer0013524.png,2,0,5,0,0,0,3,0,0,0
fer0013525.png,7,0,0,3,0,0,0,0,0,0
fer0013526.png,0,10,0,0,0,0,0,0,0,0
fer0013527.png,0,10,0,0,0,0,0,0,0,0
fer0013528.png,0,0,10,0,0,0,0,0,0,0
fer0013529.png,0,10,0,0,0,0,0,0,0,0
fer0013530.png,8,0,0,0,0,0,0,0,2,0
fer0013531.png,7,0,0,0,1,0,0,1,1,0
fer0013532.png,0,10,0,0,0,0,0,0,0,0
fer0013533.png,0,10,0,0,0,0,0,0,0,0
fer0013534.png,1,0,0,2,6,1,0,0,0,0
fer0013535.png,0,0,7,0,0,0,3,0,0,0
fer0013536.png,4,0,0,5,0,0,1,0,0,0
fer0013537.png,8,1,0,0,0,0,0,1,0,0
fer0013538.png,5,0,0,2,1,1,0,0,1,0
fer0013539.png,7,0,0,1,0,0,0,1,1,0
fer0013540.png,2,0,3,0,4,0,0,0,1,0
fer0013541.png,8,0,0,1,0,1,0,0,0,0
fer0013542.png,8,0,1,1,0,0,0,0,0,0
fer0013543.png,9,0,1,0,0,0,0,0,0,0
fer0013544.png,3,0,0,1,1,0,1,0,4,0
fer0013545.png,2,0,0,5,3,0,0,0,0,0
fer0013546.png,4,0,0,3,0,1,0,0,2,0
fer0013547.png,0,10,0,0,0,0,0,0,0,0
fer0013548.png,0,4,0,0,4,0,1,0,1,0
fer0013549.png,8,0,0,1,1,0,0,0,0,0
fer0013550.png,1,0,0,1,0,0,7,0,1,0
fer0013551.png,0,10,0,0,0,0,0,0,0,0
fer0013552.png,0,10,0,0,0,0,0,0,0,0
fer0013553.png,0,10,0,0,0,0,0,0,0,0
fer0013554.png,8,0,0,0,0,0,0,1,1,0
fer0013555.png,6,0,0,4,0,0,0,0,0,0
fer0013556.png,3,0,0,6,0,0,0,0,1,0
fer0013557.png,5,0,0,4,0,0,0,0,1,0
fer0013558.png,6,0,0,4,0,0,0,0,0,0
fer0013559.png,0,0,0,2,4,0,0,0,4,0
fer0013560.png,1,0,0,0,5,1,0,1,2,0
fer0013561.png,7,0,0,1,0,0,1,0,1,0
fer0013562.png,7,0,0,3,0,0,0,0,0,0
fer0013563.png,6,0,0,0,2,0,0,1,1,0
fer0013564.png,2,8,0,0,0,0,0,0,0,0
fer0013565.png,4,4,0,1,0,0,0,0,1,0
fer0013566.png,9,0,0,0,0,0,0,0,1,0
fer0013567.png,9,0,0,0,0,0,0,1,0,0
fer0013568.png,9,0,0,0,0,0,0,1,0,0
fer0013569.png,2,0,8,0,0,0,0,0,0,0
fer0013570.png,5,0,0,3,2,0,0,0,0,0
fer0013571.png,1,0,8,0,0,1,0,0,0,0
fer0013572.png,0,9,0,0,1,0,0,0,0,0
fer0013573.png,1,0,5,1,0,0,2,0,1,0
fer0013574.png,10,0,0,0,0,0,0,0,0,0
fer0013575.png,3,0,0,1,0,0,0,2,4,0
fer0013576.png,4,0,0,6,0,0,0,0,0,0
fer0013577.png,3,0,0,5,0,0,0,0,2,0
fer0013578.png,3,6,0,0,0,0,0,1,0,0
fer0013579.png,1,1,5,2,0,0,1,0,0,0
fer0013580.png,0,10,0,0,0,0,0,0,0,0
fer0013581.png,0,10,0,0,0,0,0,0,0,0
fer0013582.png,10,0,0,0,0,0,0,0,0,0
fer0013583.png,9,0,1,0,0,0,0,0,0,0
fer0013584.png,1,0,0,5,2,0,1,0,1,0
fer0013585.png,1,1,6,0,0,0,1,0,1,0
fer0013586.png,0,10,0,0,0,0,0,0,0,0
fer0013587.png,1,0,0,3,1,5,0,0,0,0
fer0013588.png,5,0,0,2,0,0,1,1,1,0
fer0013589.png,0,10,0,0,0,0,0,0,0,0
fer0013590.png,2,0,0,6,1,0,0,0,1,0
fer0013591.png,6,0,0,3,0,0,0,0,1,0
fer0013592.png,0,10,0,0,0,0,0,0,0,0
fer0013593.png,1,1,0,0,7,1,0,0,0,0
fer0013594.png,10,0,0,0,0,0,0,0,0,0
fer0013595.png,3,0,4,1,1,0,1,0,0,0
fer0013596.png,8,1,0,0,0,0,0,0,1,0
fer0013597.png,6,0,0,3,0,0,0,0,1,0
fer0013598.png,10,0,0,0,0,0,0,0,0,0
fer0013599.png,2,0,0,2,2,1,0,0,3,0
fer0013600.png,0,9,0,0,0,0,0,1,0,0
fer0013601.png,7,0,0,0,1,1,0,0,1,0
fer0013602.png,2,0,0,8,0,0,0,0,0,0
fer0013603.png,9,0,0,1,0,0,0,0,0,0
fer0013604.png,0,9,0,1,0,0,0,0,0,0
fer0013605.png,0,10,0,0,0,0,0,0,0,0
fer0013606.png,1,1,0,5,0,0,0,1,2,0
fer0013607.png,9,0,0,1,0,0,0,0,0,0
fer0013608.png,1,9,0,0,0,0,0,0,0,0
fer0013609.png,1,9,0,0,0,0,0,0,0,0
fer0013610.png,2,0,0,4,1,0,0,0,2,1
fer0013611.png,7,0,1,2,0,0,0,0,0,0
fer0013612.png,1,9,0,0,0,0,0,0,0,0
fer0013613.png,3,0,0,1,0,1,0,2,3,0
fer0013614.png,0,0,6,0,0,0,4,0,0,0
fer0013615.png,2,0,0,6,0,1,0,1,0,0
fer0013616.png,10,0,0,0,0,0,0,0,0,0
fer0013617.png,8,0,0,1,0,0,0,0,1,0
fer0013618.png,0,10,0,0,0,0,0,0,0,0
fer0013619.png,6,0,0,2,0,0,0,0,2,0
fer0013620.png,5,0,0,2,2,0,0,0,1,0
fer0013621.png,0,6,3,0,0,0,0,0,1,0
fer0013622.png,0,10,0,0,0,0,0,0,0,0
fer0013623.png,8,0,0,0,0,0,0,1,1,0
fer0013624.png,3,7,0,0,0,0,0,0,0,0
fer0013625.png,0,0,10,0,0,0,0,0,0,0
fer0013626.png,0,10,0,0,0,0,0,0,0,0
fer0013627.png,0,0,7,0,0,0,3,0,0,0
fer0013628.png,0,3,6,0,0,0,1,0,0,0
fer0013629.png,1,0,0,8,1,0,0,0,0,0
fer0013630.png,0,0,10,0,0,0,0,0,0,0
fer0013631.png,8,2,0,0,0,0,0,0,0,0
fer0013632.png,8,0,0,0,0,0,0,1,1,0
fer0013633.png,9,0,0,0,0,0,0,0,1,0
fer0013634.png,4,0,0,1,4,1,0,0,0,0
fer0013635.png,1,1,1,0,5,1,0,0,1,0
fer0013636.png,2,0,0,0,8,0,0,0,0,0
fer0013637.png,0,0,0,10,0,0,0,0,0,0
fer0013638.png,4,0,3,0,1,0,0,0,2,0
fer0013639.png,2,1,1,2,1,0,0,1,2,0
fer0013640.png,0,0,1,4,0,0,0,0,5,0
fer0013641.png,9,0,0,0,0,0,0,1,0,0
fer0013642.png,0,4,0,0,0,4,0,2,0,0
fer0013643.png,3,0,0,1,5,1,0,0,0,0
fer0013644.png,6,0,0,4,0,0,0,0,0,0
fer0013645.png,8,0,0,2,0,0,0,0,0,0
fer0013646.png,8,0,0,1,0,0,0,0,1,0
fer0013647.png,0,0,9,0,0,0,1,0,0,0
fer0013648.png,0,0,0,6,3,0,1,0,0,0
fer0013649.png,0,0,9,0,0,0,1,0,0,0
fer0013650.png,5,0,0,2,0,0,1,0,2,0
fer0013651.png,0,0,0,10,0,0,0,0,0,0
fer0013652.png,0,0,9,0,0,0,1,0,0,0
fer0013653.png,1,1,1,1,2,0,3,0,1,0
fer0013654.png,0,0,2,2,4,0,2,0,0,0
fer0013655.png,6,0,0,3,0,0,0,0,1,0
fer0013656.png,0,10,0,0,0,0,0,0,0,0
fer0013657.png,0,0,5,0,0,0,4,1,0,0
fer0013658.png,8,0,0,1,0,1,0,0,0,0
fer0013659.png,8,0,0,2,0,0,0,0,0,0
fer0013660.png,0,0,10,0,0,0,0,0,0,0
fer0013661.png,3,7,0,0,0,0,0,0,0,0
fer0013662.png,7,0,3,0,0,0,0,0,0,0
fer0013663.png,0,10,0,0,0,0,0,0,0,0
fer0013664.png,0,0,0,10,0,0,0,0,0,0
fer0013665.png,0,10,0,0,0,0,0,0,0,0
fer0013666.png,4,0,0,6,0,0,0,0,0,0
fer0013667.png,0,10,0,0,0,0,0,0,0,0
fer0013668.png,0,9,1,0,0,0,0,0,0,0
fer0013669.png,6,0,0,1,3,0,0,0,0,0
fer0013670.png,9,0,0,1,0,0,0,0,0,0
fer0013671.png,7,0,0,3,0,0,0,0,0,0
fer0013672.png,9,1,0,0,0,0,0,0,0,0
fer0013673.png,0,0,0,9,0,1,0,0,0,0
fer0013674.png,0,9,1,0,0,0,0,0,0,0
fer0013675.png,0,0,10,0,0,0,0,0,0,0
fer0013676.png,0,0,0,9,1,0,0,0,0,0
fer0013677.png,0,10,0,0,0,0,0,0,0,0
fer0013678.png,5,0,0,3,0,0,0,0,2,0
fer0013679.png,8,0,0,0,2,0,0,0,0,0
fer0013680.png,8,2,0,0,0,0,0,0,0,0
fer0013681.png,8,0,0,1,0,0,0,1,0,0
fer0013682.png,8,0,0,0,0,1,0,1,0,0
fer0013683.png,5,0,0,1,3,0,0,0,1,0
fer0013684.png,6,0,0,3,0,0,0,0,1,0
fer0013685.png,6,0,0,3,0,0,0,0,1,0
fer0013686.png,0,1,2,2,0,0,5,0,0,0
fer0013687.png,0,8,2,0,0,0,0,0,0,0
fer0013688.png,4,0,0,5,0,0,0,0,1,0
fer0013689.png,0,10,0,0,0,0,0,0,0,0
fer0013690.png,0,0,8,0,2,0,0,0,0,0
fer0013691.png,3,0,1,2,0,0,0,1,3,0
fer0013692.png,1,0,1,4,0,0,3,0,1,0
fer0013693.png,0,0,4,2,0,1,0,0,3,0
fer0013694.png,9,0,0,0,0,0,0,1,0,0
fer0013695.png,0,9,0,0,0,0,0,0,1,0
fer0013696.png,7,0,0,3,0,0,0,0,0,0
fer0013697.png,1,0,0,0,9,0,0,0,0,0
fer0013698.png,1,0,0,5,4,0,0,0,0,0
fer0013699.png,2,0,5,0,0,0,1,0,2,0
fer0013700.png,1,1,0,2,1,1,0,0,4,0
fer0013701.png,2,0,1,3,1,1,0,2,0,0
fer0013702.png,2,0,5,0,0,0,1,0,2,0
fer0013703.png,0,10,0,0,0,0,0,0,0,0
fer0013704.png,1,0,2,0,6,0,0,0,1,0
fer0013705.png,2,0,0,5,0,2,0,0,1,0
fer0013706.png,1,9,0,0,0,0,0,0,0,0
fer0013707.png,7,0,0,0,3,0,0,0,0,0
fer0013708.png,4,0,0,0,4,1,0,0,1,0
fer0013709.png,0,1,8,0,0,0,0,0,1,0
fer0013710.png,1,0,0,1,6,0,0,0,2,0
fer0013711.png,0,10,0,0,0,0,0,0,0,0
fer0013712.png,9,0,0,1,0,0,0,0,0,0
fer0013713.png,6,0,0,2,0,0,0,1,1,0
fer0013714.png,9,1,0,0,0,0,0,0,0,0
fer0013715.png,0,10,0,0,0,0,0,0,0,0
fer0013716.png,0,9,0,1,0,0,0,0,0,0
fer0013717.png,1,0,0,8,0,0,0,1,0,0
fer0013718.png,10,0,0,0,0,0,0,0,0,0
fer0013719.png,0,10,0,0,0,0,0,0,0,0
fer0013720.png,6,0,1,0,1,0,0,0,2,0
fer0013721.png,0,0,9,0,0,0,0,1,0,0
fer0013722.png,0,9,0,0,0,0,0,1,0,0
fer0013723.png,0,10,0,0,0,0,0,0,0,0
fer0013724.png,0,8,2,0,0,0,0,0,0,0
fer0013725.png,0,10,0,0,0,0,0,0,0,0
fer0013726.png,3,0,0,0,5,2,0,0,0,0
fer0013727.png,5,5,0,0,0,0,0,0,0,0
fer0013728.png,0,10,0,0,0,0,0,0,0,0
fer0013729.png,0,0,10,0,0,0,0,0,0,0
fer0013730.png,4,0,0,2,2,1,0,0,1,0
fer0013731.png,1,0,0,9,0,0,0,0,0,0
fer0013732.png,9,0,0,0,1,0,0,0,0,0
fer0013733.png,10,0,0,0,0,0,0,0,0,0
fer0013734.png,3,0,0,4,0,0,1,0,2,0
fer0013735.png,4,0,0,6,0,0,0,0,0,0
fer0013736.png,0,10,0,0,0,0,0,0,0,0
fer0013737.png,5,0,0,4,1,0,0,0,0,0
fer0013738.png,7,0,0,3,0,0,0,0,0,0
fer0013739.png,4,0,0,2,0,0,0,0,4,0
fer0013740.png,10,0,0,0,0,0,0,0,0,0
fer0013741.png,7,0,0,3,0,0,0,0,0,0
fer0013742.png,1,0,9,0,0,0,0,0,0,0
fer0013743.png,5,0,0,3,1,0,0,0,1,0
fer0013744.png,8,0,0,2,0,0,0,0,0,0
fer0013745.png,8,1,0,0,0,0,0,0,1,0
fer0013746.png,9,0,0,1,0,0,0,0,0,0
fer0013747.png,8,0,1,0,0,0,0,0,1,0
fer0013748.png,3,0,0,0,0,0,0,0,7,0
fer0013749.png,3,0,0,3,1,1,1,0,1,0
fer0013750.png,6,0,0,1,0,1,0,0,2,0
fer0013751.png,1,1,0,8,0,0,0,0,0,0
fer0013752.png,0,0,8,0,0,0,1,0,1,0
fer0013753.png,1,0,4,0,5,0,0,0,0,0
fer0013754.png,0,10,0,0,0,0,0,0,0,0
fer0013755.png,4,1,0,5,0,0,0,0,0,0
fer0013756.png,0,10,0,0,0,0,0,0,0,0
fer0013757.png,0,7,1,0,0,0,2,0,0,0
fer0013758.png,5,0,1,3,0,0,0,0,1,0
fer0013759.png,5,2,0,2,0,0,0,0,1,0
fer0013760.png,6,0,0,1,0,0,0,1,2,0
fer0013761.png,1,1,0,1,0,0,5,0,2,0
fer0013762.png,9,0,0,1,0,0,0,0,0,0
fer0013763.png,2,0,0,6,1,0,0,1,0,0
fer0013764.png,0,10,0,0,0,0,0,0,0,0
fer0013765.png,1,0,0,9,0,0,0,0,0,0
fer0013766.png,1,0,1,5,0,0,3,0,0,0
fer0013767.png,0,9,0,0,0,1,0,0,0,0
fer0013768.png,4,0,0,3,1,0,1,0,1,0
fer0013769.png,2,0,0,5,0,0,0,1,2,0
fer0013770.png,8,0,0,0,2,0,0,0,0,0
fer0013771.png,1,0,0,1,8,0,0,0,0,0
fer0013772.png,9,0,0,1,0,0,0,0,0,0
fer0013773.png,2,8,0,0,0,0,0,0,0,0
fer0013774.png,8,0,0,1,0,0,0,0,1,0
fer0013775.png,8,0,0,1,1,0,0,0,0,0
fer0013776.png,0,10,0,0,0,0,0,0,0,0
fer0013777.png,0,10,0,0,0,0,0,0,0,0
fer0013778.png,0,9,0,0,0,0,0,1,0,0
fer0013779.png,8,0,0,1,0,0,0,0,1,0
fer0013780.png,9,0,0,0,0,0,0,0,1,0
fer0013781.png,0,10,0,0,0,0,0,0,0,0
fer0013782.png,7,0,0,2,0,0,0,0,1,0
fer0013783.png,5,4,0,0,0,0,0,0,1,0
fer0013784.png,0,1,3,0,6,0,0,0,0,0
fer0013785.png,0,10,0,0,0,0,0,0,0,0
fer0013786.png,10,0,0,0,0,0,0,0,0,0
fer0013787.png,4,0,6,0,0,0,0,0,0,0
fer0013788.png,1,3,0,2,1,0,0,0,3,0
fer0013789.png,0,0,10,0,0,0,0,0,0,0
fer0013790.png,8,0,0,0,1,0,0,0,1,0
fer0013791.png,0,9,1,0,0,0,0,0,0,0
fer0013792.png,1,8,0,0,0,0,0,0,1,0
fer0013793.png,8,0,0,2,0,0,0,0,0,0
fer0013794.png,1,9,0,0,0,0,0,0,0,0
fer0013795.png,3,6,0,0,0,0,0,0,1,0
fer0013796.png,4,6,0,0,0,0,0,0,0,0
fer0013797.png,0,0,0,5,0,3,1,0,1,0
fer0013798.png,5,0,0,4,0,0,0,1,0,0
fer0013799.png,0,1,5,0,1,0,3,0,0,0
fer0013800.png,10,0,0,0,0,0,0,0,0,0
fer0013801.png,0,0,0,0,0,0,0,0,0,10
fer0013802.png,7,0,0,2,1,0,0,0,0,0
fer0013803.png,0,10,0,0,0,0,0,0,0,0
fer0013804.png,0,9,0,0,0,0,0,0,1,0
fer0013805.png,9,1,0,0,0,0,0,0,0,0
fer0013806.png,4,0,0,1,0,1,0,0,4,0
fer0013807.png,0,9,1,0,0,0,0,0,0,0
fer0013808.png,7,0,0,3,0,0,0,0,0,0
fer0013809.png,0,0,1,0,4,2,2,0,1,0
fer0013810.png,0,10,0,0,0,0,0,0,0,0
fer0013811.png,6,0,0,2,0,0,0,1,1,0
fer0013812.png,5,0,0,2,1,0,0,1,1,0
fer0013813.png,8,0,1,0,0,0,0,0,1,0
fer0013814.png,6,0,0,2,0,0,0,0,2,0
fer0013815.png,0,0,0,8,0,0,0,0,2,0
fer0013816.png,4,0,0,6,0,0,0,0,0,0
fer0013817.png,4,0,1,3,0,0,0,0,2,0
fer0013818.png,0,2,1,1,6,0,0,0,0,0
fer0013819.png,2,0,0,2,2,2,0,1,1,0
fer0013820.png,4,1,0,0,3,2,0,0,0,0
fer0013821.png,0,10,0,0,0,0,0,0,0,0
fer0013822.png,0,6,0,2,0,0,0,0,2,0
fer0013823.png,0,0,1,1,1,3,1,2,1,0
fer0013824.png,7,0,0,2,0,1,0,0,0,0
fer0013825.png,0,0,6,1,0,0,2,0,1,0
fer0013826.png,6,0,0,3,1,0,0,0,0,0
fer0013827.png,9,0,0,1,0,0,0,0,0,0
fer0013828.png,5,0,0,4,0,0,0,0,1,0
fer0013829.png,0,9,0,0,0,1,0,0,0,0
fer0013830.png,7,2,0,0,0,0,0,0,1,0
fer0013831.png,1,8,1,0,0,0,0,0,0,0
fer0013832.png,8,0,0,2,0,0,0,0,0,0
fer0013833.png,7,0,0,0,1,0,1,0,1,0
fer0013834.png,1,9,0,0,0,0,0,0,0,0
fer0013835.png,7,0,0,1,0,0,0,2,0,0
fer0013836.png,0,10,0,0,0,0,0,0,0,0
fer0013837.png,3,0,0,7,0,0,0,0,0,0
fer0013838.png,0,0,9,0,0,0,1,0,0,0
fer0013839.png,0,10,0,0,0,0,0,0,0,0
fer0013840.png,0,9,0,0,0,0,0,1,0,0
fer0013841.png,4,0,0,1,1,0,0,4,0,0
fer0013842.png,3,2,0,5,0,0,0,0,0,0
fer0013843.png,4,0,1,1,0,0,2,0,2,0
fer0013844.png,4,4,0,0,0,0,1,0,1,0
fer0013845.png,0,0,0,10,0,0,0,0,0,0
fer0013846.png,1,9,0,0,0,0,0,0,0,0
fer0013847.png,2,7,0,0,0,0,0,0,1,0
fer0013848.png,8,0,0,1,1,0,0,0,0,0
fer0013849.png,4,0,0,5,0,0,0,0,1,0
fer0013850.png,6,0,0,4,0,0,0,0,0,0
fer0013851.png,4,0,0,6,0,0,0,0,0,0
fer0013852.png,4,0,0,2,2,1,0,1,0,0
fer0013853.png,9,0,0,1,0,0,0,0,0,0
fer0013854.png,0,0,2,1,7,0,0,0,0,0
fer0013855.png,0,10,0,0,0,0,0,0,0,0
fer0013856.png,0,0,6,0,0,0,3,0,1,0
fer0013857.png,0,9,1,0,0,0,0,0,0,0
fer0013858.png,0,0,9,0,0,0,1,0,0,0
fer0013859.png,10,0,0,0,0,0,0,0,0,0
fer0013860.png,10,0,0,0,0,0,0,0,0,0
fer0013861.png,6,1,0,1,0,0,0,1,1,0
fer0013862.png,1,0,0,0,7,2,0,0,0,0
fer0013863.png,0,10,0,0,0,0,0,0,0,0
fer0013864.png,1,4,4,1,0,0,0,0,0,0
fer0013865.png,2,0,0,1,5,0,0,2,0,0
fer0013866.png,0,10,0,0,0,0,0,0,0,0
fer0013867.png,0,10,0,0,0,0,0,0,0,0
fer0013868.png,6,0,0,1,3,0,0,0,0,0
fer0013869.png,5,0,0,5,0,0,0,0,0,0
fer0013870.png,3,0,0,3,0,0,0,2,2,0
fer0013871.png,6,0,0,1,1,0,1,0,1,0
fer0013872.png,9,0,0,0,0,0,0,0,1,0
fer0013873.png,0,9,1,0,0,0,0,0,0,0
fer0013874.png,0,7,3,0,0,0,0,0,0,0
fer0013875.png,0,0,0,5,3,0,0,0,2,0
fer0013876.png,0,0,9,0,0,0,1,0,0,0
fer0013877.png,0,10,0,0,0,0,0,0,0,0
fer0013878.png,9,0,0,0,0,0,0,0,1,0
fer0013879.png,0,10,0,0,0,0,0,0,0,0
fer0013880.png,0,9,1,0,0,0,0,0,0,0
fer0013881.png,3,0,0,2,0,1,3,0,1,0
fer0013882.png,7,0,0,1,1,0,0,0,1,0
fer0013883.png,3,0,0,7,0,0,0,0,0,0
fer0013884.png,6,0,1,1,0,0,0,0,2,0
fer0013885.png,5,0,0,0,0,0,3,0,2,0
fer0013886.png,0,10,0,0,0,0,0,0,0,0
fer0013887.png,0,10,0,0,0,0,0,0,0,0
fer0013888.png,10,0,0,0,0,0,0,0,0,0
fer0013889.png,1,9,0,0,0,0,0,0,0,0
fer0013890.png,5,0,3,0,0,0,2,0,0,0
fer0013891.png,0,10,0,0,0,0,0,0,0,0
fer0013892.png,0,10,0,0,0,0,0,0,0,0
fer0013893.png,10,0,0,0,0,0,0,0,0,0
fer0013894.png,3,0,0,1,0,0,0,1,5,0
fer0013895.png,8,0,0,2,0,0,0,0,0,0
fer0013896.png,0,0,0,0,5,1,0,1,3,0
fer0013897.png,1,0,0,7,0,0,0,0,2,0
fer0013898.png,1,0,0,2,1,5,1,0,0,0
fer0013899.png,5,0,0,2,0,0,0,0,3,0
fer0013900.png,5,0,0,4,0,0,0,1,0,0
fer0013901.png,1,1,4,0,0,1,3,0,0,0
fer0013902.png,7,0,0,1,0,0,0,1,1,0
fer0013903.png,1,0,2,5,0,1,0,0,1,0
fer0013904.png,1,0,0,0,8,1,0,0,0,0
fer0013905.png,1,9,0,0,0,0,0,0,0,0
fer0013906.png,1,9,0,0,0,0,0,0,0,0
fer0013907.png,0,10,0,0,0,0,0,0,0,0
fer0013908.png,1,0,4,0,0,0,4,0,1,0
fer0013909.png,7,0,0,2,0,1,0,0,0,0
fer0013910.png,3,0,0,4,0,1,0,1,1,0
fer0013911.png,0,0,10,0,0,0,0,0,0,0
fer0013912.png,3,0,1,0,0,3,0,1,2,0
fer0013913.png,4,0,0,2,0,0,0,1,3,0
fer0013914.png,8,1,0,0,0,0,0,1,0,0
fer0013915.png,8,0,1,0,0,0,0,0,1,0
fer0013916.png,1,6,1,0,0,1,0,1,0,0
fer0013917.png,0,10,0,0,0,0,0,0,0,0
fer0013918.png,5,0,0,0,3,1,0,0,1,0
fer0013919.png,0,10,0,0,0,0,0,0,0,0
fer0013920.png,5,0,0,0,4,0,0,1,0,0
fer0013921.png,5,0,4,0,0,0,0,0,1,0
fer0013922.png,7,1,0,1,0,0,0,1,0,0
fer0013923.png,4,0,0,0,3,0,1,0,2,0
fer0013924.png,1,0,7,0,0,0,2,0,0,0
fer0013925.png,0,10,0,0,0,0,0,0,0,0
fer0013926.png,0,10,0,0,0,0,0,0,0,0
fer0013927.png,1,4,0,2,1,0,0,0,2,0
fer0013928.png,4,6,0,0,0,0,0,0,0,0
fer0013929.png,0,0,3,0,6,0,1,0,0,0
fer0013930.png,1,5,4,0,0,0,0,0,0,0
fer0013931.png,0,10,0,0,0,0,0,0,0,0
fer0013932.png,0,3,4,0,2,0,1,0,0,0
fer0013933.png,5,2,0,2,0,0,0,0,1,0
fer0013934.png,1,9,0,0,0,0,0,0,0,0
fer0013935.png,8,1,0,0,0,0,0,1,0,0
fer0013936.png,7,0,0,2,0,0,0,0,1,0
fer0013937.png,6,0,1,2,1,0,0,0,0,0
fer0013938.png,8,0,0,1,0,0,0,0,1,0
fer0013939.png,0,10,0,0,0,0,0,0,0,0
fer0013940.png,2,0,3,1,4,0,0,0,0,0
fer0013941.png,1,0,0,9,0,0,0,0,0,0
fer0013942.png,1,0,8,1,0,0,0,0,0,0
fer0013943.png,0,0,0,0,10,0,0,0,0,0
fer0013944.png,8,0,0,2,0,0,0,0,0,0
fer0013945.png,4,1,0,5,0,0,0,0,0,0
fer0013946.png,1,0,0,0,8,0,0,1,0,0
fer0013947.png,0,10,0,0,0,0,0,0,0,0
fer0013948.png,3,0,0,1,1,1,0,1,3,0
fer0013949.png,10,0,0,0,0,0,0,0,0,0
fer0013950.png,8,0,0,0,0,0,0,1,1,0
fer0013951.png,0,9,0,0,0,0,0,0,1,0
fer0013952.png,0,10,0,0,0,0,0,0,0,0
fer0013953.png,1,2,0,0,2,0,0,1,4,0
fer0013954.png,0,0,9,0,0,1,0,0,0,0
fer0013955.png,9,0,0,1,0,0,0,0,0,0
fer0013956.png,1,9,0,0,0,0,0,0,0,0
fer0013957.png,0,7,3,0,0,0,0,0,0,0
fer0013958.png,2,0,0,4,1,0,3,0,0,0
fer0013959.png,0,10,0,0,0,0,0,0,0,0
fer0013960.png,0,0,10,0,0,0,0,0,0,0
fer0013961.png,9,0,0,0,0,1,0,0,0,0
fer0013962.png,0,0,7,0,0,0,3,0,0,0
fer0013963.png,7,0,2,0,0,0,0,0,1,0
fer0013964.png,2,0,0,4,1,2,0,0,1,0
fer0013965.png,5,0,0,5,0,0,0,0,0,0
fer0013966.png,5,0,0,0,0,0,0,4,1,0
fer0013967.png,0,10,0,0,0,0,0,0,0,0
fer0013968.png,0,1,0,2,2,0,0,0,5,0
fer0013969.png,4,0,0,0,0,0,0,6,0,0
fer0013970.png,5,0,2,0,0,3,0,0,0,0
fer0013971.png,4,3,0,1,1,0,0,0,1,0
fer0013972.png,0,0,0,5,0,1,4,0,0,0
fer0013973.png,0,1,6,1,1,0,1,0,0,0
fer0013974.png,2,0,0,6,1,1,0,0,0,0
fer0013975.png,0,1,0,2,5,0,0,0,2,0
fer0013976.png,2,0,3,1,2,0,2,0,0,0
fer0013977.png,1,0,1,1,0,0,5,0,2,0
fer0013978.png,0,10,0,0,0,0,0,0,0,0
fer0013979.png,10,0,0,0,0,0,0,0,0,0
fer0013980.png,10,0,0,0,0,0,0,0,0,0
fer0013981.png,0,9,1,0,0,0,0,0,0,0
fer0013982.png,5,0,0,4,1,0,0,0,0,0
fer0013983.png,0,0,3,0,7,0,0,0,0,0
fer0013984.png,4,1,1,0,0,0,1,0,3,0
fer0013985.png,0,10,0,0,0,0,0,0,0,0
fer0013986.png,0,10,0,0,0,0,0,0,0,0
fer0013987.png,1,1,7,0,0,1,0,0,0,0
fer0013988.png,0,10,0,0,0,0,0,0,0,0
fer0013989.png,1,0,0,0,0,1,0,5,3,0
fer0013990.png,2,0,0,4,2,0,0,1,1,0
fer0013991.png,0,1,2,0,5,0,0,0,2,0
fer0013992.png,1,8,0,0,0,0,0,0,1,0
fer0013993.png,1,0,0,9,0,0,0,0,0,0
fer0013994.png,9,0,0,1,0,0,0,0,0,0
fer0013995.png,4,0,0,5,0,0,0,0,1,0
fer0013996.png,2,1,5,1,0,0,1,0,0,0
fer0013997.png,7,0,0,1,1,1,0,0,0,0
fer0013998.png,3,2,0,4,0,0,0,0,1,0
fer0013999.png,5,4,0,1,0,0,0,0,0,0
fer0014000.png,3,5,0,0,0,0,0,1,1,0
fer0014001.png,4,3,1,1,0,0,0,0,1,0
fer0014002.png,7,0,1,1,1,0,0,0,0,0
fer0014003.png,1,0,8,0,0,0,1,0,0,0
fer0014004.png,0,0,0,6,1,0,0,0,3,0
fer0014005.png,1,0,0,8,0,1,0,0,0,0
fer0014006.png,5,0,0,1,1,1,0,0,2,0
fer0014007.png,1,6,3,0,0,0,0,0,0,0
fer0014008.png,7,2,0,0,0,0,0,1,0,0
fer0014009.png,3,0,0,6,0,0,0,0,1,0
fer0014010.png,0,0,0,10,0,0,0,0,0,0
fer0014011.png,8,0,0,0,0,0,0,0,2,0
fer0014012.png,3,0,0,7,0,0,0,0,0,0
fer0014013.png,0,0,9,0,0,0,0,0,1,0
fer0014014.png,8,0,0,1,0,0,0,0,1,0
fer0014015.png,0,10,0,0,0,0,0,0,0,0
fer0014016.png,0,10,0,0,0,0,0,0,0,0
fer0014017.png,1,0,8,0,0,0,1,0,0,0
fer0014018.png,0,5,2,0,1,0,0,0,2,0
fer0014019.png,6,0,0,4,0,0,0,0,0,0
fer0014020.png,2,7,0,0,0,1,0,0,0,0
fer0014021.png,0,0,9,0,0,0,1,0,0,0
fer0014022.png,0,9,0,0,1,0,0,0,0,0
fer0014023.png,0,0,5,1,0,0,4,0,0,0
fer0014024.png,0,10,0,0,0,0,0,0,0,0
fer0014025.png,2,0,3,1,0,0,0,0,4,0
fer0014026.png,1,8,0,1,0,0,0,0,0,0
fer0014027.png,8,0,0,1,0,0,1,0,0,0
fer0014028.png,0,0,0,9,0,0,1,0,0,0
fer0014029.png,6,4,0,0,0,0,0,0,0,0
fer0014030.png,5,0,0,4,0,0,0,0,1,0
fer0014031.png,9,1,0,0,0,0,0,0,0,0
fer0014032.png,3,0,1,3,0,0,0,0,3,0
fer0014033.png,8,0,0,0,0,0,0,2,0,0
fer0014034.png,2,0,6,0,1,0,0,0,1,0
fer0014035.png,0,10,0,0,0,0,0,0,0,0
fer0014036.png,6,0,1,1,0,0,1,0,1,0
fer0014037.png,0,0,6,1,0,0,3,0,0,0
fer0014038.png,7,3,0,0,0,0,0,0,0,0
fer0014039.png,1,0,0,8,0,0,0,1,0,0
fer0014040.png,9,1,0,0,0,0,0,0,0,0
fer0014041.png,1,0,8,0,0,0,1,0,0,0
fer0014042.png,0,10,0,0,0,0,0,0,0,0
fer0014043.png,0,0,1,4,0,0,2,0,3,0
fer0014044.png,0,0,0,2,8,0,0,0,0,0
fer0014045.png,4,0,0,4,0,1,0,0,1,0
fer0014046.png,0,0,0,0,7,1,1,0,1,0
fer0014047.png,0,10,0,0,0,0,0,0,0,0
fer0014048.png,0,10,0,0,0,0,0,0,0,0
fer0014049.png,0,9,0,0,0,0,1,0,0,0
fer0014050.png,9,0,0,0,1,0,0,0,0,0
fer0014051.png,1,9,0,0,0,0,0,0,0,0
fer0014052.png,0,0,4,0,5,0,1,0,0,0
fer0014053.png,0,10,0,0,0,0,0,0,0,0
fer0014054.png,0,10,0,0,0,0,0,0,0,0
fer0014055.png,6,0,0,0,1,1,0,0,2,0
fer0014056.png,6,0,0,2,0,0,0,1,1,0
fer0014057.png,0,0,0,1,7,2,0,0,0,0
fer0014058.png,2,0,0,8,0,0,0,0,0,0
fer0014059.png,6,0,0,1,2,0,0,1,0,0
fer0014060.png,5,0,0,2,0,0,0,1,2,0
fer0014061.png,1,1,1,0,5,0,0,0,2,0
fer0014062.png,9,0,0,0,0,0,0,0,1,0
fer0014063.png,5,0,0,4,0,0,0,0,1,0
fer0014064.png,5,1,0,3,0,0,0,0,1,0
fer0014065.png,6,0,0,1,0,0,0,0,3,0
fer0014066.png,8,0,0,1,0,0,0,0,1,0
fer0014067.png,8,0,0,1,0,0,0,1,0,0
fer0014068.png,6,1,0,2,0,0,0,0,1,0
fer0014069.png,0,0,3,0,6,0,1,0,0,0
fer0014070.png,8,2,0,0,0,0,0,0,0,0
fer0014071.png,1,0,0,2,1,5,0,1,0,0
fer0014072.png,2,0,1,0,3,0,3,0,1,0
fer0014073.png,0,10,0,0,0,0,0,0,0,0
fer0014074.png,10,0,0,0,0,0,0,0,0,0
fer0014075.png,4,0,0,3,0,0,0,0,3,0
fer0014076.png,0,1,9,0,0,0,0,0,0,0
fer0014077.png,0,10,0,0,0,0,0,0,0,0
fer0014078.png,2,0,0,3,2,0,0,0,3,0
fer0014079.png,2,1,0,0,7,0,0,0,0,0
fer0014080.png,0,10,0,0,0,0,0,0,0,0
fer0014081.png,5,0,2,1,1,0,0,1,0,0
fer0014082.png,2,1,0,6,0,0,0,0,1,0
fer0014083.png,0,0,8,0,0,0,1,0,1,0
fer0014084.png,8,0,0,2,0,0,0,0,0,0
fer0014085.png,1,9,0,0,0,0,0,0,0,0
fer0014086.png,5,0,0,1,2,1,0,0,1,0
fer0014087.png,1,2,4,0,1,0,0,0,2,0
fer0014088.png,1,0,1,8,0,0,0,0,0,0
fer0014089.png,0,0,1,3,3,1,1,0,1,0
fer0014090.png,0,0,1,0,7,0,0,1,1,0
fer0014091.png,5,0,0,3,0,0,0,0,2,0
fer0014092.png,8,0,1,0,0,0,0,0,1,0
fer0014093.png,10,0,0,0,0,0,0,0,0,0
fer0014094.png,0,10,0,0,0,0,0,0,0,0
fer0014095.png,4,0,0,4,0,0,0,1,1,0
fer0014096.png,7,0,0,3,0,0,0,0,0,0
fer0014097.png,4,0,1,4,0,0,0,1,0,0
fer0014098.png,1,1,1,0,4,1,0,0,2,0
fer0014099.png,2,0,1,0,0,0,7,0,0,0
fer0014100.png,0,10,0,0,0,0,0,0,0,0
fer0014101.png,2,0,0,6,0,0,0,0,2,0
fer0014102.png,9,1,0,0,0,0,0,0,0,0
fer0014103.png,9,0,0,0,1,0,0,0,0,0
fer0014104.png,3,0,0,0,6,1,0,0,0,0
fer0014105.png,0,0,10,0,0,0,0,0,0,0
fer0014106.png,8,0,2,0,0,0,0,0,0,0
fer0014107.png,0,10,0,0,0,0,0,0,0,0
fer0014108.png,6,0,0,0,1,1,0,1,1,0
fer0014109.png,6,0,2,0,0,0,0,0,2,0
fer0014110.png,8,0,0,1,0,0,0,0,1,0
fer0014111.png,10,0,0,0,0,0,0,0,0,0
fer0014112.png,0,8,2,0,0,0,0,0,0,0
fer0014113.png,2,0,0,2,0,3,0,2,1,0
fer0014114.png,10,0,0,0,0,0,0,0,0,0
fer0014115.png,2,7,0,1,0,0,0,0,0,0
fer0014116.png,0,9,0,0,1,0,0,0,0,0
fer0014117.png,9,0,0,0,0,0,0,0,1,0
fer0014118.png,8,0,1,1,0,0,0,0,0,0
fer0014119.png,0,10,0,0,0,0,0,0,0,0
fer0014120.png,0,10,0,0,0,0,0,0,0,0
fer0014121.png,9,0,0,1,0,0,0,0,0,0
fer0014122.png,7,0,0,3,0,0,0,0,0,0
fer0014123.png,3,0,0,7,0,0,0,0,0,0
fer0014124.png,2,0,0,0,8,0,0,0,0,0
fer0014125.png,10,0,0,0,0,0,0,0,0,0
fer0014126.png,0,3,2,1,4,0,0,0,0,0
fer0014127.png,3,0,0,3,2,0,0,1,1,0
fer0014128.png,0,0,3,0,6,0,1,0,0,0
fer0014129.png,0,10,0,0,0,0,0,0,0,0
fer0014130.png,5,5,0,0,0,0,0,0,0,0
fer0014131.png,9,0,0,0,0,0,0,0,1,0
fer0014132.png,8,0,0,0,0,0,1,1,0,0
fer0014133.png,7,0,0,2,1,0,0,0,0,0
fer0014134.png,7,3,0,0,0,0,0,0,0,0
fer0014135.png,7,0,0,0,1,0,0,0,2,0
fer0014136.png,0,10,0,0,0,0,0,0,0,0
fer0014137.png,0,0,9,1,0,0,0,0,0,0
fer0014138.png,8,0,0,2,0,0,0,0,0,0
fer0014139.png,6,0,0,1,0,0,0,2,1,0
fer0014140.png,9,0,0,0,0,0,0,0,1,0
fer0014141.png,4,0,5,0,0,0,1,0,0,0
fer0014142.png,0,4,2,1,0,1,2,0,0,0
fer0014143.png,3,6,0,1,0,0,0,0,0,0
fer0014144.png,6,1,0,0,2,0,0,1,0,0
fer0014145.png,7,0,0,2,1,0,0,0,0,0
fer0014146.png,0,0,8,0,0,0,2,0,0,0
fer0014147.png,9,0,0,0,0,0,0,0,1,0
fer0014148.png,9,0,0,1,0,0,0,0,0,0
fer0014149.png,6,0,1,1,0,0,0,0,2,0
fer0014150.png,7,2,0,0,0,0,0,1,0,0
fer0014151.png,8,0,0,2,0,0,0,0,0,0
fer0014152.png,1,9,0,0,0,0,0,0,0,0
fer0014153.png,6,0,0,4,0,0,0,0,0,0
fer0014154.png,2,4,0,3,0,0,0,0,1,0
fer0014155.png,0,1,1,0,7,0,0,0,1,0
fer0014156.png,5,0,0,0,5,0,0,0,0,0
fer0014157.png,0,0,0,9,1,0,0,0,0,0
fer0014158.png,3,0,0,7,0,0,0,0,0,0
fer0014159.png,4,0,0,4,0,0,0,0,2,0
fer0014160.png,1,9,0,0,0,0,0,0,0,0
fer0014161.png,0,0,7,0,0,0,1,0,2,0
fer0014162.png,0,0,0,0,8,0,1,0,1,0
fer0014163.png,2,0,0,0,0,0,2,2,4,0
fer0014164.png,4,5,0,0,0,0,0,0,1,0
fer0014165.png,0,0,10,0,0,0,0,0,0,0
fer0014166.png,0,1,3,0,5,0,1,0,0,0
fer0014167.png,0,0,9,0,0,0,0,0,1,0
fer0014168.png,3,0,0,5,0,0,0,0,2,0
fer0014169.png,1,0,0,5,0,0,0,1,3,0
fer0014170.png,3,0,0,7,0,0,0,0,0,0
fer0014171.png,6,0,2,0,0,0,0,0,2,0
fer0014172.png,7,0,0,2,0,0,0,0,1,0
fer0014173.png,7,0,0,1,0,0,0,0,2,0
fer0014174.png,7,2,0,0,0,0,1,0,0,0
fer0014175.png,1,0,0,1,3,4,0,0,0,1
fer0014176.png,0,10,0,0,0,0,0,0,0,0
fer0014177.png,0,0,10,0,0,0,0,0,0,0
fer0014178.png,6,0,0,2,1,0,0,0,1,0
fer0014179.png,2,8,0,0,0,0,0,0,0,0
fer0014180.png,2,0,0,3,0,0,0,0,3,2
fer0014181.png,5,2,0,0,0,0,0,2,1,0
fer0014182.png,4,1,1,2,0,0,0,0,2,0
fer0014183.png,0,10,0,0,0,0,0,0,0,0
fer0014184.png,2,0,0,2,0,0,0,0,6,0
fer0014185.png,1,0,1,0,1,0,7,0,0,0
fer0014186.png,0,0,0,10,0,0,0,0,0,0
fer0014187.png,2,0,0,8,0,0,0,0,0,0
fer0014188.png,0,10,0,0,0,0,0,0,0,0
fer0014189.png,0,0,3,1,1,0,5,0,0,0
fer0014190.png,0,10,0,0,0,0,0,0,0,0
fer0014191.png,0,0,9,0,1,0,0,0,0,0
fer0014192.png,6,0,0,2,2,0,0,0,0,0
fer0014193.png,1,9,0,0,0,0,0,0,0,0
fer0014194.png,2,0,6,0,0,0,0,0,2,0
fer0014195.png,6,0,0,2,0,0,0,2,0,0
fer0014196.png,0,10,0,0,0,0,0,0,0,0
fer0014197.png,5,0,0,3,0,0,0,2,0,0
fer0014198.png,0,10,0,0,0,0,0,0,0,0
fer0014199.png,10,0,0,0,0,0,0,0,0,0
fer0014200.png,2,0,1,0,5,1,0,0,1,0
fer0014201.png,5,0,0,5,0,0,0,0,0,0
fer0014202.png,0,10,0,0,0,0,0,0,0,0
fer0014203.png,4,0,0,0,3,2,0,0,1,0
fer0014204.png,0,0,10,0,0,0,0,0,0,0
fer0014205.png,1,9,0,0,0,0,0,0,0,0
fer0014206.png,0,10,0,0,0,0,0,0,0,0
fer0014207.png,4,0,0,2,0,0,0,0,3,1
fer0014208.png,8,0,0,0,0,0,1,0,1,0
fer0014209.png,0,2,0,0,5,0,0,0,3,0
fer0014210.png,5,0,1,0,1,0,0,1,2,0
fer0014211.png,0,10,0,0,0,0,0,0,0,0
fer0014212.png,8,0,0,0,0,0,0,1,1,0
fer0014213.png,1,9,0,0,0,0,0,0,0,0
fer0014214.png,0,10,0,0,0,0,0,0,0,0
fer0014215.png,9,0,0,1,0,0,0,0,0,0
fer0014216.png,0,10,0,0,0,0,0,0,0,0
fer0014217.png,0,4,0,0,1,2,1,0,2,0
fer0014218.png,1,9,0,0,0,0,0,0,0,0
fer0014219.png,0,10,0,0,0,0,0,0,0,0
fer0014220.png,9,0,0,0,0,0,0,1,0,0
fer0014221.png,0,10,0,0,0,0,0,0,0,0
fer0014222.png,0,10,0,0,0,0,0,0,0,0
fer0014223.png,0,10,0,0,0,0,0,0,0,0
fer0014224.png,5,0,0,1,0,0,0,3,1,0
fer0014225.png,8,1,0,0,1,0,0,0,0,0
fer0014226.png,0,0,0,0,4,5,0,0,1,0
fer0014227.png,0,10,0,0,0,0,0,0,0,0
fer0014228.png,0,0,3,0,0,0,7,0,0,0
fer0014229.png,7,0,0,3,0,0,0,0,0,0
fer0014230.png,7,0,0,0,0,0,0,1,2,0
fer0014231.png,3,0,0,6,0,0,0,1,0,0
fer0014232.png,0,10,0,0,0,0,0,0,0,0
fer0014233.png,0,0,0,10,0,0,0,0,0,0
fer0014234.png,3,0,0,3,1,2,0,0,1,0
fer0014235.png,0,10,0,0,0,0,0,0,0,0
fer0014236.png,3,1,0,0,0,1,0,1,4,0
fer0014237.png,7,0,0,1,0,0,1,0,1,0
fer0014238.png,0,9,0,0,0,0,0,1,0,0
fer0014239.png,1,1,0,5,1,2,0,0,0,0
fer0014240.png,8,0,0,1,1,0,0,0,0,0
fer0014241.png,0,7,1,1,0,0,1,0,0,0
fer0014242.png,0,10,0,0,0,0,0,0,0,0
fer0014243.png,0,0,10,0,0,0,0,0,0,0
fer0014244.png,0,10,0,0,0,0,0,0,0,0
fer0014245.png,2,0,0,5,0,2,0,0,1,0
fer0014246.png,1,0,9,0,0,0,0,0,0,0
fer0014247.png,8,0,0,1,0,0,0,0,1,0
fer0014248.png,2,0,4,1,3,0,0,0,0,0
fer0014249.png,10,0,0,0,0,0,0,0,0,0
fer0014250.png,0,0,2,6,2,0,0,0,0,0
fer0014251.png,0,9,0,0,0,0,0,0,1,0
fer0014252.png,0,0,6,0,0,0,3,0,1,0
fer0014253.png,0,10,0,0,0,0,0,0,0,0
fer0014254.png,0,0,10,0,0,0,0,0,0,0
fer0014255.png,3,0,0,3,3,0,0,0,1,0
fer0014256.png,9,0,0,0,0,0,0,0,1,0
fer0014257.png,1,0,1,5,0,0,3,0,0,0
fer0014258.png,9,0,0,0,0,0,0,0,1,0
fer0014259.png,0,10,0,0,0,0,0,0,0,0
fer0014260.png,0,10,0,0,0,0,0,0,0,0
fer0014261.png,6,1,3,0,0,0,0,0,0,0
fer0014262.png,4,0,0,3,0,0,0,1,2,0
fer0014263.png,6,1,0,1,0,0,0,0,2,0
fer0014264.png,0,0,9,0,0,0,0,0,1,0
fer0014265.png,8,0,0,1,0,0,0,0,0,1
fer0014266.png,5,0,1,0,3,0,0,0,1,0
fer0014267.png,1,1,7,1,0,0,0,0,0,0
fer0014268.png,2,2,2,0,2,0,1,0,1,0
fer0014269.png,0,10,0,0,0,0,0,0,0,0
fer0014270.png,1,8,0,0,0,0,0,0,1,0
fer0014271.png,6,0,0,1,0,0,0,1,2,0
fer0014272.png,2,0,0,1,5,0,0,0,2,0
fer0014273.png,0,10,0,0,0,0,0,0,0,0
fer0014274.png,7,0,0,2,1,0,0,0,0,0
fer0014275.png,9,1,0,0,0,0,0,0,0,0
fer0014276.png,0,0,0,10,0,0,0,0,0,0
fer0014277.png,0,10,0,0,0,0,0,0,0,0
fer0014278.png,0,3,2,0,1,0,1,0,3,0
fer0014279.png,0,10,0,0,0,0,0,0,0,0
fer0014280.png,6,0,0,3,0,0,0,0,1,0
fer0014281.png,0,10,0,0,0,0,0,0,0,0
fer0014282.png,6,0,0,4,0,0,0,0,0,0
fer0014283.png,0,0,8,0,0,0,2,0,0,0
fer0014284.png,6,0,1,0,0,0,1,0,2,0
fer0014285.png,0,10,0,0,0,0,0,0,0,0
fer0014286.png,0,5,1,0,0,0,1,0,3,0
fer0014287.png,9,0,0,0,1,0,0,0,0,0
fer0014288.png,4,3,0,0,1,0,0,0,2,0
fer0014289.png,8,0,0,2,0,0,0,0,0,0
fer0014290.png,0,0,9,0,0,0,0,0,1,0
fer0014291.png,4,0,1,4,0,0,0,0,1,0
fer0014292.png,0,9,0,0,0,0,0,1,0,0
fer0014293.png,0,10,0,0,0,0,0,0,0,0
fer0014294.png,10,0,0,0,0,0,0,0,0,0
fer0014295.png,8,0,0,1,0,0,0,0,1,0
fer0014296.png,1,0,3,1,3,1,1,0,0,0
fer0014297.png,1,0,0,0,9,0,0,0,0,0
fer0014298.png,1,0,0,4,0,0,1,1,3,0
fer0014299.png,0,9,0,0,0,1,0,0,0,0
fer0014300.png,5,0,0,1,0,0,0,0,4,0
fer0014301.png,7,1,0,0,0,0,0,1,1,0
fer0014302.png,8,0,0,2,0,0,0,0,0,0
fer0014303.png,0,1,1,0,8,0,0,0,0,0
fer0014304.png,0,2,6,0,2,0,0,0,0,0
fer0014305.png,1,0,0,9,0,0,0,0,0,0
fer0014306.png,0,0,1,9,0,0,0,0,0,0
fer0014307.png,0,10,0,0,0,0,0,0,0,0
fer0014308.png,0,9,1,0,0,0,0,0,0,0
fer0014309.png,7,0,0,2,1,0,0,0,0,0
fer0014310.png,8,0,0,0,1,0,1,0,0,0
fer0014311.png,9,1,0,0,0,0,0,0,0,0
fer0014312.png,2,0,0,0,5,0,0,2,0,1
fer0014313.png,0,10,0,0,0,0,0,0,0,0
fer0014314.png,0,1,6,0,2,0,1,0,0,0
fer0014315.png,0,0,0,1,6,2,0,0,1,0
fer0014316.png,0,0,3,0,7,0,0,0,0,0
fer0014317.png,0,10,0,0,0,0,0,0,0,0
fer0014318.png,7,0,0,2,0,0,0,0,1,0
fer0014319.png,0,10,0,0,0,0,0,0,0,0
fer0014320.png,1,0,0,9,0,0,0,0,0,0
fer0014321.png,7,0,0,1,0,0,0,0,2,0
fer0014322.png,7,0,0,0,0,0,0,0,3,0
fer0014323.png,5,0,0,4,0,0,0,0,1,0
fer0014324.png,8,0,0,1,0,0,0,0,1,0
fer0014325.png,0,10,0,0,0,0,0,0,0,0
fer0014326.png,0,10,0,0,0,0,0,0,0,0
fer0014327.png,0,0,3,0,4,0,3,0,0,0
fer0014328.png,9,0,0,1,0,0,0,0,0,0
fer0014329.png,0,8,1,0,0,1,0,0,0,0
fer0014330.png,0,10,0,0,0,0,0,0,0,0
fer0014331.png,6,0,0,3,0,0,0,1,0,0
fer0014332.png,4,0,0,3,0,0,0,1,2,0
fer0014333.png,3,0,0,7,0,0,0,0,0,0
fer0014334.png,0,0,10,0,0,0,0,0,0,0
fer0014335.png,2,0,4,0,2,1,0,0,1,0
fer0014336.png,6,0,0,2,0,0,1,1,0,0
fer0014337.png,0,10,0,0,0,0,0,0,0,0
fer0014338.png,0,10,0,0,0,0,0,0,0,0
fer0014339.png,0,0,10,0,0,0,0,0,0,0
fer0014340.png,4,0,0,2,4,0,0,0,0,0
fer0014341.png,0,0,10,0,0,0,0,0,0,0
fer0014342.png,1,0,0,0,8,0,0,0,1,0
fer0014343.png,0,0,0,9,0,0,0,0,1,0
fer0014344.png,0,10,0,0,0,0,0,0,0,0
fer0014345.png,8,0,2,0,0,0,0,0,0,0
fer0014346.png,9,0,0,0,0,0,0,0,1,0
fer0014347.png,9,0,0,0,0,0,1,0,0,0
fer0014348.png,0,0,10,0,0,0,0,0,0,0
fer0014349.png,9,0,0,1,0,0,0,0,0,0
fer0014350.png,5,0,0,4,0,0,0,0,1,0
fer0014351.png,3,0,0,5,0,0,1,0,1,0
fer0014352.png,8,0,0,1,0,0,0,0,1,0
fer0014353.png,3,0,0,6,0,0,1,0,0,0
fer0014354.png,0,0,1,5,4,0,0,0,0,0
fer0014355.png,2,0,0,1,0,1,0,5,1,0
fer0014356.png,0,10,0,0,0,0,0,0,0,0
fer0014357.png,0,8,1,0,0,0,0,0,0,1
fer0014358.png,0,10,0,0,0,0,0,0,0,0
fer0014359.png,0,0,9,0,0,0,1,0,0,0
fer0014360.png,0,10,0,0,0,0,0,0,0,0
fer0014361.png,9,0,0,1,0,0,0,0,0,0
fer0014362.png,0,0,0,9,0,0,0,0,1,0
fer0014363.png,0,10,0,0,0,0,0,0,0,0
fer0014364.png,0,10,0,0,0,0,0,0,0,0
fer0014365.png,10,0,0,0,0,0,0,0,0,0
fer0014366.png,0,0,7,0,0,0,0,0,3,0
fer0014367.png,1,0,0,6,1,1,0,0,1,0
fer0014368.png,8,0,0,0,0,0,0,1,1,0
fer0014369.png,6,0,0,0,2,0,0,0,2,0
fer0014370.png,8,0,0,2,0,0,0,0,0,0
fer0014371.png,1,1,0,7,1,0,0,0,0,0
fer0014372.png,9,0,0,0,0,0,0,0,1,0
fer0014373.png,0,1,6,0,0,0,3,0,0,0
fer0014374.png,8,0,0,2,0,0,0,0,0,0
fer0014375.png,4,0,0,1,4,0,0,0,1,0
fer0014376.png,1,9,0,0,0,0,0,0,0,0
fer0014377.png,0,2,0,7,0,0,1,0,0,0
fer0014378.png,1,8,1,0,0,0,0,0,0,0
fer0014379.png,7,0,0,0,0,1,0,0,2,0
fer0014380.png,1,3,1,0,2,0,0,0,3,0
fer0014381.png,0,0,2,0,0,3,2,0,3,0
fer0014382.png,1,0,0,8,0,0,0,0,1,0
fer0014383.png,1,0,1,1,0,1,5,0,1,0
fer0014384.png,0,0,9,0,0,0,0,1,0,0
fer0014385.png,0,0,0,0,7,1,0,0,2,0
fer0014386.png,0,10,0,0,0,0,0,0,0,0
fer0014387.png,6,0,0,2,0,0,0,1,1,0
fer0014388.png,0,10,0,0,0,0,0,0,0,0
fer0014389.png,0,10,0,0,0,0,0,0,0,0
fer0014390.png,8,0,0,1,0,1,0,0,0,0
fer0014391.png,5,0,0,5,0,0,0,0,0,0
fer0014392.png,0,10,0,0,0,0,0,0,0,0
fer0014393.png,0,10,0,0,0,0,0,0,0,0
fer0014394.png,2,0,0,5,0,1,0,0,1,1
fer0014395.png,10,0,0,0,0,0,0,0,0,0
fer0014396.png,1,7,0,1,0,0,0,0,1,0
fer0014397.png,0,0,0,1,7,0,0,1,1,0
fer0014398.png,0,0,0,0,10,0,0,0,0,0
fer0014399.png,2,1,7,0,0,0,0,0,0,0
fer0014400.png,0,9,0,0,0,0,1,0,0,0
fer0014401.png,0,10,0,0,0,0,0,0,0,0
fer0014402.png,0,1,0,2,6,0,1,0,0,0
fer0014403.png,3,0,0,2,0,1,2,1,1,0
fer0014404.png,5,0,0,0,3,1,0,0,1,0
fer0014405.png,2,0,1,4,0,0,0,0,3,0
fer0014406.png,4,0,0,2,0,0,0,2,2,0
fer0014407.png,0,10,0,0,0,0,0,0,0,0
fer0014408.png,0,10,0,0,0,0,0,0,0,0
fer0014409.png,0,10,0,0,0,0,0,0,0,0
fer0014410.png,0,10,0,0,0,0,0,0,0,0
fer0014411.png,6,0,0,2,0,1,0,0,1,0
fer0014412.png,3,0,1,1,2,1,1,0,1,0
fer0014413.png,0,10,0,0,0,0,0,0,0,0
fer0014414.png,0,9,0,1,0,0,0,0,0,0
fer0014415.png,3,6,0,0,0,0,0,0,1,0
fer0014416.png,2,0,1,0,3,0,2,1,1,0
fer0014417.png,0,10,0,0,0,0,0,0,0,0
fer0014418.png,3,0,1,3,0,0,2,1,0,0
fer0014419.png,7,0,0,0,0,0,0,1,2,0
fer0014420.png,2,0,6,1,0,0,1,0,0,0
fer0014421.png,0,1,1,0,4,1,2,1,0,0
fer0014422.png,0,0,10,0,0,0,0,0,0,0
fer0014423.png,7,0,0,0,0,0,0,1,2,0
fer0014424.png,3,0,0,7,0,0,0,0,0,0
fer0014425.png,1,8,1,0,0,0,0,0,0,0
fer0014426.png,10,0,0,0,0,0,0,0,0,0
fer0014427.png,9,0,0,1,0,0,0,0,0,0
fer0014428.png,4,3,0,1,0,0,0,1,1,0
fer0014429.png,0,10,0,0,0,0,0,0,0,0
fer0014430.png,1,8,1,0,0,0,0,0,0,0
fer0014431.png,0,0,0,9,0,0,0,1,0,0
fer0014432.png,0,10,0,0,0,0,0,0,0,0
fer0014433.png,9,0,0,1,0,0,0,0,0,0
fer0014434.png,0,10,0,0,0,0,0,0,0,0
fer0014435.png,4,0,0,1,0,0,4,0,1,0
fer0014436.png,6,0,0,0,0,0,0,1,3,0
fer0014437.png,0,0,0,0,8,0,0,0,2,0
fer0014438.png,4,0,1,2,0,0,3,0,0,0
fer0014439.png,1,4,3,1,0,0,1,0,0,0
fer0014440.png,8,0,0,1,0,0,0,1,0,0
fer0014441.png,0,0,0,10,0,0,0,0,0,0
fer0014442.png,1,0,6,0,1,0,1,0,1,0
fer0014443.png,5,0,0,4,0,0,0,1,0,0
fer0014444.png,0,7,0,1,0,1,0,0,1,0
fer0014445.png,0,10,0,0,0,0,0,0,0,0
fer0014446.png,9,0,0,0,0,0,0,0,1,0
fer0014447.png,9,0,0,0,0,0,0,1,0,0
fer0014448.png,4,1,0,3,0,1,0,0,1,0
fer0014449.png,5,3,0,0,0,0,0,1,1,0
fer0014450.png,0,8,2,0,0,0,0,0,0,0
fer0014451.png,0,9,0,0,0,0,1,0,0,0
fer0014452.png,0,0,1,7,2,0,0,0,0,0
fer0014453.png,5,0,0,3,0,0,0,1,1,0
fer0014454.png,7,0,1,0,0,0,0,1,1,0
fer0014455.png,9,0,0,0,0,0,0,0,1,0
fer0014456.png,2,0,0,6,0,0,0,0,2,0
fer0014457.png,5,0,0,3,0,0,0,1,1,0
fer0014458.png,9,0,0,0,0,0,0,0,1,0
fer0014459.png,5,0,0,1,1,1,0,0,2,0
fer0014460.png,2,0,0,0,5,1,1,0,1,0
fer0014461.png,6,0,0,1,1,0,1,0,1,0
fer0014462.png,1,0,5,1,0,0,3,0,0,0
fer0014463.png,6,4,0,0,0,0,0,0,0,0
fer0014464.png,2,0,0,5,0,0,0,0,3,0
fer0014465.png,0,10,0,0,0,0,0,0,0,0
fer0014466.png,0,0,0,8,0,0,0,0,2,0
fer0014467.png,0,10,0,0,0,0,0,0,0,0
fer0014468.png,1,0,1,4,4,0,0,0,0,0
fer0014469.png,0,0,9,0,0,0,1,0,0,0
fer0014470.png,0,0,3,0,7,0,0,0,0,0
fer0014471.png,0,0,2,1,3,1,1,0,2,0
fer0014472.png,5,0,0,3,0,0,1,0,1,0
fer0014473.png,3,3,0,0,0,0,0,0,3,1
fer0014474.png,6,1,0,2,0,0,1,0,0,0
fer0014475.png,0,10,0,0,0,0,0,0,0,0
fer0014476.png,0,0,0,0,8,0,1,0,1,0
fer0014477.png,7,0,1,0,0,1,0,0,1,0
fer0014478.png,0,1,0,7,1,1,0,0,0,0
fer0014479.png,7,0,0,2,0,0,0,0,1,0
fer0014480.png,8,2,0,0,0,0,0,0,0,0
fer0014481.png,4,0,0,5,0,0,0,0,1,0
fer0014482.png,6,0,0,2,1,0,0,0,1,0
fer0014483.png,6,1,0,2,0,0,0,0,1,0
fer0014484.png,5,0,0,1,0,1,1,2,0,0
fer0014485.png,1,0,1,1,5,0,1,0,0,1
fer0014486.png,6,0,0,4,0,0,0,0,0,0
fer0014487.png,0,0,6,0,0,0,4,0,0,0
fer0014488.png,1,0,0,0,8,0,1,0,0,0
fer0014489.png,0,9,0,0,1,0,0,0,0,0
fer0014490.png,10,0,0,0,0,0,0,0,0,0
fer0014491.png,1,1,7,0,0,0,1,0,0,0
fer0014492.png,1,0,3,1,4,0,0,0,1,0
fer0014493.png,7,2,0,0,0,0,0,1,0,0
fer0014494.png,4,0,2,2,0,0,0,0,2,0
fer0014495.png,7,0,1,1,1,0,0,0,0,0
fer0014496.png,0,10,0,0,0,0,0,0,0,0
fer0014497.png,2,8,0,0,0,0,0,0,0,0
fer0014498.png,3,5,1,0,0,0,0,0,1,0
fer0014499.png,0,0,9,0,0,0,0,0,1,0
fer0014500.png,0,10,0,0,0,0,0,0,0,0
fer0014501.png,10,0,0,0,0,0,0,0,0,0
fer0014502.png,3,1,0,4,0,1,0,0,1,0
fer0014503.png,0,9,0,0,0,1,0,0,0,0
fer0014504.png,1,0,0,9,0,0,0,0,0,0
fer0014505.png,0,10,0,0,0,0,0,0,0,0
fer0014506.png,0,10,0,0,0,0,0,0,0,0
fer0014507.png,8,0,0,1,1,0,0,0,0,0
fer0014508.png,1,0,6,0,0,1,2,0,0,0
fer0014509.png,0,9,0,0,0,0,0,0,0,1
fer0014510.png,5,1,0,4,0,0,0,0,0,0
fer0014511.png,0,0,10,0,0,0,0,0,0,0
fer0014512.png,0,10,0,0,0,0,0,0,0,0
fer0014513.png,0,10,0,0,0,0,0,0,0,0
fer0014514.png,0,10,0,0,0,0,0,0,0,0
fer0014515.png,0,0,0,10,0,0,0,0,0,0
fer0014516.png,4,0,0,0,2,0,1,1,2,0
fer0014517.png,0,10,0,0,0,0,0,0,0,0
fer0014518.png,1,0,3,0,0,0,6,0,0,0
fer0014519.png,0,0,0,10,0,0,0,0,0,0
fer0014520.png,0,7,0,3,0,0,0,0,0,0
fer0014521.png,9,0,1,0,0,0,0,0,0,0
fer0014522.png,0,10,0,0,0,0,0,0,0,0
fer0014523.png,6,0,0,3,0,0,0,0,1,0
fer0014524.png,0,10,0,0,0,0,0,0,0,0
fer0014525.png,9,0,0,1,0,0,0,0,0,0
fer0014526.png,0,1,9,0,0,0,0,0,0,0
fer0014527.png,0,10,0,0,0,0,0,0,0,0
fer0014528.png,0,0,0,7,0,0,3,0,0,0
fer0014529.png,1,2,2,1,4,0,0,0,0,0
fer0014530.png,9,1,0,0,0,0,0,0,0,0
fer0014531.png,3,0,0,4,1,1,0,0,1,0
fer0014532.png,9,0,0,1,0,0,0,0,0,0
fer0014533.png,0,0,0,10,0,0,0,0,0,0
fer0014534.png,0,1,0,0,5,1,1,0,2,0
fer0014535.png,1,1,0,5,3,0,0,0,0,0
fer0014536.png,2,0,0,8,0,0,0,0,0,0
fer0014537.png,2,1,0,5,0,0,0,0,2,0
fer0014538.png,0,0,8,0,0,0,1,0,1,0
fer0014539.png,2,0,7,1,0,0,0,0,0,0
fer0014540.png,4,0,0,4,1,0,0,0,1,0
fer0014541.png,3,7,0,0,0,0,0,0,0,0
fer0014542.png,3,1,2,0,0,0,1,0,3,0
fer0014543.png,1,0,0,9,0,0,0,0,0,0
fer0014544.png,0,10,0,0,0,0,0,0,0,0
fer0014545.png,7,2,0,0,0,0,0,0,1,0
fer0014546.png,1,9,0,0,0,0,0,0,0,0
fer0014547.png,0,10,0,0,0,0,0,0,0,0
fer0014548.png,0,10,0,0,0,0,0,0,0,0
fer0014549.png,0,10,0,0,0,0,0,0,0,0
fer0014550.png,6,2,0,0,1,0,0,1,0,0
fer0014551.png,0,0,0,8,0,0,2,0,0,0
fer0014552.png,2,7,0,0,1,0,0,0,0,0
fer0014553.png,1,2,6,0,1,0,0,0,0,0
fer0014554.png,0,10,0,0,0,0,0,0,0,0
fer0014555.png,0,8,2,0,0,0,0,0,0,0
fer0014556.png,0,9,0,1,0,0,0,0,0,0
fer0014557.png,2,0,0,2,0,0,5,0,1,0
fer0014558.png,1,3,3,0,2,0,0,0,1,0
fer0014559.png,5,0,0,5,0,0,0,0,0,0
fer0014560.png,9,0,0,0,0,0,0,0,1,0
fer0014561.png,0,1,7,0,0,0,0,0,2,0
fer0014562.png,1,0,4,1,3,0,0,0,1,0
fer0014563.png,6,0,0,1,3,0,0,0,0,0
fer0014564.png,7,0,0,2,0,0,0,0,1,0
fer0014565.png,8,0,1,0,0,0,0,0,1,0
fer0014566.png,8,0,1,0,0,0,0,0,1,0
fer0014567.png,0,9,0,0,0,0,1,0,0,0
fer0014568.png,10,0,0,0,0,0,0,0,0,0
fer0014569.png,2,0,2,0,0,0,0,0,6,0
fer0014570.png,0,10,0,0,0,0,0,0,0,0
fer0014571.png,4,0,0,5,0,0,0,1,0,0
fer0014572.png,2,0,0,7,0,1,0,0,0,0
fer0014573.png,0,0,0,0,9,1,0,0,0,0
fer0014574.png,0,0,8,0,0,0,1,0,1,0
fer0014575.png,3,0,1,0,3,1,0,1,1,0
fer0014576.png,1,0,0,0,0,0,9,0,0,0
fer0014577.png,0,10,0,0,0,0,0,0,0,0
fer0014578.png,1,0,0,6,0,0,1,0,2,0
fer0014579.png,0,0,1,0,9,0,0,0,0,0
fer0014580.png,0,0,7,0,0,0,2,1,0,0
fer0014581.png,9,0,0,1,0,0,0,0,0,0
fer0014582.png,8,0,0,2,0,0,0,0,0,0
fer0014583.png,3,6,0,1,0,0,0,0,0,0
fer0014584.png,0,10,0,0,0,0,0,0,0,0
fer0014585.png,6,0,0,3,0,0,0,0,1,0
fer0014586.png,0,10,0,0,0,0,0,0,0,0
fer0014587.png,8,0,0,1,0,0,0,1,0,0
fer0014588.png,1,8,0,0,0,0,0,1,0,0
fer0014589.png,5,2,0,0,0,1,0,0,2,0
fer0014590.png,4,0,0,5,0,0,0,0,1,0
fer0014591.png,8,0,0,1,0,1,0,0,0,0
fer0014592.png,1,9,0,0,0,0,0,0,0,0
fer0014593.png,5,1,0,2,0,0,0,0,2,0
fer0014594.png,7,0,0,2,0,0,0,0,1,0
fer0014595.png,5,5,0,0,0,0,0,0,0,0
fer0014596.png,2,0,3,2,0,0,0,0,3,0
fer0014597.png,0,0,1,0,8,0,0,0,1,0
fer0014598.png,8,0,0,0,0,0,0,0,2,0
fer0014599.png,7,0,0,0,1,0,0,2,0,0
fer0014600.png,7,0,1,1,0,0,0,0,1,0
fer0014601.png,5,0,0,2,0,0,0,0,3,0
fer0014602.png,0,10,0,0,0,0,0,0,0,0
fer0014603.png,0,0,0,8,0,0,0,0,2,0
fer0014604.png,0,10,0,0,0,0,0,0,0,0
fer0014605.png,0,10,0,0,0,0,0,0,0,0
fer0014606.png,0,0,8,0,0,0,2,0,0,0
fer0014607.png,2,0,4,0,1,0,2,0,1,0
fer0014608.png,5,1,0,0,0,1,0,1,2,0
fer0014609.png,1,4,0,0,2,0,0,0,3,0
fer0014610.png,4,0,5,0,0,1,0,0,0,0
fer0014611.png,2,0,0,2,2,2,0,1,1,0
fer0014612.png,2,8,0,0,0,0,0,0,0,0
fer0014613.png,4,0,0,4,0,0,0,0,2,0
fer0014614.png,6,0,1,2,0,0,0,0,1,0
fer0014615.png,0,0,0,9,1,0,0,0,0,0
fer0014616.png,1,0,1,6,1,0,1,0,0,0
fer0014617.png,0,10,0,0,0,0,0,0,0,0
fer0014618.png,0,0,10,0,0,0,0,0,0,0
fer0014619.png,6,0,1,2,0,0,0,0,1,0
fer0014620.png,3,1,0,6,0,0,0,0,0,0
fer0014621.png,0,9,0,0,0,0,0,1,0,0
fer0014622.png,0,0,6,0,2,0,1,0,1,0
fer0014623.png,4,0,0,6,0,0,0,0,0,0
fer0014624.png,1,7,0,0,0,0,0,0,2,0
fer0014625.png,9,0,0,1,0,0,0,0,0,0
fer0014626.png,8,0,0,1,1,0,0,0,0,0
fer0014627.png,0,10,0,0,0,0,0,0,0,0
fer0014628.png,7,0,0,0,1,0,0,0,2,0
fer0014629.png,0,10,0,0,0,0,0,0,0,0
fer0014630.png,6,0,0,1,0,1,0,1,1,0
fer0014631.png,9,0,0,1,0,0,0,0,0,0
fer0014632.png,0,10,0,0,0,0,0,0,0,0
fer0014633.png,8,0,0,1,0,0,0,0,1,0
fer0014634.png,1,0,8,0,0,0,0,0,1,0
fer0014635.png,9,0,0,0,1,0,0,0,0,0
fer0014636.png,0,0,0,9,0,0,0,0,1,0
fer0014637.png,6,0,0,2,1,0,0,1,0,0
fer0014638.png,0,0,0,0,9,0,1,0,0,0
fer0014639.png,0,0,1,1,1,1,6,0,0,0
fer0014640.png,0,10,0,0,0,0,0,0,0,0
fer0014641.png,7,0,0,2,1,0,0,0,0,0
fer0014642.png,0,9,0,0,0,0,0,0,1,0
fer0014643.png,1,8,1,0,0,0,0,0,0,0
fer0014644.png,2,0,0,2,0,4,0,1,1,0
fer0014645.png,0,0,5,0,0,0,4,0,1,0
fer0014646.png,1,1,4,0,1,0,3,0,0,0
fer0014647.png,0,0,4,0,3,0,3,0,0,0
fer0014648.png,8,1,0,1,0,0,0,0,0,0
fer0014649.png,6,1,0,2,0,0,0,1,0,0
fer0014650.png,0,0,8,0,0,0,1,1,0,0
fer0014651.png,9,1,0,0,0,0,0,0,0,0
fer0014652.png,6,0,0,4,0,0,0,0,0,0
fer0014653.png,0,0,5,0,0,0,4,0,1,0
fer0014654.png,5,0,0,0,0,0,0,2,3,0
fer0014655.png,3,0,0,6,0,0,0,0,1,0
fer0014656.png,1,0,9,0,0,0,0,0,0,0
fer0014657.png,1,0,1,1,5,0,0,0,2,0
fer0014658.png,6,0,0,2,0,0,0,2,0,0
fer0014659.png,0,10,0,0,0,0,0,0,0,0
fer0014660.png,8,0,0,0,0,0,0,0,2,0
fer0014662.png,10,0,0,0,0,0,0,0,0,0
fer0014663.png,7,0,0,3,0,0,0,0,0,0
fer0014664.png,0,0,7,0,1,0,2,0,0,0
fer0014665.png,4,0,0,0,6,0,0,0,0,0
fer0014666.png,9,0,0,0,0,0,0,0,1,0
fer0014667.png,6,0,2,0,0,0,0,0,2,0
fer0014668.png,0,3,4,0,1,1,0,0,1,0
fer0014669.png,8,0,0,2,0,0,0,0,0,0
fer0014670.png,8,0,0,1,0,0,0,0,1,0
fer0014671.png,0,10,0,0,0,0,0,0,0,0
fer0014672.png,8,1,0,0,0,0,0,0,1,0
fer0014673.png,2,8,0,0,0,0,0,0,0,0
fer0014674.png,6,0,0,4,0,0,0,0,0,0
fer0014675.png,0,8,2,0,0,0,0,0,0,0
fer0014676.png,7,3,0,0,0,0,0,0,0,0
fer0014677.png,3,0,0,3,1,1,0,0,2,0
fer0014678.png,3,0,0,1,4,2,0,0,0,0
fer0014679.png,0,0,10,0,0,0,0,0,0,0
fer0014680.png,0,0,3,0,0,0,6,0,1,0
fer0014681.png,7,0,1,1,0,0,0,0,1,0
fer0014682.png,2,1,1,2,0,1,0,0,3,0
fer0014683.png,1,8,0,1,0,0,0,0,0,0
fer0014684.png,1,1,7,0,0,0,1,0,0,0
fer0014685.png,0,10,0,0,0,0,0,0,0,0
fer0014686.png,4,1,0,0,1,0,0,4,0,0
fer0014687.png,9,0,0,1,0,0,0,0,0,0
fer0014688.png,5,0,0,5,0,0,0,0,0,0
fer0014689.png,0,10,0,0,0,0,0,0,0,0
fer0014690.png,7,0,0,3,0,0,0,0,0,0
fer0014691.png,1,0,8,0,0,0,0,1,0,0
fer0014692.png,0,9,0,1,0,0,0,0,0,0
fer0014693.png,3,7,0,0,0,0,0,0,0,0
fer0014694.png,0,0,10,0,0,0,0,0,0,0
fer0014695.png,0,10,0,0,0,0,0,0,0,0
fer0014696.png,1,8,0,0,0,0,1,0,0,0
fer0014697.png,0,10,0,0,0,0,0,0,0,0
fer0014698.png,0,0,0,0,10,0,0,0,0,0
fer0014699.png,9,0,0,0,0,0,0,0,1,0
fer0014700.png,6,1,0,0,0,1,0,1,1,0
fer0014701.png,9,0,0,0,0,0,0,0,1,0
fer0014702.png,0,0,0,8,0,0,0,0,2,0
fer0014703.png,5,0,0,3,0,0,0,1,1,0
fer0014704.png,0,10,0,0,0,0,0,0,0,0
fer0014705.png,0,10,0,0,0,0,0,0,0,0
fer0014706.png,7,0,3,0,0,0,0,0,0,0
fer0014707.png,0,10,0,0,0,0,0,0,0,0
fer0014708.png,8,0,0,0,0,0,0,0,2,0
fer0014709.png,0,0,8,0,0,0,1,0,1,0
fer0014710.png,9,0,0,1,0,0,0,0,0,0
fer0014711.png,0,0,1,1,0,1,7,0,0,0
fer0014712.png,0,10,0,0,0,0,0,0,0,0
fer0014713.png,8,0,0,2,0,0,0,0,0,0
fer0014714.png,0,0,9,0,0,0,1,0,0,0
fer0014715.png,0,10,0,0,0,0,0,0,0,0
fer0014716.png,0,10,0,0,0,0,0,0,0,0
fer0014717.png,8,0,0,0,1,0,0,0,1,0
fer0014718.png,10,0,0,0,0,0,0,0,0,0
fer0014719.png,9,0,0,1,0,0,0,0,0,0
fer0014720.png,1,0,0,7,0,0,0,0,2,0
fer0014721.png,6,1,0,2,0,0,0,0,1,0
fer0014722.png,2,0,0,0,8,0,0,0,0,0
fer0014723.png,0,10,0,0,0,0,0,0,0,0
fer0014724.png,0,10,0,0,0,0,0,0,0,0
fer0014725.png,1,8,0,1,0,0,0,0,0,0
fer0014726.png,1,9,0,0,0,0,0,0,0,0
fer0014727.png,0,0,2,1,5,0,0,0,2,0
fer0014728.png,0,1,0,9,0,0,0,0,0,0
fer0014729.png,1,1,8,0,0,0,0,0,0,0
fer0014730.png,0,10,0,0,0,0,0,0,0,0
fer0014731.png,0,0,3,0,0,0,7,0,0,0
fer0014732.png,0,0,1,1,8,0,0,0,0,0
fer0014733.png,2,0,0,0,2,5,0,0,1,0
fer0014734.png,4,0,0,4,0,0,0,0,2,0
fer0014735.png,0,3,2,0,3,0,0,0,2,0
fer0014736.png,5,1,1,0,0,1,0,0,2,0
fer0014737.png,5,0,0,5,0,0,0,0,0,0
fer0014738.png,2,0,1,0,6,1,0,0,0,0
fer0014739.png,8,1,0,1,0,0,0,0,0,0
fer0014740.png,0,6,3,0,0,0,1,0,0,0
fer0014741.png,7,0,0,2,0,0,0,0,1,0
fer0014742.png,7,0,0,0,0,0,1,0,2,0
fer0014743.png,2,0,1,4,0,0,2,1,0,0
fer0014744.png,7,0,2,1,0,0,0,0,0,0
fer0014745.png,1,0,0,4,1,1,0,0,3,0
fer0014746.png,2,0,0,0,4,4,0,0,0,0
fer0014747.png,0,0,7,1,0,0,2,0,0,0
fer0014748.png,4,0,0,2,0,0,1,1,2,0
fer0014749.png,9,0,0,1,0,0,0,0,0,0
fer0014750.png,9,0,0,1,0,0,0,0,0,0
fer0014751.png,0,10,0,0,0,0,0,0,0,0
fer0014752.png,3,0,1,4,2,0,0,0,0,0
fer0014753.png,4,0,0,5,1,0,0,0,0,0
fer0014754.png,2,0,0,1,2,3,0,2,0,0
fer0014755.png,0,9,0,0,0,0,0,0,1,0
fer0014756.png,8,0,1,1,0,0,0,0,0,0
fer0014757.png,1,0,7,0,0,0,2,0,0,0
fer0014758.png,0,10,0,0,0,0,0,0,0,0
fer0014759.png,5,0,0,4,0,1,0,0,0,0
fer0014760.png,2,0,0,0,1,0,1,1,5,0
fer0014761.png,9,0,0,0,0,0,0,1,0,0
fer0014762.png,6,0,0,3,0,0,0,0,1,0
fer0014763.png,4,0,0,6,0,0,0,0,0,0
fer0014764.png,0,1,8,0,1,0,0,0,0,0
fer0014765.png,3,0,1,0,4,0,1,0,1,0
fer0014766.png,2,0,0,1,5,1,0,0,1,0
fer0014767.png,9,0,0,0,0,0,0,0,1,0
fer0014768.png,6,0,0,2,1,1,0,0,0,0
fer0014769.png,8,0,0,0,0,0,0,1,1,0
fer0014770.png,0,0,7,0,0,0,3,0,0,0
fer0014771.png,9,0,0,0,0,0,0,0,1,0
fer0014772.png,3,0,0,5,0,1,0,0,1,0
fer0014773.png,0,0,9,0,0,0,1,0,0,0
fer0014774.png,7,3,0,0,0,0,0,0,0,0
fer0014775.png,2,0,0,7,0,0,0,0,1,0
fer0014776.png,9,0,1,0,0,0,0,0,0,0
fer0014777.png,9,0,0,1,0,0,0,0,0,0
fer0014778.png,0,10,0,0,0,0,0,0,0,0
fer0014779.png,6,0,0,2,0,1,0,0,1,0
fer0014780.png,1,0,0,0,8,0,0,0,1,0
fer0014781.png,0,10,0,0,0,0,0,0,0,0
fer0014782.png,9,0,0,1,0,0,0,0,0,0
fer0014783.png,9,1,0,0,0,0,0,0,0,0
fer0014784.png,1,9,0,0,0,0,0,0,0,0
fer0014785.png,7,1,1,0,0,0,0,1,0,0
fer0014786.png,5,0,0,3,0,2,0,0,0,0
fer0014787.png,0,10,0,0,0,0,0,0,0,0
fer0014788.png,0,0,3,0,0,0,7,0,0,0
fer0014789.png,6,0,2,0,0,0,1,0,1,0
fer0014790.png,7,0,0,2,1,0,0,0,0,0
fer0014791.png,1,9,0,0,0,0,0,0,0,0
fer0014792.png,0,10,0,0,0,0,0,0,0,0
fer0014793.png,0,10,0,0,0,0,0,0,0,0
fer0014794.png,9,0,0,1,0,0,0,0,0,0
fer0014795.png,2,0,0,1,0,2,0,4,1,0
fer0014796.png,5,0,0,4,0,0,0,0,1,0
fer0014797.png,4,6,0,0,0,0,0,0,0,0
fer0014798.png,4,0,0,4,2,0,0,0,0,0
fer0014799.png,0,10,0,0,0,0,0,0,0,0
fer0014800.png,3,0,3,1,0,0,2,0,1,0
fer0014801.png,2,0,1,3,1,1,0,0,2,0
fer0014802.png,0,0,0,8,2,0,0,0,0,0
fer0014803.png,0,0,9,0,0,0,1,0,0,0
fer0014804.png,1,4,0,2,0,0,2,0,1,0
fer0014805.png,0,9,1,0,0,0,0,0,0,0
fer0014806.png,0,9,0,1,0,0,0,0,0,0
fer0014807.png,0,0,1,0,0,1,8,0,0,0
fer0014808.png,0,0,10,0,0,0,0,0,0,0
fer0014809.png,10,0,0,0,0,0,0,0,0,0
fer0014810.png,0,10,0,0,0,0,0,0,0,0
fer0014811.png,1,8,0,0,0,0,0,0,1,0
fer0014812.png,7,0,0,1,0,0,0,1,1,0
fer0014813.png,5,0,0,2,0,0,2,0,1,0
fer0014814.png,8,0,0,2,0,0,0,0,0,0
fer0014815.png,1,0,7,0,2,0,0,0,0,0
fer0014816.png,0,1,1,8,0,0,0,0,0,0
fer0014817.png,1,0,0,1,5,1,0,0,2,0
fer0014818.png,9,0,1,0,0,0,0,0,0,0
fer0014819.png,1,2,1,4,0,0,2,0,0,0
fer0014820.png,1,2,1,0,4,0,1,0,1,0
fer0014821.png,1,0,0,8,0,0,0,0,1,0
fer0014822.png,0,9,0,0,0,0,0,0,1,0
fer0014823.png,1,0,0,1,7,0,0,0,1,0
fer0014824.png,2,0,0,0,6,2,0,0,0,0
fer0014825.png,5,2,0,0,3,0,0,0,0,0
fer0014826.png,10,0,0,0,0,0,0,0,0,0
fer0014827.png,3,0,0,5,0,0,0,0,1,1
fer0014828.png,0,0,0,9,0,1,0,0,0,0
fer0014829.png,6,4,0,0,0,0,0,0,0,0
fer0014830.png,0,10,0,0,0,0,0,0,0,0
fer0014831.png,2,0,2,2,2,0,2,0,0,0
fer0014832.png,3,0,0,0,4,2,0,0,1,0
fer0014833.png,7,2,0,0,0,0,0,1,0,0
fer0014834.png,6,0,0,1,0,0,1,1,1,0
fer0014835.png,9,0,0,0,0,0,0,0,1,0
fer0014836.png,0,10,0,0,0,0,0,0,0,0
fer0014837.png,0,10,0,0,0,0,0,0,0,0
fer0014838.png,5,0,0,5,0,0,0,0,0,0
fer0014839.png,3,0,0,6,0,0,0,0,1,0
fer0014840.png,9,0,0,0,0,0,0,1,0,0
fer0014841.png,0,3,6,0,0,0,1,0,0,0
fer0014842.png,5,0,0,5,0,0,0,0,0,0
fer0014843.png,9,0,0,0,0,0,1,0,0,0
fer0014844.png,9,0,0,0,0,0,0,1,0,0
fer0014845.png,2,0,7,0,0,0,1,0,0,0
fer0014846.png,5,4,0,0,0,1,0,0,0,0
fer0014847.png,0,10,0,0,0,0,0,0,0,0
fer0014848.png,0,9,0,0,0,0,0,0,1,0
fer0014849.png,0,0,5,0,0,0,5,0,0,0
fer0014850.png,0,1,1,0,8,0,0,0,0,0
fer0014851.png,2,7,0,0,0,0,0,1,0,0
fer0014852.png,7,0,1,1,0,1,0,0,0,0
fer0014853.png,0,0,9,0,0,0,0,0,1,0
fer0014854.png,0,10,0,0,0,0,0,0,0,0
fer0014855.png,6,1,1,2,0,0,0,0,0,0
fer0014856.png,7,0,0,3,0,0,0,0,0,0
fer0014857.png,0,0,3,3,2,0,2,0,0,0
fer0014858.png,0,0,3,0,6,0,0,0,1,0
fer0014859.png,10,0,0,0,0,0,0,0,0,0
fer0014860.png,0,0,1,1,1,0,7,0,0,0
fer0014861.png,7,0,0,1,1,1,0,0,0,0
fer0014862.png,0,10,0,0,0,0,0,0,0,0
fer0014863.png,9,0,1,0,0,0,0,0,0,0
fer0014864.png,0,9,0,1,0,0,0,0,0,0
fer0014865.png,2,0,0,6,0,0,0,0,2,0
fer0014866.png,0,10,0,0,0,0,0,0,0,0
fer0014867.png,10,0,0,0,0,0,0,0,0,0
fer0014868.png,0,0,5,0,1,0,3,0,1,0
fer0014869.png,8,0,0,1,0,0,0,0,1,0
fer0014870.png,1,0,9,0,0,0,0,0,0,0
fer0014871.png,2,0,0,4,0,0,1,1,2,0
fer0014872.png,0,7,1,1,0,0,0,0,1,0
fer0014873.png,2,0,5,1,0,0,1,0,1,0
fer0014874.png,10,0,0,0,0,0,0,0,0,0
fer0014875.png,10,0,0,0,0,0,0,0,0,0
fer0014876.png,0,0,0,5,1,3,0,0,1,0
fer0014877.png,0,4,6,0,0,0,0,0,0,0
fer0014878.png,0,10,0,0,0,0,0,0,0,0
fer0014879.png,2,1,0,0,0,1,5,0,1,0
fer0014880.png,0,9,1,0,0,0,0,0,0,0
fer0014881.png,0,10,0,0,0,0,0,0,0,0
fer0014882.png,1,2,7,0,0,0,0,0,0,0
fer0014883.png,0,9,0,0,0,0,0,0,1,0
fer0014884.png,8,0,0,2,0,0,0,0,0,0
fer0014885.png,1,5,4,0,0,0,0,0,0,0
fer0014886.png,0,9,0,0,0,1,0,0,0,0
fer0014887.png,9,0,0,0,0,0,0,1,0,0
fer0014888.png,9,0,0,0,1,0,0,0,0,0
fer0014889.png,0,10,0,0,0,0,0,0,0,0
fer0014890.png,4,0,0,4,0,1,0,0,1,0
fer0014891.png,0,10,0,0,0,0,0,0,0,0
fer0014892.png,0,9,0,1,0,0,0,0,0,0
fer0014893.png,2,8,0,0,0,0,0,0,0,0
fer0014894.png,6,0,0,0,2,0,0,1,1,0
fer0014895.png,4,0,1,0,4,0,0,0,1,0
fer0014896.png,1,0,0,1,6,2,0,0,0,0
fer0014897.png,1,0,9,0,0,0,0,0,0,0
fer0014898.png,8,0,2,0,0,0,0,0,0,0
fer0014899.png,3,0,0,1,0,2,2,0,2,0
fer0014900.png,5,5,0,0,0,0,0,0,0,0
fer0014901.png,1,0,6,0,0,0,2,0,1,0
fer0014902.png,0,10,0,0,0,0,0,0,0,0
fer0014903.png,0,10,0,0,0,0,0,0,0,0
fer0014904.png,4,0,0,0,1,1,0,3,1,0
fer0014905.png,10,0,0,0,0,0,0,0,0,0
fer0014906.png,2,0,8,0,0,0,0,0,0,0
fer0014907.png,2,8,0,0,0,0,0,0,0,0
fer0014908.png,0,10,0,0,0,0,0,0,0,0
fer0014909.png,5,0,0,0,0,0,0,1,4,0
fer0014910.png,9,0,0,0,0,0,0,0,1,0
fer0014911.png,0,10,0,0,0,0,0,0,0,0
fer0014912.png,2,0,0,6,2,0,0,0,0,0
fer0014913.png,1,0,0,0,0,2,0,7,0,0
fer0014914.png,10,0,0,0,0,0,0,0,0,0
fer0014915.png,10,0,0,0,0,0,0,0,0,0
fer0014916.png,7,1,1,0,0,0,0,0,1,0
fer0014917.png,2,0,1,0,6,1,0,0,0,0
fer0014918.png,5,0,0,4,0,0,0,0,1,0
fer0014919.png,0,10,0,0,0,0,0,0,0,0
fer0014920.png,5,0,0,5,0,0,0,0,0,0
fer0014921.png,7,0,0,2,0,0,0,1,0,0
fer0014922.png,0,10,0,0,0,0,0,0,0,0
fer0014923.png,0,10,0,0,0,0,0,0,0,0
fer0014924.png,0,10,0,0,0,0,0,0,0,0
fer0014925.png,8,1,0,1,0,0,0,0,0,0
fer0014926.png,0,10,0,0,0,0,0,0,0,0
fer0014927.png,1,0,8,0,0,0,1,0,0,0
fer0014928.png,0,10,0,0,0,0,0,0,0,0
fer0014929.png,0,10,0,0,0,0,0,0,0,0
fer0014930.png,3,0,0,5,0,0,0,1,1,0
fer0014931.png,0,8,2,0,0,0,0,0,0,0
fer0014932.png,9,0,0,0,0,0,0,0,1,0
fer0014933.png,0,10,0,0,0,0,0,0,0,0
fer0014934.png,0,0,1,0,7,0,1,0,1,0
fer0014935.png,1,0,0,0,9,0,0,0,0,0
fer0014936.png,9,0,0,0,0,0,0,0,1,0
fer0014937.png,10,0,0,0,0,0,0,0,0,0
fer0014938.png,1,0,0,0,0,6,0,3,0,0
fer0014939.png,10,0,0,0,0,0,0,0,0,0
fer0014940.png,10,0,0,0,0,0,0,0,0,0
fer0014941.png,1,3,0,5,1,0,0,0,0,0
fer0014942.png,10,0,0,0,0,0,0,0,0,0
fer0014943.png,1,0,1,1,0,0,7,0,0,0
fer0014944.png,0,0,0,6,2,1,0,0,1,0
fer0014945.png,0,0,4,0,0,1,5,0,0,0
fer0014946.png,6,0,0,4,0,0,0,0,0,0
fer0014947.png,0,10,0,0,0,0,0,0,0,0
fer0014948.png,7,1,0,0,0,0,0,2,0,0
fer0014949.png,0,8,1,0,0,0,0,0,1,0
fer0014950.png,0,10,0,0,0,0,0,0,0,0
fer0014951.png,1,0,1,0,0,0,7,1,0,0
fer0014952.png,1,0,2,0,7,0,0,0,0,0
fer0014953.png,0,10,0,0,0,0,0,0,0,0
fer0014954.png,0,10,0,0,0,0,0,0,0,0
fer0014955.png,3,7,0,0,0,0,0,0,0,0
fer0014956.png,0,10,0,0,0,0,0,0,0,0
fer0014957.png,1,2,6,0,0,0,0,1,0,0
fer0014958.png,0,0,0,9,1,0,0,0,0,0
fer0014959.png,0,0,2,0,8,0,0,0,0,0
fer0014960.png,0,0,0,1,1,0,8,0,0,0
fer0014961.png,7,0,0,2,1,0,0,0,0,0
fer0014962.png,1,0,0,9,0,0,0,0,0,0
fer0014963.png,0,4,6,0,0,0,0,0,0,0
fer0014964.png,1,0,0,0,7,2,0,0,0,0
fer0014965.png,5,0,0,4,0,0,0,1,0,0
fer0014966.png,9,1,0,0,0,0,0,0,0,0
fer0014967.png,1,0,6,0,0,0,3,0,0,0
fer0014968.png,2,0,0,7,0,0,0,0,1,0
fer0014969.png,4,0,0,5,0,0,0,0,1,0
fer0014970.png,0,0,9,0,0,0,1,0,0,0
fer0014971.png,1,0,0,9,0,0,0,0,0,0
fer0014973.png,5,0,0,2,1,0,0,0,2,0
fer0014974.png,3,0,0,2,0,0,0,0,5,0
fer0014975.png,2,7,1,0,0,0,0,0,0,0
fer0014976.png,8,0,0,0,0,0,0,0,2,0
fer0014977.png,0,10,0,0,0,0,0,0,0,0
fer0014978.png,1,0,7,0,0,0,0,0,2,0
fer0014979.png,1,1,2,0,4,0,0,0,2,0
fer0014980.png,10,0,0,0,0,0,0,0,0,0
fer0014981.png,0,8,1,1,0,0,0,0,0,0
fer0014982.png,0,0,2,0,7,0,0,0,1,0
fer0014983.png,8,0,0,1,0,0,0,1,0,0
fer0014984.png,6,0,0,3,0,0,0,0,1,0
fer0014985.png,3,0,0,6,0,0,0,1,0,0
fer0014986.png,0,0,2,4,0,1,2,0,1,0
fer0014987.png,6,0,0,4,0,0,0,0,0,0
fer0014988.png,0,9,1,0,0,0,0,0,0,0
fer0014989.png,0,10,0,0,0,0,0,0,0,0
fer0014990.png,0,9,1,0,0,0,0,0,0,0
fer0014991.png,2,0,0,6,0,0,0,1,1,0
fer0014992.png,0,10,0,0,0,0,0,0,0,0
fer0014993.png,0,2,8,0,0,0,0,0,0,0
fer0014994.png,0,10,0,0,0,0,0,0,0,0
fer0014995.png,1,0,0,6,0,0,0,0,3,0
fer0014996.png,0,3,3,0,0,0,2,0,2,0
fer0014997.png,0,0,2,1,0,0,0,6,1,0
fer0014998.png,1,9,0,0,0,0,0,0,0,0
fer0014999.png,0,0,9,0,0,0,1,0,0,0
fer0015000.png,2,0,2,5,0,0,0,0,1,0
fer0015001.png,2,0,0,2,0,0,0,2,4,0
fer0015002.png,2,0,0,3,1,2,0,2,0,0
fer0015003.png,9,1,0,0,0,0,0,0,0,0
fer0015004.png,7,0,0,3,0,0,0,0,0,0
fer0015005.png,0,10,0,0,0,0,0,0,0,0
fer0015006.png,0,0,7,0,0,0,3,0,0,0
fer0015007.png,0,1,0,0,9,0,0,0,0,0
fer0015008.png,3,0,4,1,0,0,0,0,2,0
fer0015009.png,1,3,0,1,1,3,0,0,1,0
fer0015010.png,0,8,0,0,0,1,0,0,1,0
fer0015011.png,1,0,3,3,0,0,2,0,1,0
fer0015012.png,0,10,0,0,0,0,0,0,0,0
fer0015013.png,0,10,0,0,0,0,0,0,0,0
fer0015014.png,0,0,0,0,9,1,0,0,0,0
fer0015015.png,5,0,0,1,1,0,1,0,2,0
fer0015016.png,1,0,8,0,0,0,0,0,1,0
fer0015017.png,0,10,0,0,0,0,0,0,0,0
fer0015018.png,0,10,0,0,0,0,0,0,0,0
fer0015019.png,0,10,0,0,0,0,0,0,0,0
fer0015020.png,6,0,0,3,0,0,0,0,1,0
fer0015021.png,5,0,0,4,0,0,0,0,1,0
fer0015022.png,0,0,0,10,0,0,0,0,0,0
fer0015023.png,0,0,1,1,6,0,0,0,2,0
fer0015024.png,0,0,9,0,0,0,1,0,0,0
fer0015025.png,6,2,1,0,0,0,0,0,1,0
fer0015026.png,0,10,0,0,0,0,0,0,0,0
fer0015027.png,0,6,1,0,2,0,1,0,0,0
fer0015028.png,0,2,2,0,6,0,0,0,0,0
fer0015029.png,9,0,0,0,1,0,0,0,0,0
fer0015030.png,3,7,0,0,0,0,0,0,0,0
fer0015031.png,0,10,0,0,0,0,0,0,0,0
fer0015032.png,6,0,0,4,0,0,0,0,0,0
fer0015033.png,3,1,1,2,0,0,0,0,3,0
fer0015034.png,0,0,9,0,0,0,1,0,0,0
fer0015035.png,3,7,0,0,0,0,0,0,0,0
fer0015036.png,0,10,0,0,0,0,0,0,0,0
fer0015037.png,4,0,0,3,0,0,0,0,3,0
fer0015038.png,0,0,0,7,0,0,0,0,3,0
fer0015039.png,8,0,0,1,0,0,0,0,1,0
fer0015040.png,6,0,0,2,1,0,0,0,1,0
fer0015041.png,10,0,0,0,0,0,0,0,0,0
fer0015042.png,7,0,0,0,3,0,0,0,0,0
fer0015043.png,0,0,10,0,0,0,0,0,0,0
fer0015044.png,10,0,0,0,0,0,0,0,0,0
fer0015045.png,1,9,0,0,0,0,0,0,0,0
fer0015046.png,9,0,0,1,0,0,0,0,0,0
fer0015047.png,5,0,0,3,0,0,0,1,1,0
fer0015048.png,8,0,0,2,0,0,0,0,0,0
fer0015049.png,4,0,1,3,1,1,0,0,0,0
fer0015050.png,1,0,0,6,0,0,0,2,1,0
fer0015051.png,7,0,0,2,0,0,0,0,1,0
fer0015052.png,0,9,0,0,0,0,0,0,1,0
fer0015053.png,1,0,0,8,1,0,0,0,0,0
fer0015054.png,0,10,0,0,0,0,0,0,0,0
fer0015055.png,8,0,0,1,0,1,0,0,0,0
fer0015056.png,0,0,0,9,0,0,0,0,1,0
fer0015057.png,10,0,0,0,0,0,0,0,0,0
fer0015058.png,0,10,0,0,0,0,0,0,0,0
fer0015059.png,0,10,0,0,0,0,0,0,0,0
fer0015060.png,2,2,4,1,0,0,0,0,1,0
fer0015061.png,10,0,0,0,0,0,0,0,0,0
fer0015062.png,5,0,0,3,0,0,0,1,1,0
fer0015063.png,1,9,0,0,0,0,0,0,0,0
fer0015064.png,8,0,0,1,0,0,0,1,0,0
fer0015065.png,10,0,0,0,0,0,0,0,0,0
fer0015066.png,0,10,0,0,0,0,0,0,0,0
fer0015067.png,2,1,0,6,0,0,1,0,0,0
fer0015068.png,0,9,1,0,0,0,0,0,0,0
fer0015069.png,1,0,0,1,2,5,0,0,1,0
fer0015070.png,4,0,0,1,1,1,1,1,1,0
fer0015071.png,0,0,5,0,4,0,0,0,1,0
fer0015072.png,9,0,0,0,0,0,0,1,0,0
fer0015073.png,1,0,4,2,0,0,3,0,0,0
fer0015074.png,2,1,4,0,1,0,1,0,1,0
fer0015075.png,1,0,9,0,0,0,0,0,0,0
fer0015076.png,0,10,0,0,0,0,0,0,0,0
fer0015077.png,0,9,1,0,0,0,0,0,0,0
fer0015078.png,1,0,9,0,0,0,0,0,0,0
fer0015079.png,10,0,0,0,0,0,0,0,0,0
fer0015080.png,9,0,0,0,0,0,0,0,1,0
fer0015081.png,0,0,5,0,2,0,2,0,1,0
fer0015082.png,1,0,8,0,0,0,1,0,0,0
fer0015083.png,1,0,8,0,0,0,0,0,1,0
fer0015084.png,0,0,7,0,1,2,0,0,0,0
fer0015085.png,0,10,0,0,0,0,0,0,0,0
fer0015086.png,2,8,0,0,0,0,0,0,0,0
fer0015087.png,0,0,10,0,0,0,0,0,0,0
fer0015088.png,3,0,0,7,0,0,0,0,0,0
fer0015089.png,0,0,10,0,0,0,0,0,0,0
fer0015090.png,4,0,0,3,0,2,1,0,0,0
fer0015091.png,7,0,0,1,0,0,0,0,2,0
fer0015092.png,2,0,2,1,4,1,0,0,0,0
fer0015093.png,2,0,3,1,0,0,2,0,2,0
fer0015094.png,0,9,1,0,0,0,0,0,0,0
fer0015095.png,1,1,3,3,1,1,0,0,0,0
fer0015096.png,1,6,0,0,0,0,0,3,0,0
fer0015097.png,0,0,4,0,6,0,0,0,0,0
fer0015098.png,2,6,0,0,1,0,0,0,1,0
fer0015099.png,8,0,0,0,1,0,0,0,1,0
fer0015100.png,9,0,0,0,0,0,0,1,0,0
fer0015101.png,4,0,2,2,0,0,0,0,2,0
fer0015102.png,0,1,7,0,0,0,2,0,0,0
fer0015103.png,8,0,0,1,1,0,0,0,0,0
fer0015104.png,8,0,0,1,0,0,0,0,1,0
fer0015105.png,0,9,0,0,1,0,0,0,0,0
fer0015106.png,0,10,0,0,0,0,0,0,0,0
fer0015107.png,0,0,10,0,0,0,0,0,0,0
fer0015108.png,7,0,0,1,0,0,0,2,0,0
fer0015109.png,0,9,0,0,0,0,0,0,1,0
fer0015110.png,3,0,0,6,0,0,0,0,1,0
fer0015111.png,8,2,0,0,0,0,0,0,0,0
fer0015112.png,0,9,0,1,0,0,0,0,0,0
fer0015113.png,0,9,0,0,0,0,0,0,1,0
fer0015114.png,8,0,1,0,0,0,1,0,0,0
fer0015115.png,3,0,0,2,3,2,0,0,0,0
fer0015116.png,7,0,0,3,0,0,0,0,0,0
fer0015117.png,0,10,0,0,0,0,0,0,0,0
fer0015118.png,1,0,0,0,6,1,0,0,2,0
fer0015119.png,0,9,1,0,0,0,0,0,0,0
fer0015120.png,0,10,0,0,0,0,0,0,0,0
fer0015121.png,2,8,0,0,0,0,0,0,0,0
fer0015122.png,5,0,0,4,0,0,0,0,1,0
fer0015123.png,0,10,0,0,0,0,0,0,0,0
fer0015124.png,3,0,6,1,0,0,0,0,0,0
fer0015125.png,0,0,0,7,0,0,0,0,3,0
fer0015126.png,10,0,0,0,0,0,0,0,0,0
fer0015127.png,6,0,0,3,0,0,0,0,1,0
fer0015128.png,6,0,0,3,0,0,0,0,1,0
fer0015129.png,9,0,0,1,0,0,0,0,0,0
fer0015130.png,5,0,0,2,2,0,0,0,1,0
fer0015131.png,3,0,1,0,3,0,2,0,1,0
fer0015132.png,5,1,0,1,0,0,3,0,0,0
fer0015133.png,0,0,9,0,0,0,0,0,1,0
fer0015134.png,2,0,3,1,0,0,4,0,0,0
fer0015135.png,6,0,0,3,0,0,0,0,1,0
fer0015136.png,6,0,1,3,0,0,0,0,0,0
fer0015137.png,0,1,7,0,0,0,2,0,0,0
fer0015138.png,7,0,0,3,0,0,0,0,0,0
fer0015139.png,0,10,0,0,0,0,0,0,0,0
fer0015140.png,0,6,3,0,0,0,0,0,1,0
fer0015141.png,6,0,0,0,4,0,0,0,0,0
fer0015142.png,7,0,0,3,0,0,0,0,0,0
fer0015143.png,0,9,0,0,0,1,0,0,0,0
fer0015144.png,8,0,0,0,0,0,0,0,2,0
fer0015145.png,4,0,0,5,0,0,0,0,1,0
fer0015146.png,3,0,0,4,1,1,1,0,0,0
fer0015147.png,7,1,0,2,0,0,0,0,0,0
fer0015148.png,6,1,0,0,0,0,0,2,1,0
fer0015149.png,2,0,0,7,0,0,0,0,1,0
fer0015150.png,9,0,0,1,0,0,0,0,0,0
fer0015151.png,8,2,0,0,0,0,0,0,0,0
fer0015152.png,1,0,0,0,8,0,0,0,1,0
fer0015153.png,0,0,10,0,0,0,0,0,0,0
fer0015154.png,8,0,0,2,0,0,0,0,0,0
fer0015155.png,0,0,10,0,0,0,0,0,0,0
fer0015156.png,1,1,5,0,0,0,1,0,2,0
fer0015157.png,0,0,8,0,0,0,2,0,0,0
fer0015158.png,2,0,8,0,0,0,0,0,0,0
fer0015159.png,8,0,0,1,1,0,0,0,0,0
fer0015160.png,0,10,0,0,0,0,0,0,0,0
fer0015161.png,2,0,0,8,0,0,0,0,0,0
fer0015162.png,7,0,1,0,0,0,0,0,2,0
fer0015163.png,0,9,1,0,0,0,0,0,0,0
fer0015164.png,2,0,7,0,0,0,0,0,1,0
fer0015165.png,3,5,0,1,0,0,0,0,1,0
fer0015166.png,2,1,0,5,0,0,0,0,2,0
fer0015167.png,10,0,0,0,0,0,0,0,0,0
fer0015168.png,10,0,0,0,0,0,0,0,0,0
fer0015169.png,0,0,6,0,0,0,2,0,2,0
fer0015170.png,0,10,0,0,0,0,0,0,0,0
fer0015171.png,8,1,0,0,0,0,0,1,0,0
fer0015172.png,4,3,2,0,0,0,0,0,1,0
fer0015173.png,0,10,0,0,0,0,0,0,0,0
fer0015174.png,3,6,0,0,0,0,0,0,1,0
fer0015175.png,8,0,2,0,0,0,0,0,0,0
fer0015176.png,0,0,6,0,0,0,4,0,0,0
fer0015177.png,7,0,0,2,0,0,0,1,0,0
fer0015178.png,10,0,0,0,0,0,0,0,0,0
fer0015179.png,0,10,0,0,0,0,0,0,0,0
fer0015180.png,2,0,4,0,2,1,0,0,1,0
fer0015181.png,1,1,2,0,6,0,0,0,0,0
fer0015182.png,1,1,1,0,4,0,0,0,3,0
fer0015183.png,5,0,0,2,0,0,1,0,2,0
fer0015184.png,0,0,8,0,0,0,1,0,0,1
fer0015185.png,2,0,5,1,0,0,2,0,0,0
fer0015186.png,0,0,0,8,0,0,0,0,2,0
fer0015187.png,0,10,0,0,0,0,0,0,0,0
fer0015188.png,1,4,1,0,3,0,0,0,1,0
fer0015189.png,0,10,0,0,0,0,0,0,0,0
fer0015190.png,0,10,0,0,0,0,0,0,0,0
fer0015191.png,0,10,0,0,0,0,0,0,0,0
fer0015192.png,0,10,0,0,0,0,0,0,0,0
fer0015193.png,0,0,0,9,0,1,0,0,0,0
fer0015194.png,4,0,0,6,0,0,0,0,0,0
fer0015195.png,0,0,6,0,2,0,0,0,2,0
fer0015196.png,0,0,10,0,0,0,0,0,0,0
fer0015197.png,0,10,0,0,0,0,0,0,0,0
fer0015198.png,0,10,0,0,0,0,0,0,0,0
fer0015199.png,0,0,10,0,0,0,0,0,0,0
fer0015200.png,6,0,0,0,0,0,0,1,3,0
fer0015201.png,10,0,0,0,0,0,0,0,0,0
fer0015202.png,1,0,6,0,0,0,3,0,0,0
fer0015203.png,2,2,5,0,0,0,1,0,0,0
fer0015204.png,6,0,0,2,1,0,0,0,1,0
fer0015205.png,2,8,0,0,0,0,0,0,0,0
fer0015206.png,10,0,0,0,0,0,0,0,0,0
fer0015207.png,2,0,0,7,0,0,0,0,1,0
fer0015208.png,0,3,0,0,6,0,0,0,1,0
fer0015209.png,0,2,4,0,1,0,2,0,1,0
fer0015210.png,2,0,8,0,0,0,0,0,0,0
fer0015211.png,1,0,0,0,0,0,9,0,0,0
fer0015212.png,5,0,0,3,0,0,0,1,1,0
fer0015213.png,8,0,0,0,1,0,0,0,1,0
fer0015214.png,0,10,0,0,0,0,0,0,0,0
fer0015215.png,6,4,0,0,0,0,0,0,0,0
fer0015216.png,0,10,0,0,0,0,0,0,0,0
fer0015217.png,2,0,8,0,0,0,0,0,0,0
fer0015218.png,0,0,5,1,0,0,3,0,1,0
fer0015219.png,6,0,0,0,0,0,0,4,0,0
fer0015220.png,2,4,1,0,0,0,0,0,3,0
fer0015221.png,5,0,5,0,0,0,0,0,0,0
fer0015222.png,0,10,0,0,0,0,0,0,0,0
fer0015223.png,0,0,10,0,0,0,0,0,0,0
fer0015224.png,0,10,0,0,0,0,0,0,0,0
fer0015225.png,0,0,9,0,0,0,1,0,0,0
fer0015226.png,1,0,0,1,2,0,5,0,1,0
fer0015227.png,7,2,0,1,0,0,0,0,0,0
fer0015228.png,0,10,0,0,0,0,0,0,0,0
fer0015229.png,1,9,0,0,0,0,0,0,0,0
fer0015230.png,10,0,0,0,0,0,0,0,0,0
fer0015231.png,0,0,1,1,6,0,2,0,0,0
fer0015232.png,0,0,0,9,0,0,0,0,1,0
fer0015233.png,4,0,0,4,0,0,0,0,2,0
fer0015234.png,2,0,6,0,1,0,0,0,1,0
fer0015235.png,10,0,0,0,0,0,0,0,0,0
fer0015236.png,2,0,0,0,5,2,0,1,0,0
fer0015237.png,1,0,0,9,0,0,0,0,0,0
fer0015238.png,7,1,2,0,0,0,0,0,0,0
fer0015239.png,0,2,2,1,4,0,0,0,1,0
fer0015240.png,9,0,0,1,0,0,0,0,0,0
fer0015241.png,5,0,0,4,0,0,0,0,1,0
fer0015242.png,0,10,0,0,0,0,0,0,0,0
fer0015243.png,8,0,0,1,0,0,0,1,0,0
fer0015244.png,5,3,0,1,0,0,0,1,0,0
fer0015245.png,0,0,0,0,2,0,0,7,1,0
fer0015246.png,8,0,0,1,0,0,0,0,1,0
fer0015247.png,8,0,0,1,0,0,0,1,0,0
fer0015248.png,1,0,0,0,0,1,1,4,3,0
fer0015249.png,0,10,0,0,0,0,0,0,0,0
fer0015250.png,0,10,0,0,0,0,0,0,0,0
fer0015251.png,7,0,0,2,0,0,0,0,1,0
fer0015252.png,0,0,0,10,0,0,0,0,0,0
fer0015253.png,6,0,1,2,0,0,0,0,1,0
fer0015254.png,0,0,9,1,0,0,0,0,0,0
fer0015255.png,8,0,0,1,0,0,0,0,1,0
fer0015256.png,1,9,0,0,0,0,0,0,0,0
fer0015257.png,6,3,0,1,0,0,0,0,0,0
fer0015258.png,0,10,0,0,0,0,0,0,0,0
fer0015259.png,1,1,8,0,0,0,0,0,0,0
fer0015260.png,0,0,9,0,0,0,1,0,0,0
fer0015261.png,1,0,9,0,0,0,0,0,0,0
fer0015262.png,0,10,0,0,0,0,0,0,0,0
fer0015263.png,9,0,0,0,0,0,0,0,1,0
fer0015264.png,8,0,1,0,0,0,0,0,1,0
fer0015265.png,0,1,0,9,0,0,0,0,0,0
fer0015266.png,4,0,0,2,0,0,0,0,4,0
fer0015267.png,0,0,10,0,0,0,0,0,0,0
fer0015268.png,4,6,0,0,0,0,0,0,0,0
fer0015269.png,7,0,0,1,0,0,1,0,1,0
fer0015270.png,9,0,0,0,0,0,0,0,1,0
fer0015271.png,0,7,3,0,0,0,0,0,0,0
fer0015272.png,1,0,6,1,0,0,1,0,1,0
fer0015273.png,6,0,3,0,0,0,0,0,1,0
fer0015274.png,8,1,0,1,0,0,0,0,0,0
fer0015275.png,2,1,5,0,0,0,0,0,2,0
fer0015276.png,1,0,1,0,8,0,0,0,0,0
fer0015277.png,0,10,0,0,0,0,0,0,0,0
fer0015278.png,0,0,0,10,0,0,0,0,0,0
fer0015279.png,5,0,0,3,0,0,0,0,2,0
fer0015280.png,10,0,0,0,0,0,0,0,0,0
fer0015281.png,0,9,0,0,0,0,0,0,1,0
fer0015282.png,8,0,0,0,0,0,0,0,2,0
fer0015283.png,4,0,0,1,3,0,0,1,1,0
fer0015284.png,2,0,0,5,1,0,0,0,2,0
fer0015285.png,3,0,0,0,5,0,0,0,2,0
fer0015286.png,0,10,0,0,0,0,0,0,0,0
fer0015287.png,0,9,0,0,0,0,0,1,0,0
fer0015288.png,0,5,4,0,0,0,0,0,1,0
fer0015289.png,0,10,0,0,0,0,0,0,0,0
fer0015290.png,10,0,0,0,0,0,0,0,0,0
fer0015291.png,8,0,0,1,0,0,1,0,0,0
fer0015292.png,10,0,0,0,0,0,0,0,0,0
fer0015293.png,0,10,0,0,0,0,0,0,0,0
fer0015294.png,2,0,7,0,0,1,0,0,0,0
fer0015295.png,3,3,0,2,0,0,0,1,1,0
fer0015296.png,0,9,0,0,0,0,0,1,0,0
fer0015297.png,0,10,0,0,0,0,0,0,0,0
fer0015298.png,5,0,0,3,0,0,0,0,2,0
fer0015299.png,10,0,0,0,0,0,0,0,0,0
fer0015300.png,1,0,0,8,0,0,0,1,0,0
fer0015301.png,10,0,0,0,0,0,0,0,0,0
fer0015302.png,6,0,0,2,0,0,0,0,2,0
fer0015303.png,1,0,1,0,8,0,0,0,0,0
fer0015304.png,9,0,0,1,0,0,0,0,0,0
fer0015305.png,7,0,0,1,0,0,0,0,2,0
fer0015306.png,0,10,0,0,0,0,0,0,0,0
fer0015307.png,7,2,0,0,0,1,0,0,0,0
fer0015308.png,4,0,0,0,0,0,0,5,1,0
fer0015309.png,8,0,0,0,0,0,0,0,2,0
fer0015310.png,5,0,0,2,0,0,0,2,1,0
fer0015311.png,0,0,1,1,0,0,7,0,1,0
fer0015312.png,0,0,10,0,0,0,0,0,0,0
fer0015313.png,3,0,0,5,0,0,1,0,1,0
fer0015314.png,0,9,1,0,0,0,0,0,0,0
fer0015315.png,0,9,0,0,0,0,0,1,0,0
fer0015316.png,10,0,0,0,0,0,0,0,0,0
fer0015317.png,3,1,0,1,5,0,0,0,0,0
fer0015318.png,10,0,0,0,0,0,0,0,0,0
fer0015319.png,1,0,0,0,4,3,0,1,1,0
fer0015320.png,3,3,1,1,0,0,0,0,2,0
fer0015321.png,0,0,0,9,0,0,1,0,0,0
fer0015322.png,0,10,0,0,0,0,0,0,0,0
fer0015323.png,4,0,0,5,0,0,0,0,1,0
fer0015324.png,7,1,0,0,0,0,0,1,1,0
fer0015325.png,2,0,7,0,0,0,0,0,1,0
fer0015326.png,0,0,0,5,5,0,0,0,0,0
fer0015327.png,5,2,1,0,0,0,0,0,2,0
fer0015328.png,0,10,0,0,0,0,0,0,0,0
fer0015329.png,0,0,0,9,1,0,0,0,0,0
fer0015330.png,1,0,2,0,6,0,0,1,0,0
fer0015331.png,5,0,0,4,0,0,0,0,1,0
fer0015332.png,7,0,1,0,0,1,0,1,0,0
fer0015333.png,0,0,10,0,0,0,0,0,0,0
fer0015334.png,9,0,0,1,0,0,0,0,0,0
fer0015335.png,0,0,0,4,0,1,0,0,5,0
fer0015336.png,0,0,8,0,0,0,1,0,1,0
fer0015337.png,0,9,0,0,0,0,0,0,1,0
fer0015338.png,8,0,0,0,0,0,0,0,2,0
fer0015339.png,0,0,2,0,7,0,1,0,0,0
fer0015340.png,0,10,0,0,0,0,0,0,0,0
fer0015341.png,2,1,7,0,0,0,0,0,0,0
fer0015342.png,0,9,1,0,0,0,0,0,0,0
fer0015343.png,7,0,0,1,1,0,0,1,0,0
fer0015344.png,6,1,0,0,0,0,0,1,2,0
fer0015345.png,9,0,0,1,0,0,0,0,0,0
fer0015346.png,9,0,0,0,0,0,0,1,0,0
fer0015347.png,0,8,0,0,0,0,0,0,0,2
fer0015348.png,0,0,0,0,9,0,0,0,1,0
fer0015349.png,1,9,0,0,0,0,0,0,0,0
fer0015350.png,0,9,0,0,0,0,0,0,1,0
fer0015351.png,1,1,4,0,0,0,4,0,0,0
fer0015352.png,0,10,0,0,0,0,0,0,0,0
fer0015353.png,1,0,3,0,1,0,3,0,2,0
fer0015354.png,9,0,0,1,0,0,0,0,0,0
fer0015355.png,0,10,0,0,0,0,0,0,0,0
fer0015356.png,0,10,0,0,0,0,0,0,0,0
fer0015357.png,4,0,0,0,2,0,0,1,3,0
fer0015358.png,0,10,0,0,0,0,0,0,0,0
fer0015359.png,10,0,0,0,0,0,0,0,0,0
fer0015360.png,0,9,1,0,0,0,0,0,0,0
fer0015361.png,0,10,0,0,0,0,0,0,0,0
fer0015362.png,0,4,1,1,4,0,0,0,0,0
fer0015363.png,1,0,0,2,1,0,0,0,6,0
fer0015364.png,1,5,2,0,0,0,0,1,1,0
fer0015365.png,4,0,0,4,1,0,0,0,1,0
fer0015366.png,3,0,0,5,0,0,0,0,2,0
fer0015367.png,0,10,0,0,0,0,0,0,0,0
fer0015368.png,5,0,0,4,0,0,0,0,1,0
fer0015369.png,6,0,0,1,0,0,0,0,3,0
fer0015370.png,0,10,0,0,0,0,0,0,0,0
fer0015371.png,0,0,0,0,10,0,0,0,0,0
fer0015372.png,7,0,0,1,0,0,0,1,1,0
fer0015373.png,2,0,2,2,0,0,1,0,3,0
fer0015374.png,0,2,8,0,0,0,0,0,0,0
fer0015375.png,0,10,0,0,0,0,0,0,0,0
fer0015376.png,1,0,0,0,9,0,0,0,0,0
fer0015377.png,0,9,0,0,0,0,0,0,1,0
fer0015378.png,7,0,0,1,0,0,0,0,2,0
fer0015379.png,5,0,2,1,0,0,0,0,2,0
fer0015380.png,0,10,0,0,0,0,0,0,0,0
fer0015381.png,0,10,0,0,0,0,0,0,0,0
fer0015382.png,6,1,1,0,0,0,0,2,0,0
fer0015383.png,8,0,0,0,0,1,0,0,1,0
fer0015384.png,0,9,1,0,0,0,0,0,0,0
fer0015385.png,1,4,4,0,0,0,1,0,0,0
fer0015386.png,3,0,0,7,0,0,0,0,0,0
fer0015387.png,4,0,0,5,0,0,0,0,1,0
fer0015388.png,0,0,1,0,0,8,0,0,1,0
fer0015389.png,8,0,1,0,0,0,1,0,0,0
fer0015390.png,1,9,0,0,0,0,0,0,0,0
fer0015391.png,2,0,0,0,5,0,0,0,3,0
fer0015392.png,0,9,0,0,0,1,0,0,0,0
fer0015393.png,8,1,0,1,0,0,0,0,0,0
fer0015394.png,1,0,0,9,0,0,0,0,0,0
fer0015395.png,5,0,0,4,0,0,0,0,1,0
fer0015396.png,0,10,0,0,0,0,0,0,0,0
fer0015397.png,1,0,0,8,0,0,0,0,1,0
fer0015398.png,3,2,1,0,2,0,0,0,2,0
fer0015399.png,8,0,0,1,0,0,0,1,0,0
fer0015400.png,0,10,0,0,0,0,0,0,0,0
fer0015401.png,0,10,0,0,0,0,0,0,0,0
fer0015402.png,2,0,0,1,3,2,0,2,0,0
fer0015403.png,9,0,0,1,0,0,0,0,0,0
fer0015404.png,9,0,0,1,0,0,0,0,0,0
fer0015405.png,4,0,0,0,0,0,0,6,0,0
fer0015406.png,0,9,0,0,0,0,1,0,0,0
fer0015407.png,0,0,10,0,0,0,0,0,0,0
fer0015408.png,0,9,0,0,0,0,0,1,0,0
fer0015409.png,1,9,0,0,0,0,0,0,0,0
fer0015410.png,5,0,0,2,0,0,0,2,1,0
fer0015411.png,2,0,1,6,0,0,0,0,1,0
fer0015412.png,0,0,10,0,0,0,0,0,0,0
fer0015413.png,6,4,0,0,0,0,0,0,0,0
fer0015414.png,5,0,3,0,0,0,0,0,2,0
fer0015415.png,3,0,0,5,0,1,0,0,1,0
fer0015416.png,6,0,0,3,0,0,0,0,1,0
fer0015417.png,8,0,0,1,0,0,1,0,0,0
fer0015418.png,0,10,0,0,0,0,0,0,0,0
fer0015419.png,1,0,9,0,0,0,0,0,0,0
fer0015420.png,6,0,0,2,0,1,0,1,0,0
fer0015421.png,3,6,0,0,0,0,0,1,0,0
fer0015422.png,8,0,0,1,1,0,0,0,0,0
fer0015423.png,5,1,0,1,3,0,0,0,0,0
fer0015424.png,0,10,0,0,0,0,0,0,0,0
fer0015425.png,0,0,7,0,1,2,0,0,0,0
fer0015426.png,4,0,0,5,0,0,0,0,1,0
fer0015427.png,2,2,6,0,0,0,0,0,0,0
fer0015428.png,7,1,0,0,0,0,0,1,1,0
fer0015429.png,1,0,0,5,3,0,0,1,0,0
fer0015430.png,0,6,4,0,0,0,0,0,0,0
fer0015431.png,2,0,0,0,1,0,2,2,3,0
fer0015432.png,4,2,0,1,1,0,0,2,0,0
fer0015433.png,0,10,0,0,0,0,0,0,0,0
fer0015434.png,0,3,6,0,1,0,0,0,0,0
fer0015435.png,0,9,0,0,0,0,0,1,0,0
fer0015436.png,0,2,3,0,2,1,2,0,0,0
fer0015437.png,3,2,0,2,1,1,0,0,1,0
fer0015438.png,5,0,0,3,1,1,0,0,0,0
fer0015439.png,6,0,0,4,0,0,0,0,0,0
fer0015440.png,6,0,0,0,4,0,0,0,0,0
fer0015441.png,0,0,3,0,0,0,6,0,0,1
fer0015442.png,1,0,0,8,0,0,0,0,1,0
fer0015443.png,9,0,0,0,0,0,0,0,1,0
fer0015444.png,0,0,8,0,0,0,2,0,0,0
fer0015445.png,3,0,4,2,0,0,1,0,0,0
fer0015446.png,5,1,0,2,0,0,1,0,1,0
fer0015447.png,0,3,0,3,1,0,0,0,3,0
fer0015448.png,1,0,0,0,8,0,1,0,0,0
fer0015449.png,2,0,4,1,3,0,0,0,0,0
fer0015450.png,8,0,0,1,0,0,0,0,1,0
fer0015451.png,4,0,3,0,0,0,0,1,2,0
fer0015452.png,0,10,0,0,0,0,0,0,0,0
fer0015453.png,0,10,0,0,0,0,0,0,0,0
fer0015454.png,7,0,1,0,0,0,0,0,2,0
fer0015455.png,2,8,0,0,0,0,0,0,0,0
fer0015456.png,0,10,0,0,0,0,0,0,0,0
fer0015457.png,1,0,0,9,0,0,0,0,0,0
fer0015458.png,5,0,0,4,1,0,0,0,0,0
fer0015459.png,3,0,3,0,1,0,2,0,1,0
fer0015460.png,7,0,0,0,1,0,0,0,2,0
fer0015461.png,0,7,2,0,1,0,0,0,0,0
fer0015462.png,1,8,0,0,0,0,0,0,1,0
fer0015463.png,0,0,0,1,9,0,0,0,0,0
fer0015464.png,0,10,0,0,0,0,0,0,0,0
fer0015465.png,0,10,0,0,0,0,0,0,0,0
fer0015466.png,1,7,0,0,0,0,0,0,2,0
fer0015467.png,1,0,0,3,3,3,0,0,0,0
fer0015468.png,1,9,0,0,0,0,0,0,0,0
fer0015469.png,10,0,0,0,0,0,0,0,0,0
fer0015470.png,4,6,0,0,0,0,0,0,0,0
fer0015471.png,7,0,0,0,2,0,0,1,0,0
fer0015472.png,9,0,0,0,1,0,0,0,0,0
fer0015473.png,0,10,0,0,0,0,0,0,0,0
fer0015474.png,0,9,0,0,0,0,0,0,1,0
fer0015475.png,0,0,8,0,2,0,0,0,0,0
fer0015476.png,0,8,2,0,0,0,0,0,0,0
fer0015477.png,0,10,0,0,0,0,0,0,0,0
fer0015478.png,3,6,0,0,0,0,0,0,1,0
fer0015479.png,1,8,0,0,0,0,0,0,1,0
fer0015480.png,0,0,0,10,0,0,0,0,0,0
fer0015481.png,0,8,2,0,0,0,0,0,0,0
fer0015482.png,1,0,9,0,0,0,0,0,0,0
fer0015483.png,1,9,0,0,0,0,0,0,0,0
fer0015484.png,0,1,1,2,0,2,0,0,4,0
fer0015485.png,4,1,1,0,0,0,1,0,3,0
fer0015486.png,7,0,0,0,0,0,1,0,2,0
fer0015487.png,7,0,0,2,0,0,0,0,1,0
fer0015488.png,8,0,0,1,0,0,1,0,0,0
fer0015489.png,4,0,0,5,0,0,0,0,1,0
fer0015490.png,0,0,10,0,0,0,0,0,0,0
fer0015491.png,5,0,4,0,0,0,1,0,0,0
fer0015492.png,6,0,0,2,0,0,0,0,2,0
fer0015493.png,2,0,0,8,0,0,0,0,0,0
fer0015494.png,9,0,0,1,0,0,0,0,0,0
fer0015495.png,5,0,3,1,1,0,0,0,0,0
fer0015496.png,0,5,4,0,1,0,0,0,0,0
fer0015497.png,7,0,0,1,0,1,0,1,0,0
fer0015498.png,0,10,0,0,0,0,0,0,0,0
fer0015499.png,0,6,0,0,0,0,0,2,2,0
fer0015500.png,9,0,0,0,0,0,0,0,1,0
fer0015501.png,0,6,0,0,0,0,2,1,1,0
fer0015502.png,1,0,3,4,0,0,0,0,2,0
fer0015503.png,0,0,5,1,0,1,2,0,1,0
fer0015504.png,1,9,0,0,0,0,0,0,0,0
fer0015505.png,9,0,0,1,0,0,0,0,0,0
fer0015506.png,0,10,0,0,0,0,0,0,0,0
fer0015507.png,5,3,1,1,0,0,0,0,0,0
fer0015508.png,0,6,2,0,0,1,1,0,0,0
fer0015509.png,0,0,0,9,1,0,0,0,0,0
fer0015510.png,0,0,2,0,8,0,0,0,0,0
fer0015512.png,4,0,0,6,0,0,0,0,0,0
fer0015513.png,1,9,0,0,0,0,0,0,0,0
fer0015514.png,7,0,0,1,0,0,0,1,1,0
fer0015515.png,5,0,0,4,1,0,0,0,0,0
fer0015516.png,0,10,0,0,0,0,0,0,0,0
fer0015517.png,0,0,5,0,3,0,2,0,0,0
fer0015518.png,9,0,1,0,0,0,0,0,0,0
fer0015519.png,0,10,0,0,0,0,0,0,0,0
fer0015520.png,1,0,0,0,7,0,0,0,2,0
fer0015521.png,0,10,0,0,0,0,0,0,0,0
fer0015522.png,0,0,10,0,0,0,0,0,0,0
fer0015523.png,4,0,0,4,0,0,1,0,1,0
fer0015524.png,0,10,0,0,0,0,0,0,0,0
fer0015525.png,0,10,0,0,0,0,0,0,0,0
fer0015526.png,10,0,0,0,0,0,0,0,0,0
fer0015527.png,5,0,0,0,4,0,0,0,1,0
fer0015528.png,1,0,0,6,0,0,0,3,0,0
fer0015529.png,9,0,0,0,0,0,0,0,1,0
fer0015530.png,7,0,0,3,0,0,0,0,0,0
fer0015531.png,0,0,4,2,0,0,4,0,0,0
fer0015532.png,0,0,0,0,10,0,0,0,0,0
fer0015533.png,0,0,3,0,5,1,1,0,0,0
fer0015534.png,6,1,0,3,0,0,0,0,0,0
fer0015535.png,7,0,0,3,0,0,0,0,0,0
fer0015536.png,1,0,0,9,0,0,0,0,0,0
fer0015537.png,0,10,0,0,0,0,0,0,0,0
fer0015538.png,7,0,0,1,0,0,0,1,1,0
fer0015539.png,1,6,2,0,0,0,0,0,1,0
fer0015540.png,0,10,0,0,0,0,0,0,0,0
fer0015541.png,0,10,0,0,0,0,0,0,0,0
fer0015542.png,5,0,0,4,0,1,0,0,0,0
fer0015543.png,0,9,1,0,0,0,0,0,0,0
fer0015544.png,4,0,0,4,0,0,0,1,1,0
fer0015545.png,4,0,0,5,0,0,0,0,1,0
fer0015546.png,7,0,0,2,1,0,0,0,0,0
fer0015547.png,0,10,0,0,0,0,0,0,0,0
fer0015548.png,0,9,0,0,0,0,1,0,0,0
fer0015549.png,9,0,0,1,0,0,0,0,0,0
fer0015550.png,0,4,0,6,0,0,0,0,0,0
fer0015551.png,3,0,0,1,4,0,0,0,2,0
fer0015552.png,0,7,1,0,0,0,0,0,2,0
fer0015553.png,10,0,0,0,0,0,0,0,0,0
fer0015554.png,7,2,0,0,0,0,0,0,1,0
fer0015555.png,2,0,0,5,0,0,0,0,3,0
fer0015556.png,8,1,0,0,0,0,0,0,1,0
fer0015557.png,0,8,2,0,0,0,0,0,0,0
fer0015558.png,0,9,0,0,0,0,0,0,1,0
fer0015559.png,0,0,0,9,0,0,0,0,1,0
fer0015560.png,0,0,9,0,1,0,0,0,0,0
fer0015561.png,3,0,0,4,0,1,0,0,2,0
fer0015562.png,0,9,1,0,0,0,0,0,0,0
fer0015563.png,9,0,0,1,0,0,0,0,0,0
fer0015564.png,8,0,1,1,0,0,0,0,0,0
fer0015565.png,0,0,9,0,0,0,1,0,0,0
fer0015566.png,9,0,0,1,0,0,0,0,0,0
fer0015567.png,6,0,1,2,0,0,0,0,1,0
fer0015568.png,0,0,8,0,2,0,0,0,0,0
fer0015569.png,0,0,1,2,1,0,0,0,6,0
fer0015570.png,1,0,0,1,8,0,0,0,0,0
fer0015571.png,7,0,0,3,0,0,0,0,0,0
fer0015572.png,10,0,0,0,0,0,0,0,0,0
fer0015573.png,0,0,10,0,0,0,0,0,0,0
fer0015574.png,0,10,0,0,0,0,0,0,0,0
fer0015575.png,2,5,3,0,0,0,0,0,0,0
fer0015576.png,0,0,8,0,1,0,1,0,0,0
fer0015577.png,2,0,0,8,0,0,0,0,0,0
fer0015578.png,1,0,0,0,7,0,0,0,2,0
fer0015579.png,0,10,0,0,0,0,0,0,0,0
fer0015580.png,1,0,0,9,0,0,0,0,0,0
fer0015581.png,0,7,3,0,0,0,0,0,0,0
fer0015582.png,0,10,0,0,0,0,0,0,0,0
fer0015583.png,9,0,0,1,0,0,0,0,0,0
fer0015584.png,0,10,0,0,0,0,0,0,0,0
fer0015585.png,0,9,0,1,0,0,0,0,0,0
fer0015586.png,0,0,9,0,0,0,1,0,0,0
fer0015587.png,5,0,0,3,0,0,0,0,2,0
fer0015588.png,0,0,1,8,0,1,0,0,0,0
fer0015589.png,0,10,0,0,0,0,0,0,0,0
fer0015590.png,0,10,0,0,0,0,0,0,0,0
fer0015591.png,1,9,0,0,0,0,0,0,0,0
fer0015592.png,5,1,0,2,0,0,0,0,2,0
fer0015593.png,0,6,4,0,0,0,0,0,0,0
fer0015594.png,0,10,0,0,0,0,0,0,0,0
fer0015595.png,1,0,1,0,7,0,0,0,1,0
fer0015596.png,9,0,0,1,0,0,0,0,0,0
fer0015597.png,0,0,9,0,0,0,1,0,0,0
fer0015598.png,4,0,0,5,0,0,0,0,1,0
fer0015599.png,10,0,0,0,0,0,0,0,0,0
fer0015600.png,1,0,0,6,0,0,0,0,3,0
fer0015601.png,6,0,1,2,0,0,0,0,1,0
fer0015602.png,4,0,2,0,1,1,1,0,1,0
fer0015603.png,0,10,0,0,0,0,0,0,0,0
fer0015604.png,0,10,0,0,0,0,0,0,0,0
fer0015605.png,3,7,0,0,0,0,0,0,0,0
fer0015606.png,0,10,0,0,0,0,0,0,0,0
fer0015607.png,5,0,0,3,0,0,0,0,2,0
fer0015608.png,0,0,1,1,6,0,2,0,0,0
fer0015609.png,8,0,0,0,2,0,0,0,0,0
fer0015610.png,7,2,0,0,0,0,0,1,0,0
fer0015611.png,0,9,1,0,0,0,0,0,0,0
fer0015612.png,0,0,0,0,7,0,0,0,3,0
fer0015613.png,6,0,0,3,0,0,0,0,1,0
fer0015614.png,5,1,0,1,1,0,0,2,0,0
fer0015615.png,0,1,1,8,0,0,0,0,0,0
fer0015616.png,3,0,0,0,0,0,0,5,2,0
fer0015617.png,0,1,0,0,7,1,0,0,1,0
fer0015618.png,0,10,0,0,0,0,0,0,0,0
fer0015619.png,7,0,0,0,3,0,0,0,0,0
fer0015620.png,5,0,0,0,3,1,0,0,1,0
fer0015621.png,8,0,0,0,1,0,0,0,1,0
fer0015622.png,0,10,0,0,0,0,0,0,0,0
fer0015623.png,0,9,0,0,0,0,0,0,1,0
fer0015624.png,0,0,0,0,4,0,6,0,0,0
fer0015625.png,0,10,0,0,0,0,0,0,0,0
fer0015627.png,8,0,0,0,0,0,0,0,2,0
fer0015628.png,7,0,0,1,0,0,0,0,2,0
fer0015629.png,1,0,6,0,0,0,1,0,2,0
fer0015630.png,2,0,0,7,0,0,0,0,1,0
fer0015631.png,9,0,0,1,0,0,0,0,0,0
fer0015632.png,0,10,0,0,0,0,0,0,0,0
fer0015633.png,9,0,0,1,0,0,0,0,0,0
fer0015634.png,7,0,0,3,0,0,0,0,0,0
fer0015635.png,0,10,0,0,0,0,0,0,0,0
fer0015636.png,0,3,2,0,4,0,1,0,0,0
fer0015637.png,1,8,0,0,0,0,0,1,0,0
fer0015638.png,9,0,0,0,0,0,0,0,1,0
fer0015639.png,0,1,4,0,0,0,5,0,0,0
fer0015640.png,0,10,0,0,0,0,0,0,0,0
fer0015641.png,6,0,1,1,0,0,0,1,1,0
fer0015642.png,8,0,0,2,0,0,0,0,0,0
fer0015643.png,0,10,0,0,0,0,0,0,0,0
fer0015644.png,6,4,0,0,0,0,0,0,0,0
fer0015645.png,2,0,0,4,0,0,1,0,3,0
fer0015646.png,9,0,0,0,0,0,0,0,0,1
fer0015647.png,0,0,2,0,4,1,3,0,0,0
fer0015648.png,0,7,3,0,0,0,0,0,0,0
fer0015649.png,2,0,0,0,1,4,1,1,1,0
fer0015650.png,1,0,3,0,4,1,0,0,1,0
fer0015651.png,0,10,0,0,0,0,0,0,0,0
fer0015652.png,1,0,3,2,2,0,2,0,0,0
fer0015653.png,2,8,0,0,0,0,0,0,0,0
fer0015654.png,8,0,0,1,0,0,1,0,0,0
fer0015655.png,6,1,0,2,0,0,0,1,0,0
fer0015656.png,1,0,4,4,0,0,0,0,1,0
fer0015657.png,1,0,1,0,3,1,4,0,0,0
fer0015658.png,0,0,1,0,8,0,1,0,0,0
fer0015659.png,7,2,1,0,0,0,0,0,0,0
fer0015660.png,8,0,0,0,0,0,0,0,2,0
fer0015661.png,6,0,0,1,1,1,0,0,1,0
fer0015662.png,0,10,0,0,0,0,0,0,0,0
fer0015663.png,0,10,0,0,0,0,0,0,0,0
fer0015664.png,10,0,0,0,0,0,0,0,0,0
fer0015665.png,0,10,0,0,0,0,0,0,0,0
fer0015666.png,0,8,1,0,0,0,0,0,1,0
fer0015667.png,0,0,1,0,7,0,0,0,2,0
fer0015668.png,0,10,0,0,0,0,0,0,0,0
fer0015669.png,0,10,0,0,0,0,0,0,0,0
fer0015670.png,8,0,0,0,1,1,0,0,0,0
fer0015671.png,10,0,0,0,0,0,0,0,0,0
fer0015672.png,8,0,0,2,0,0,0,0,0,0
fer0015673.png,1,1,4,0,3,0,1,0,0,0
fer0015674.png,9,0,0,1,0,0,0,0,0,0
fer0015675.png,5,0,0,3,0,0,0,0,2,0
fer0015676.png,0,6,4,0,0,0,0,0,0,0
fer0015677.png,0,0,0,7,0,0,0,0,3,0
fer0015678.png,9,0,0,0,1,0,0,0,0,0
fer0015679.png,7,0,0,1,1,0,0,0,1,0
fer0015680.png,0,0,2,1,0,0,6,0,1,0
fer0015681.png,10,0,0,0,0,0,0,0,0,0
fer0015682.png,0,0,0,0,1,0,9,0,0,0
fer0015683.png,3,0,0,0,7,0,0,0,0,0
fer0015684.png,3,0,0,0,5,1,0,1,0,0
fer0015685.png,10,0,0,0,0,0,0,0,0,0
fer0015686.png,0,10,0,0,0,0,0,0,0,0
fer0015687.png,0,9,1,0,0,0,0,0,0,0
fer0015688.png,0,8,2,0,0,0,0,0,0,0
fer0015689.png,8,0,0,1,1,0,0,0,0,0
fer0015690.png,3,0,0,7,0,0,0,0,0,0
fer0015691.png,0,10,0,0,0,0,0,0,0,0
fer0015692.png,7,0,0,2,0,0,0,0,1,0
fer0015693.png,0,0,10,0,0,0,0,0,0,0
fer0015694.png,4,0,0,6,0,0,0,0,0,0
fer0015695.png,2,0,6,0,0,0,0,0,2,0
fer0015696.png,1,1,1,4,1,0,0,0,2,0
fer0015697.png,1,2,2,0,3,0,0,0,2,0
fer0015698.png,9,1,0,0,0,0,0,0,0,0
fer0015699.png,0,0,10,0,0,0,0,0,0,0
fer0015700.png,0,0,0,10,0,0,0,0,0,0
fer0015701.png,10,0,0,0,0,0,0,0,0,0
fer0015702.png,0,10,0,0,0,0,0,0,0,0
fer0015703.png,2,0,7,0,0,0,1,0,0,0
fer0015704.png,6,0,0,1,1,0,1,1,0,0
fer0015705.png,3,0,4,1,2,0,0,0,0,0
fer0015706.png,0,10,0,0,0,0,0,0,0,0
fer0015707.png,1,0,9,0,0,0,0,0,0,0
fer0015708.png,0,0,3,0,1,0,6,0,0,0
fer0015709.png,0,0,0,9,0,0,1,0,0,0
fer0015710.png,1,0,6,1,0,1,0,0,1,0
fer0015711.png,5,0,0,5,0,0,0,0,0,0
fer0015712.png,2,0,7,0,0,0,0,0,1,0
fer0015713.png,10,0,0,0,0,0,0,0,0,0
fer0015714.png,2,7,0,0,0,0,0,1,0,0
fer0015715.png,9,0,0,1,0,0,0,0,0,0
fer0015716.png,0,10,0,0,0,0,0,0,0,0
fer0015717.png,1,3,0,1,3,0,0,0,2,0
fer0015718.png,3,0,0,3,1,1,0,0,2,0
fer0015719.png,6,4,0,0,0,0,0,0,0,0
fer0015720.png,0,7,2,1,0,0,0,0,0,0
fer0015721.png,6,0,0,0,2,1,0,0,1,0
fer0015722.png,2,8,0,0,0,0,0,0,0,0
fer0015723.png,6,3,0,0,0,0,0,1,0,0
fer0015724.png,5,0,4,0,0,0,0,0,1,0
fer0015725.png,0,10,0,0,0,0,0,0,0,0
fer0015726.png,9,0,0,0,0,0,0,1,0,0
fer0015727.png,7,0,0,0,0,1,0,1,1,0
fer0015728.png,0,0,9,0,0,0,1,0,0,0
fer0015729.png,4,0,0,3,2,0,0,0,1,0
fer0015730.png,8,0,0,2,0,0,0,0,0,0
fer0015731.png,0,0,8,0,0,0,2,0,0,0
fer0015732.png,9,0,0,1,0,0,0,0,0,0
fer0015733.png,0,10,0,0,0,0,0,0,0,0
fer0015734.png,2,7,0,0,0,0,1,0,0,0
fer0015735.png,8,0,0,1,0,0,0,1,0,0
fer0015736.png,3,0,0,1,0,1,2,0,3,0
fer0015737.png,5,0,0,0,1,1,0,3,0,0
fer0015738.png,1,0,0,3,0,3,2,0,0,1
fer0015739.png,0,8,2,0,0,0,0,0,0,0
fer0015740.png,2,3,0,0,0,0,0,5,0,0
fer0015741.png,8,2,0,0,0,0,0,0,0,0
fer0015742.png,6,1,0,0,0,1,0,2,0,0
fer0015743.png,10,0,0,0,0,0,0,0,0,0
fer0015744.png,0,10,0,0,0,0,0,0,0,0
fer0015745.png,0,10,0,0,0,0,0,0,0,0
fer0015746.png,0,0,9,0,0,0,0,0,1,0
fer0015747.png,0,8,2,0,0,0,0,0,0,0
fer0015748.png,9,0,0,0,0,0,0,0,1,0
fer0015749.png,0,7,3,0,0,0,0,0,0,0
fer0015750.png,0,10,0,0,0,0,0,0,0,0
fer0015751.png,4,6,0,0,0,0,0,0,0,0
fer0015752.png,9,0,0,1,0,0,0,0,0,0
fer0015753.png,5,0,1,4,0,0,0,0,0,0
fer0015754.png,8,0,0,1,0,0,0,0,1,0
fer0015755.png,9,0,0,0,0,0,0,1,0,0
fer0015756.png,6,0,0,4,0,0,0,0,0,0
fer0015757.png,0,10,0,0,0,0,0,0,0,0
fer0015758.png,1,0,0,1,1,6,0,0,1,0
fer0015759.png,0,10,0,0,0,0,0,0,0,0
fer0015760.png,0,10,0,0,0,0,0,0,0,0
fer0015761.png,0,10,0,0,0,0,0,0,0,0
fer0015762.png,4,3,0,3,0,0,0,0,0,0
fer0015763.png,0,0,1,1,8,0,0,0,0,0
fer0015764.png,5,0,0,3,0,0,0,1,1,0
fer0015765.png,1,0,1,0,8,0,0,0,0,0
fer0015766.png,2,0,7,0,0,0,0,0,1,0
fer0015767.png,5,2,0,3,0,0,0,0,0,0
fer0015768.png,0,10,0,0,0,0,0,0,0,0
fer0015769.png,1,0,7,0,0,0,2,0,0,0
fer0015770.png,0,10,0,0,0,0,0,0,0,0
fer0015771.png,3,0,6,1,0,0,0,0,0,0
fer0015772.png,3,0,0,5,0,0,0,0,2,0
fer0015773.png,3,0,0,6,0,0,0,0,1,0
fer0015774.png,7,0,0,0,2,0,0,0,1,0
fer0015775.png,0,10,0,0,0,0,0,0,0,0
fer0015776.png,0,10,0,0,0,0,0,0,0,0
fer0015777.png,7,0,0,1,0,0,0,1,1,0
fer0015778.png,2,0,0,7,0,0,0,0,1,0
fer0015779.png,6,0,0,3,1,0,0,0,0,0
fer0015780.png,0,10,0,0,0,0,0,0,0,0
fer0015781.png,2,0,0,8,0,0,0,0,0,0
fer0015782.png,5,0,0,4,0,0,0,1,0,0
fer0015783.png,3,0,0,1,1,3,0,2,0,0
fer0015784.png,5,0,0,3,1,1,0,0,0,0
fer0015785.png,0,10,0,0,0,0,0,0,0,0
fer0015786.png,7,0,0,3,0,0,0,0,0,0
fer0015787.png,9,1,0,0,0,0,0,0,0,0
fer0015788.png,4,0,0,4,0,0,0,2,0,0
fer0015789.png,4,0,0,4,1,0,0,0,1,0
fer0015790.png,2,6,0,1,1,0,0,0,0,0
fer0015791.png,0,0,8,0,0,0,0,0,2,0
fer0015792.png,8,0,1,1,0,0,0,0,0,0
fer0015793.png,5,0,0,1,3,1,0,0,0,0
fer0015794.png,0,0,10,0,0,0,0,0,0,0
fer0015795.png,0,0,2,0,7,0,1,0,0,0
fer0015796.png,0,0,7,0,0,0,2,0,1,0
fer0015797.png,8,0,0,2,0,0,0,0,0,0
fer0015798.png,1,0,0,1,8,0,0,0,0,0
fer0015799.png,0,9,0,0,0,0,0,0,1,0
fer0015800.png,7,0,0,3,0,0,0,0,0,0
fer0015801.png,1,0,1,8,0,0,0,0,0,0
fer0015802.png,2,1,0,0,1,0,0,4,2,0
fer0015803.png,9,1,0,0,0,0,0,0,0,0
fer0015804.png,0,0,0,0,6,3,0,0,1,0
fer0015805.png,1,0,0,0,7,0,1,0,1,0
fer0015806.png,0,0,0,0,1,2,1,2,4,0
fer0015807.png,0,10,0,0,0,0,0,0,0,0
fer0015808.png,0,10,0,0,0,0,0,0,0,0
fer0015809.png,0,10,0,0,0,0,0,0,0,0
fer0015810.png,0,9,0,1,0,0,0,0,0,0
fer0015811.png,5,4,0,0,0,0,0,0,1,0
fer0015812.png,9,0,0,0,0,0,0,1,0,0
fer0015813.png,0,10,0,0,0,0,0,0,0,0
fer0015814.png,3,0,2,4,0,0,0,0,1,0
fer0015815.png,2,0,0,2,0,4,1,0,1,0
fer0015816.png,4,0,0,0,4,1,0,1,0,0
fer0015817.png,5,0,0,3,0,0,0,0,2,0
fer0015818.png,0,2,0,0,6,1,0,0,1,0
fer0015819.png,0,2,1,2,0,0,5,0,0,0
fer0015820.png,3,0,0,7,0,0,0,0,0,0
fer0015821.png,0,10,0,0,0,0,0,0,0,0
fer0015822.png,0,10,0,0,0,0,0,0,0,0
fer0015823.png,0,0,0,10,0,0,0,0,0,0
fer0015824.png,4,0,0,4,0,0,0,1,1,0
fer0015825.png,7,0,0,1,1,1,0,0,0,0
fer0015826.png,0,0,10,0,0,0,0,0,0,0
fer0015827.png,6,0,0,3,0,0,0,0,1,0
fer0015828.png,0,10,0,0,0,0,0,0,0,0
fer0015829.png,1,8,0,1,0,0,0,0,0,0
fer0015830.png,0,8,2,0,0,0,0,0,0,0
fer0015831.png,0,0,0,10,0,0,0,0,0,0
fer0015832.png,1,1,8,0,0,0,0,0,0,0
fer0015833.png,0,9,1,0,0,0,0,0,0,0
fer0015834.png,8,1,0,1,0,0,0,0,0,0
fer0015835.png,10,0,0,0,0,0,0,0,0,0
fer0015836.png,6,0,0,4,0,0,0,0,0,0
fer0015837.png,0,0,3,0,5,0,1,0,1,0
fer0015838.png,9,1,0,0,0,0,0,0,0,0
fer0015839.png,0,10,0,0,0,0,0,0,0,0
fer0015840.png,2,8,0,0,0,0,0,0,0,0
fer0015841.png,6,3,0,0,0,0,0,0,1,0
fer0015842.png,6,1,1,0,0,0,0,0,2,0
fer0015843.png,8,0,0,0,0,0,0,0,2,0
fer0015844.png,1,1,8,0,0,0,0,0,0,0
fer0015845.png,6,0,0,3,0,0,0,0,1,0
fer0015846.png,5,1,1,0,0,0,1,0,2,0
fer0015847.png,0,10,0,0,0,0,0,0,0,0
fer0015848.png,2,8,0,0,0,0,0,0,0,0
fer0015849.png,5,0,1,3,0,0,0,0,1,0
fer0015850.png,10,0,0,0,0,0,0,0,0,0
fer0015851.png,10,0,0,0,0,0,0,0,0,0
fer0015852.png,4,0,0,0,4,0,0,0,2,0
fer0015853.png,3,0,0,5,0,0,0,1,1,0
fer0015854.png,1,9,0,0,0,0,0,0,0,0
fer0015855.png,0,0,4,0,1,0,4,0,0,1
fer0015856.png,7,1,0,0,1,0,0,0,1,0
fer0015857.png,3,0,0,0,0,0,0,2,5,0
fer0015858.png,6,0,0,4,0,0,0,0,0,0
fer0015859.png,9,0,0,0,1,0,0,0,0,0
fer0015860.png,10,0,0,0,0,0,0,0,0,0
fer0015861.png,9,0,0,0,1,0,0,0,0,0
fer0015862.png,5,0,0,5,0,0,0,0,0,0
fer0015863.png,0,8,2,0,0,0,0,0,0,0
fer0015864.png,4,0,1,2,1,1,0,1,0,0
fer0015865.png,0,5,4,0,0,0,1,0,0,0
fer0015866.png,6,2,0,0,0,0,0,0,2,0
fer0015867.png,10,0,0,0,0,0,0,0,0,0
fer0015868.png,4,0,1,3,0,0,0,1,1,0
fer0015869.png,1,0,1,4,0,0,4,0,0,0
fer0015870.png,7,0,0,2,0,0,0,0,1,0
fer0015871.png,6,0,1,0,0,0,0,0,3,0
fer0015872.png,0,1,0,1,0,0,7,0,1,0
fer0015873.png,4,0,0,1,3,0,0,0,2,0
fer0015874.png,1,0,0,0,7,2,0,0,0,0
fer0015875.png,0,1,9,0,0,0,0,0,0,0
fer0015876.png,0,0,0,9,0,0,0,0,1,0
fer0015877.png,0,0,10,0,0,0,0,0,0,0
fer0015878.png,2,0,8,0,0,0,0,0,0,0
fer0015879.png,8,1,0,0,0,0,0,0,1,0
fer0015880.png,9,0,1,0,0,0,0,0,0,0
fer0015881.png,7,0,1,0,0,0,0,2,0,0
fer0015882.png,0,10,0,0,0,0,0,0,0,0
fer0015883.png,0,5,2,0,3,0,0,0,0,0
fer0015884.png,0,0,0,10,0,0,0,0,0,0
fer0015885.png,0,10,0,0,0,0,0,0,0,0
fer0015886.png,0,2,7,0,0,0,0,0,1,0
fer0015887.png,2,1,0,6,0,0,0,0,1,0
fer0015888.png,3,0,0,3,0,2,0,2,0,0
fer0015889.png,2,0,4,0,1,0,2,0,1,0
fer0015890.png,6,0,0,0,1,0,0,0,3,0
fer0015891.png,9,0,0,0,0,0,0,0,1,0
fer0015892.png,4,0,2,4,0,0,0,0,0,0
fer0015893.png,0,10,0,0,0,0,0,0,0,0
fer0015894.png,0,10,0,0,0,0,0,0,0,0
fer0015895.png,0,0,0,9,0,0,0,0,1,0
fer0015896.png,2,0,0,0,4,2,0,0,2,0
fer0015897.png,4,0,0,2,0,0,0,0,4,0
fer0015898.png,8,0,0,1,0,0,0,0,1,0
fer0015899.png,1,0,7,0,0,0,2,0,0,0
fer0015900.png,0,10,0,0,0,0,0,0,0,0
fer0015901.png,9,1,0,0,0,0,0,0,0,0
fer0015902.png,4,5,0,0,0,0,0,1,0,0
fer0015903.png,0,10,0,0,0,0,0,0,0,0
fer0015904.png,8,0,0,1,0,0,0,1,0,0
fer0015905.png,5,0,1,0,1,0,0,1,2,0
fer0015906.png,2,0,1,5,0,0,0,1,1,0
fer0015907.png,1,0,0,0,6,1,0,0,2,0
fer0015908.png,10,0,0,0,0,0,0,0,0,0
fer0015909.png,2,1,1,0,6,0,0,0,0,0
fer0015910.png,7,0,2,1,0,0,0,0,0,0
fer0015911.png,9,1,0,0,0,0,0,0,0,0
fer0015912.png,10,0,0,0,0,0,0,0,0,0
fer0015913.png,0,10,0,0,0,0,0,0,0,0
fer0015914.png,1,2,0,4,0,0,2,0,1,0
fer0015915.png,9,0,0,1,0,0,0,0,0,0
fer0015916.png,4,0,0,4,0,0,0,1,1,0
fer0015917.png,6,0,0,1,0,0,0,1,2,0
fer0015918.png,9,0,0,0,0,0,0,0,1,0
fer0015919.png,1,1,0,7,0,0,1,0,0,0
fer0015920.png,3,1,6,0,0,0,0,0,0,0
fer0015922.png,9,0,0,0,0,0,0,0,1,0
fer0015923.png,0,10,0,0,0,0,0,0,0,0
fer0015924.png,10,0,0,0,0,0,0,0,0,0
fer0015925.png,1,7,1,0,1,0,0,0,0,0
fer0015926.png,9,0,0,0,0,0,0,1,0,0
fer0015927.png,0,10,0,0,0,0,0,0,0,0
fer0015928.png,5,0,3,0,0,1,0,1,0,0
fer0015929.png,5,0,0,1,1,0,1,0,2,0
fer0015931.png,0,10,0,0,0,0,0,0,0,0
fer0015932.png,1,0,3,0,3,1,0,0,2,0
fer0015933.png,9,1,0,0,0,0,0,0,0,0
fer0015934.png,2,0,0,4,0,2,1,0,1,0
fer0015935.png,4,0,0,5,0,0,0,0,1,0
fer0015936.png,7,3,0,0,0,0,0,0,0,0
fer0015937.png,4,0,1,1,0,0,2,0,2,0
fer0015938.png,9,0,0,1,0,0,0,0,0,0
fer0015939.png,0,0,2,2,2,0,4,0,0,0
fer0015940.png,5,0,1,3,0,0,0,0,1,0
fer0015941.png,6,0,0,2,0,0,0,0,2,0
fer0015942.png,7,1,0,1,0,0,0,0,1,0
fer0015943.png,1,7,0,0,1,0,0,0,0,1
fer0015944.png,9,1,0,0,0,0,0,0,0,0
fer0015945.png,0,1,4,0,4,0,1,0,0,0
fer0015946.png,4,0,0,3,1,0,0,0,2,0
fer0015947.png,2,6,1,0,0,0,1,0,0,0
fer0015948.png,0,10,0,0,0,0,0,0,0,0
fer0015949.png,0,0,0,0,10,0,0,0,0,0
fer0015950.png,0,10,0,0,0,0,0,0,0,0
fer0015951.png,4,1,1,3,0,0,0,0,1,0
fer0015952.png,2,0,0,0,8,0,0,0,0,0
fer0015953.png,6,0,0,0,1,0,0,0,3,0
fer0015954.png,0,1,0,1,4,4,0,0,0,0
fer0015955.png,1,0,0,0,0,3,0,6,0,0
fer0015956.png,5,5,0,0,0,0,0,0,0,0
fer0015957.png,3,0,0,4,0,1,0,2,0,0
fer0015958.png,6,0,0,1,0,0,0,0,3,0
fer0015959.png,0,10,0,0,0,0,0,0,0,0
fer0015960.png,1,1,0,4,2,0,1,0,1,0
fer0015961.png,0,0,0,10,0,0,0,0,0,0
fer0015962.png,2,7,1,0,0,0,0,0,0,0
fer0015963.png,0,10,0,0,0,0,0,0,0,0
fer0015964.png,0,3,0,0,3,1,0,0,3,0
fer0015965.png,6,0,0,3,0,0,0,0,1,0
fer0015966.png,4,0,0,2,0,0,0,2,2,0
fer0015967.png,2,0,0,0,7,0,0,0,1,0
fer0015968.png,1,7,0,1,0,0,0,0,1,0
fer0015969.png,3,0,0,0,6,1,0,0,0,0
fer0015970.png,0,10,0,0,0,0,0,0,0,0
fer0015971.png,2,2,0,0,6,0,0,0,0,0
fer0015972.png,8,0,0,1,0,0,0,0,1,0
fer0015973.png,3,0,5,0,1,0,0,0,1,0
fer0015974.png,3,0,0,6,0,0,0,0,1,0
fer0015975.png,0,0,9,0,0,0,1,0,0,0
fer0015976.png,1,4,0,0,1,2,0,1,1,0
fer0015977.png,6,0,0,2,0,1,0,1,0,0
fer0015978.png,7,0,0,1,0,0,0,0,2,0
fer0015980.png,0,10,0,0,0,0,0,0,0,0
fer0015981.png,3,5,0,0,0,0,0,2,0,0
fer0015982.png,4,0,0,6,0,0,0,0,0,0
fer0015983.png,0,1,0,0,8,1,0,0,0,0
fer0015984.png,2,7,0,0,0,0,0,1,0,0
fer0015985.png,3,6,1,0,0,0,0,0,0,0
fer0015986.png,10,0,0,0,0,0,0,0,0,0
fer0015987.png,10,0,0,0,0,0,0,0,0,0
fer0015988.png,9,0,0,1,0,0,0,0,0,0
fer0015989.png,0,10,0,0,0,0,0,0,0,0
fer0015990.png,0,10,0,0,0,0,0,0,0,0
fer0015991.png,9,0,0,0,0,0,0,0,1,0
fer0015992.png,1,4,4,0,1,0,0,0,0,0
fer0015993.png,9,1,0,0,0,0,0,0,0,0
fer0015994.png,2,0,0,4,0,0,1,1,2,0
fer0015995.png,0,10,0,0,0,0,0,0,0,0
fer0015996.png,10,0,0,0,0,0,0,0,0,0
fer0015997.png,0,10,0,0,0,0,0,0,0,0
fer0015998.png,3,0,1,3,1,0,0,0,2,0
fer0015999.png,1,0,0,0,8,1,0,0,0,0
fer0016000.png,0,0,8,0,0,0,2,0,0,0
fer0016001.png,3,0,0,6,0,0,0,0,1,0
fer0016002.png,10,0,0,0,0,0,0,0,0,0
fer0016003.png,0,6,4,0,0,0,0,0,0,0
fer0016004.png,4,5,0,0,0,0,0,0,1,0
fer0016005.png,5,5,0,0,0,0,0,0,0,0
fer0016006.png,9,1,0,0,0,0,0,0,0,0
fer0016007.png,1,1,0,1,0,2,3,2,0,0
fer0016008.png,0,1,0,9,0,0,0,0,0,0
fer0016009.png,0,1,0,2,3,3,0,0,1,0
fer0016010.png,0,9,0,0,0,0,0,0,1,0
fer0016011.png,3,1,1,4,0,0,0,0,1,0
fer0016012.png,0,5,0,0,2,0,0,0,3,0
fer0016013.png,0,10,0,0,0,0,0,0,0,0
fer0016014.png,4,0,1,3,0,2,0,0,0,0
fer0016015.png,9,0,0,0,0,0,0,1,0,0
fer0016016.png,0,0,10,0,0,0,0,0,0,0
fer0016017.png,0,0,10,0,0,0,0,0,0,0
fer0016018.png,6,0,0,4,0,0,0,0,0,0
fer0016019.png,1,9,0,0,0,0,0,0,0,0
fer0016020.png,10,0,0,0,0,0,0,0,0,0
fer0016021.png,4,0,0,1,0,2,0,2,1,0
fer0016022.png,0,10,0,0,0,0,0,0,0,0
fer0016023.png,5,5,0,0,0,0,0,0,0,0
fer0016024.png,1,6,0,2,0,0,0,1,0,0
fer0016025.png,1,0,9,0,0,0,0,0,0,0
fer0016026.png,0,0,6,1,1,0,2,0,0,0
fer0016027.png,0,10,0,0,0,0,0,0,0,0
fer0016028.png,6,0,0,2,0,0,0,1,1,0
fer0016029.png,1,0,9,0,0,0,0,0,0,0
fer0016030.png,7,0,0,3,0,0,0,0,0,0
fer0016031.png,0,10,0,0,0,0,0,0,0,0
fer0016032.png,3,0,0,4,1,0,1,0,1,0
fer0016033.png,0,10,0,0,0,0,0,0,0,0
fer0016034.png,0,10,0,0,0,0,0,0,0,0
fer0016035.png,1,6,0,2,0,0,0,0,1,0
fer0016036.png,0,10,0,0,0,0,0,0,0,0
fer0016037.png,1,9,0,0,0,0,0,0,0,0
fer0016038.png,9,0,0,0,0,0,0,0,1,0
fer0016039.png,9,0,0,0,0,0,0,0,1,0
fer0016040.png,0,0,0,3,4,0,1,0,2,0
fer0016041.png,2,8,0,0,0,0,0,0,0,0
fer0016042.png,9,0,0,1,0,0,0,0,0,0
fer0016043.png,0,10,0,0,0,0,0,0,0,0
fer0016044.png,3,0,6,0,0,0,1,0,0,0
fer0016045.png,0,0,8,0,0,0,1,0,1,0
fer0016046.png,0,0,10,0,0,0,0,0,0,0
fer0016047.png,10,0,0,0,0,0,0,0,0,0
fer0016048.png,0,0,9,0,0,0,1,0,0,0
fer0016049.png,9,0,0,0,0,0,0,0,1,0
fer0016050.png,0,1,0,0,7,1,1,0,0,0
fer0016051.png,3,1,1,0,1,1,0,1,2,0
fer0016052.png,2,0,0,6,0,0,0,0,2,0
fer0016053.png,3,0,0,0,0,0,0,5,2,0
fer0016054.png,8,0,0,0,2,0,0,0,0,0
fer0016055.png,0,10,0,0,0,0,0,0,0,0
fer0016056.png,10,0,0,0,0,0,0,0,0,0
fer0016057.png,5,1,0,2,0,0,0,1,1,0
fer0016058.png,10,0,0,0,0,0,0,0,0,0
fer0016059.png,0,1,3,2,0,0,4,0,0,0
fer0016060.png,0,0,2,0,7,0,1,0,0,0
fer0016061.png,4,6,0,0,0,0,0,0,0,0
fer0016062.png,0,1,1,1,6,0,1,0,0,0
fer0016063.png,0,10,0,0,0,0,0,0,0,0
fer0016064.png,6,0,0,0,2,1,0,1,0,0
fer0016065.png,1,0,9,0,0,0,0,0,0,0
fer0016066.png,5,0,0,3,0,0,0,1,1,0
fer0016067.png,0,0,0,2,1,5,0,1,1,0
fer0016068.png,2,0,0,7,0,0,0,1,0,0
fer0016069.png,1,0,0,1,7,0,0,1,0,0
fer0016070.png,0,10,0,0,0,0,0,0,0,0
fer0016071.png,0,10,0,0,0,0,0,0,0,0
fer0016072.png,0,10,0,0,0,0,0,0,0,0
fer0016073.png,10,0,0,0,0,0,0,0,0,0
fer0016074.png,0,0,4,0,1,2,2,0,1,0
fer0016075.png,0,10,0,0,0,0,0,0,0,0
fer0016076.png,1,2,0,4,1,2,0,0,0,0
fer0016077.png,10,0,0,0,0,0,0,0,0,0
fer0016078.png,8,2,0,0,0,0,0,0,0,0
fer0016079.png,4,0,0,1,0,3,0,0,2,0
fer0016080.png,6,0,0,4,0,0,0,0,0,0
fer0016081.png,0,10,0,0,0,0,0,0,0,0
fer0016082.png,1,0,0,3,6,0,0,0,0,0
fer0016083.png,0,9,1,0,0,0,0,0,0,0
fer0016084.png,0,9,0,0,0,0,0,0,1,0
fer0016085.png,3,0,0,1,5,0,0,0,1,0
fer0016086.png,0,10,0,0,0,0,0,0,0,0
fer0016087.png,10,0,0,0,0,0,0,0,0,0
fer0016088.png,0,0,9,0,0,0,1,0,0,0
fer0016089.png,0,0,4,0,1,0,4,1,0,0
fer0016090.png,0,10,0,0,0,0,0,0,0,0
fer0016091.png,1,0,3,6,0,0,0,0,0,0
fer0016092.png,0,0,0,1,7,2,0,0,0,0
fer0016093.png,0,10,0,0,0,0,0,0,0,0
fer0016094.png,1,0,0,6,1,2,0,0,0,0
fer0016095.png,0,10,0,0,0,0,0,0,0,0
fer0016096.png,0,10,0,0,0,0,0,0,0,0
fer0016097.png,9,1,0,0,0,0,0,0,0,0
fer0016098.png,0,10,0,0,0,0,0,0,0,0
fer0016099.png,0,0,9,0,0,0,0,0,1,0
fer0016100.png,1,1,7,0,1,0,0,0,0,0
fer0016101.png,5,0,0,4,0,0,0,1,0,0
fer0016102.png,0,10,0,0,0,0,0,0,0,0
fer0016103.png,0,10,0,0,0,0,0,0,0,0
fer0016104.png,9,1,0,0,0,0,0,0,0,0
fer0016105.png,0,10,0,0,0,0,0,0,0,0
fer0016106.png,10,0,0,0,0,0,0,0,0,0
fer0016107.png,10,0,0,0,0,0,0,0,0,0
fer0016108.png,3,0,0,7,0,0,0,0,0,0
fer0016109.png,0,10,0,0,0,0,0,0,0,0
fer0016110.png,1,0,0,9,0,0,0,0,0,0
fer0016111.png,9,0,0,0,0,0,0,1,0,0
fer0016112.png,5,4,0,0,0,0,0,0,1,0
fer0016113.png,1,0,7,0,0,0,1,1,0,0
fer0016114.png,9,0,0,0,0,0,0,0,1,0
fer0016115.png,1,8,1,0,0,0,0,0,0,0
fer0016116.png,0,0,8,0,0,1,1,0,0,0
fer0016117.png,1,0,9,0,0,0,0,0,0,0
fer0016118.png,3,0,0,1,1,1,0,0,4,0
fer0016119.png,9,0,0,1,0,0,0,0,0,0
fer0016120.png,1,0,8,0,0,1,0,0,0,0
fer0016121.png,0,1,1,0,7,0,1,0,0,0
fer0016122.png,3,0,5,0,0,0,2,0,0,0
fer0016123.png,1,3,3,0,2,0,0,0,1,0
fer0016124.png,0,0,1,0,7,0,0,0,2,0
fer0016125.png,10,0,0,0,0,0,0,0,0,0
fer0016126.png,0,10,0,0,0,0,0,0,0,0
fer0016127.png,0,0,10,0,0,0,0,0,0,0
fer0016128.png,7,0,0,3,0,0,0,0,0,0
fer0016129.png,1,0,0,9,0,0,0,0,0,0
fer0016130.png,9,0,0,1,0,0,0,0,0,0
fer0016131.png,1,0,0,4,4,0,0,0,1,0
fer0016132.png,0,0,10,0,0,0,0,0,0,0
fer0016133.png,6,2,0,0,0,0,0,2,0,0
fer0016134.png,9,0,0,1,0,0,0,0,0,0
fer0016136.png,0,0,6,1,0,0,3,0,0,0
fer0016137.png,3,0,0,1,2,1,0,0,3,0
fer0016138.png,4,0,4,0,0,0,2,0,0,0
fer0016139.png,0,9,0,1,0,0,0,0,0,0
fer0016140.png,0,3,7,0,0,0,0,0,0,0
fer0016141.png,1,0,0,0,0,0,0,7,2,0
fer0016142.png,0,10,0,0,0,0,0,0,0,0
fer0016143.png,6,0,0,3,0,1,0,0,0,0
fer0016144.png,3,7,0,0,0,0,0,0,0,0
fer0016145.png,2,0,0,0,1,6,0,0,1,0
fer0016146.png,0,0,3,0,0,0,7,0,0,0
fer0016147.png,1,8,1,0,0,0,0,0,0,0
fer0016148.png,0,1,0,0,9,0,0,0,0,0
fer0016149.png,6,0,0,0,0,0,0,4,0,0
fer0016150.png,1,1,0,8,0,0,0,0,0,0
fer0016151.png,4,1,0,4,0,0,0,0,1,0
fer0016152.png,1,1,0,0,7,1,0,0,0,0
fer0016153.png,0,10,0,0,0,0,0,0,0,0
fer0016154.png,3,0,4,1,0,0,0,0,2,0
fer0016155.png,0,10,0,0,0,0,0,0,0,0
fer0016156.png,10,0,0,0,0,0,0,0,0,0
fer0016157.png,3,0,0,6,0,0,0,0,1,0
fer0016158.png,0,10,0,0,0,0,0,0,0,0
fer0016159.png,1,0,8,0,0,0,0,1,0,0
fer0016160.png,1,3,0,1,0,5,0,0,0,0
fer0016161.png,3,6,0,0,0,0,0,1,0,0
fer0016162.png,0,0,2,3,0,1,4,0,0,0
fer0016163.png,5,0,0,4,0,0,1,0,0,0
fer0016164.png,4,2,0,1,0,0,0,0,3,0
fer0016165.png,0,9,0,0,0,0,0,0,1,0
fer0016166.png,4,0,0,4,0,0,1,0,1,0
fer0016167.png,3,0,0,6,0,0,0,1,0,0
fer0016168.png,7,0,0,3,0,0,0,0,0,0
fer0016169.png,1,2,5,0,0,0,1,0,1,0
fer0016170.png,6,0,0,3,0,0,0,0,1,0
fer0016171.png,0,0,4,0,1,0,5,0,0,0
fer0016172.png,2,0,0,4,0,0,4,0,0,0
fer0016173.png,0,1,2,0,5,0,0,0,2,0
fer0016174.png,1,0,1,3,0,2,3,0,0,0
fer0016175.png,0,10,0,0,0,0,0,0,0,0
fer0016176.png,0,10,0,0,0,0,0,0,0,0
fer0016177.png,3,0,0,7,0,0,0,0,0,0
fer0016178.png,7,1,0,2,0,0,0,0,0,0
fer0016179.png,7,0,0,1,0,0,0,1,1,0
fer0016180.png,8,2,0,0,0,0,0,0,0,0
fer0016181.png,7,0,0,1,0,0,1,0,1,0
fer0016182.png,8,0,0,1,0,0,0,0,1,0
fer0016183.png,4,0,0,2,1,0,0,0,3,0
fer0016184.png,0,0,9,0,0,0,0,1,0,0
fer0016185.png,0,10,0,0,0,0,0,0,0,0
fer0016186.png,0,10,0,0,0,0,0,0,0,0
fer0016187.png,1,0,0,0,8,0,1,0,0,0
fer0016188.png,10,0,0,0,0,0,0,0,0,0
fer0016189.png,1,0,6,0,0,0,2,0,1,0
fer0016190.png,0,10,0,0,0,0,0,0,0,0
fer0016191.png,1,1,0,6,0,0,2,0,0,0
fer0016192.png,1,2,7,0,0,0,0,0,0,0
fer0016193.png,0,10,0,0,0,0,0,0,0,0
fer0016194.png,0,10,0,0,0,0,0,0,0,0
fer0016195.png,1,0,0,0,5,1,0,0,3,0
fer0016196.png,8,0,0,1,0,1,0,0,0,0
fer0016197.png,2,0,0,4,0,3,0,0,1,0
fer0016198.png,0,0,10,0,0,0,0,0,0,0
fer0016199.png,0,1,2,0,0,0,7,0,0,0
fer0016200.png,0,0,0,10,0,0,0,0,0,0
fer0016201.png,8,0,0,1,1,0,0,0,0,0
fer0016202.png,3,0,4,1,0,0,1,0,1,0
fer0016203.png,5,0,0,2,0,0,0,0,3,0
fer0016204.png,6,0,0,3,1,0,0,0,0,0
fer0016205.png,5,0,0,4,0,1,0,0,0,0
fer0016206.png,0,10,0,0,0,0,0,0,0,0
fer0016207.png,6,0,1,1,0,0,1,0,1,0
fer0016208.png,1,0,0,0,6,1,0,0,2,0
fer0016209.png,0,0,0,2,0,1,5,0,2,0
fer0016210.png,1,9,0,0,0,0,0,0,0,0
fer0016211.png,9,0,0,1,0,0,0,0,0,0
fer0016212.png,2,0,0,6,0,1,0,1,0,0
fer0016213.png,3,0,0,7,0,0,0,0,0,0
fer0016214.png,4,0,6,0,0,0,0,0,0,0
fer0016215.png,9,0,0,1,0,0,0,0,0,0
fer0016216.png,0,1,1,0,5,0,2,0,1,0
fer0016217.png,0,10,0,0,0,0,0,0,0,0
fer0016218.png,0,1,2,0,4,0,2,0,1,0
fer0016219.png,1,0,0,0,6,1,0,1,1,0
fer0016220.png,5,0,0,3,0,1,0,0,1,0
fer0016221.png,0,0,2,0,6,0,2,0,0,0
fer0016222.png,7,0,0,0,2,0,0,0,1,0
fer0016223.png,7,0,0,2,0,0,0,1,0,0
fer0016224.png,0,10,0,0,0,0,0,0,0,0
fer0016225.png,4,0,0,2,0,0,0,1,3,0
fer0016226.png,0,1,1,2,3,0,2,0,1,0
fer0016227.png,0,9,0,0,0,0,0,1,0,0
fer0016228.png,2,0,7,0,0,0,0,0,1,0
fer0016229.png,2,0,0,7,0,0,0,0,1,0
fer0016230.png,0,10,0,0,0,0,0,0,0,0
fer0016231.png,0,8,2,0,0,0,0,0,0,0
fer0016232.png,0,0,4,1,0,0,5,0,0,0
fer0016233.png,8,0,0,2,0,0,0,0,0,0
fer0016234.png,0,10,0,0,0,0,0,0,0,0
fer0016235.png,0,0,8,0,0,0,2,0,0,0
fer0016236.png,5,1,0,3,0,0,0,0,1,0
fer0016237.png,8,0,0,1,0,1,0,0,0,0
fer0016238.png,7,0,0,1,2,0,0,0,0,0
fer0016239.png,10,0,0,0,0,0,0,0,0,0
fer0016240.png,6,0,0,1,0,1,0,2,0,0
fer0016241.png,0,1,3,1,5,0,0,0,0,0
fer0016242.png,1,1,5,0,2,0,0,0,1,0
fer0016243.png,7,0,0,1,0,1,0,0,1,0
fer0016244.png,1,2,1,0,4,0,2,0,0,0
fer0016245.png,1,0,0,0,2,4,0,0,3,0
fer0016246.png,2,0,0,4,0,1,2,0,1,0
fer0016247.png,1,1,0,0,7,0,0,0,1,0
fer0016248.png,7,0,0,1,0,0,0,0,2,0
fer0016249.png,5,0,0,4,0,0,0,1,0,0
fer0016250.png,2,0,0,0,6,2,0,0,0,0
fer0016251.png,1,0,9,0,0,0,0,0,0,0
fer0016252.png,5,0,1,0,2,0,0,1,0,1
fer0016253.png,10,0,0,0,0,0,0,0,0,0
fer0016254.png,3,0,0,1,0,0,0,1,5,0
fer0016255.png,0,10,0,0,0,0,0,0,0,0
fer0016256.png,9,0,0,1,0,0,0,0,0,0
fer0016257.png,1,8,0,0,0,0,0,1,0,0
fer0016258.png,0,10,0,0,0,0,0,0,0,0
fer0016259.png,4,0,0,4,0,0,1,0,1,0
fer0016260.png,7,1,0,1,0,0,0,0,1,0
fer0016261.png,9,0,0,0,0,0,0,0,1,0
fer0016262.png,9,0,0,0,0,0,0,0,1,0
fer0016263.png,0,10,0,0,0,0,0,0,0,0
fer0016264.png,8,0,0,0,0,0,0,1,1,0
fer0016265.png,9,0,1,0,0,0,0,0,0,0
fer0016266.png,0,3,0,3,1,0,0,1,2,0
fer0016267.png,3,0,0,0,5,2,0,0,0,0
fer0016268.png,10,0,0,0,0,0,0,0,0,0
fer0016269.png,1,0,0,9,0,0,0,0,0,0
fer0016270.png,3,0,0,1,4,1,0,0,1,0
fer0016271.png,1,0,2,0,7,0,0,0,0,0
fer0016272.png,6,0,0,2,0,0,0,0,2,0
fer0016273.png,0,0,2,1,0,0,7,0,0,0
fer0016274.png,1,0,0,0,9,0,0,0,0,0
fer0016275.png,1,1,0,0,8,0,0,0,0,0
fer0016276.png,6,3,0,1,0,0,0,0,0,0
fer0016277.png,4,1,0,3,0,0,0,0,2,0
fer0016278.png,0,3,2,0,3,0,0,1,1,0
fer0016279.png,9,0,0,1,0,0,0,0,0,0
fer0016280.png,1,0,9,0,0,0,0,0,0,0
fer0016281.png,0,1,6,0,0,0,3,0,0,0
fer0016282.png,0,9,0,0,0,0,0,0,1,0
fer0016283.png,1,0,8,0,0,0,0,0,1,0
fer0016284.png,6,0,0,4,0,0,0,0,0,0
fer0016285.png,0,0,5,1,0,0,3,0,1,0
fer0016286.png,10,0,0,0,0,0,0,0,0,0
fer0016287.png,7,2,0,0,0,0,0,0,1,0
fer0016288.png,4,0,0,4,1,0,0,1,0,0
fer0016289.png,1,9,0,0,0,0,0,0,0,0
fer0016290.png,0,10,0,0,0,0,0,0,0,0
fer0016291.png,0,10,0,0,0,0,0,0,0,0
fer0016292.png,4,0,3,2,0,0,0,0,1,0
fer0016293.png,10,0,0,0,0,0,0,0,0,0
fer0016294.png,0,0,6,2,0,0,2,0,0,0
fer0016295.png,8,0,0,1,1,0,0,0,0,0
fer0016296.png,3,0,0,4,2,1,0,0,0,0
fer0016297.png,1,9,0,0,0,0,0,0,0,0
fer0016298.png,7,0,1,0,0,0,0,1,1,0
fer0016299.png,1,0,2,1,3,1,1,0,1,0
fer0016300.png,4,0,1,1,0,1,1,1,1,0
fer0016301.png,0,1,5,0,0,0,4,0,0,0
fer0016302.png,0,10,0,0,0,0,0,0,0,0
fer0016303.png,0,10,0,0,0,0,0,0,0,0
fer0016304.png,3,7,0,0,0,0,0,0,0,0
fer0016305.png,9,0,0,0,0,0,0,0,1,0
fer0016306.png,1,0,2,2,0,0,5,0,0,0
fer0016307.png,8,2,0,0,0,0,0,0,0,0
fer0016308.png,4,0,0,4,0,0,0,0,1,1
fer0016309.png,4,0,0,0,5,0,0,1,0,0
fer0016310.png,7,0,0,3,0,0,0,0,0,0
fer0016311.png,3,0,0,5,0,1,0,0,1,0
fer0016312.png,6,0,1,2,0,0,0,0,1,0
fer0016313.png,1,8,1,0,0,0,0,0,0,0
fer0016314.png,7,0,0,3,0,0,0,0,0,0
fer0016315.png,0,0,1,2,5,0,2,0,0,0
fer0016316.png,4,0,0,2,0,0,0,1,3,0
fer0016317.png,0,10,0,0,0,0,0,0,0,0
fer0016318.png,6,0,0,3,0,0,0,0,1,0
fer0016319.png,0,0,3,0,3,0,4,0,0,0
fer0016320.png,0,0,7,0,0,0,3,0,0,0
fer0016321.png,0,0,0,9,1,0,0,0,0,0
fer0016322.png,0,0,9,0,0,0,1,0,0,0
fer0016323.png,9,0,0,1,0,0,0,0,0,0
fer0016324.png,5,1,3,0,1,0,0,0,0,0
fer0016325.png,0,10,0,0,0,0,0,0,0,0
fer0016326.png,0,9,1,0,0,0,0,0,0,0
fer0016327.png,8,1,0,0,0,0,0,0,1,0
fer0016328.png,6,0,1,2,0,1,0,0,0,0
fer0016329.png,0,0,2,0,0,0,8,0,0,0
fer0016330.png,0,10,0,0,0,0,0,0,0,0
fer0016331.png,0,0,7,0,0,0,3,0,0,0
fer0016332.png,2,0,0,0,4,0,0,2,2,0
fer0016333.png,0,3,0,0,3,3,0,0,1,0
fer0016334.png,8,0,0,1,1,0,0,0,0,0
fer0016335.png,0,0,2,0,8,0,0,0,0,0
fer0016336.png,1,3,1,0,2,0,0,0,3,0
fer0016337.png,0,0,0,1,3,4,1,0,1,0
fer0016338.png,8,0,2,0,0,0,0,0,0,0
fer0016339.png,3,0,0,7,0,0,0,0,0,0
fer0016340.png,3,7,0,0,0,0,0,0,0,0
fer0016341.png,0,0,0,1,4,1,0,1,3,0
fer0016342.png,7,2,0,0,0,0,0,1,0,0
fer0016343.png,4,0,0,2,2,1,0,0,1,0
fer0016344.png,5,5,0,0,0,0,0,0,0,0
fer0016345.png,0,10,0,0,0,0,0,0,0,0
fer0016346.png,1,9,0,0,0,0,0,0,0,0
fer0016347.png,4,1,2,0,0,1,0,1,1,0
fer0016348.png,0,10,0,0,0,0,0,0,0,0
fer0016349.png,4,0,0,2,2,0,0,1,1,0
fer0016350.png,7,1,0,2,0,0,0,0,0,0
fer0016351.png,1,0,9,0,0,0,0,0,0,0
fer0016352.png,8,0,1,1,0,0,0,0,0,0
fer0016353.png,8,0,0,1,0,0,0,0,1,0
fer0016354.png,8,0,0,1,0,0,0,1,0,0
fer0016355.png,9,0,0,1,0,0,0,0,0,0
fer0016356.png,0,10,0,0,0,0,0,0,0,0
fer0016357.png,1,3,6,0,0,0,0,0,0,0
fer0016358.png,6,0,0,1,1,1,0,0,1,0
fer0016359.png,0,0,9,0,0,0,1,0,0,0
fer0016360.png,4,0,0,3,0,0,0,2,1,0
fer0016361.png,0,0,1,0,7,0,2,0,0,0
fer0016362.png,0,8,0,1,0,0,0,0,1,0
fer0016363.png,3,0,0,5,0,0,0,0,2,0
fer0016364.png,3,1,0,1,0,2,3,0,0,0
fer0016365.png,0,2,0,0,8,0,0,0,0,0
fer0016366.png,0,7,3,0,0,0,0,0,0,0
fer0016367.png,9,0,0,0,0,0,0,0,1,0
fer0016368.png,9,0,0,1,0,0,0,0,0,0
fer0016369.png,0,0,3,0,7,0,0,0,0,0
fer0016370.png,5,0,2,0,0,0,0,0,3,0
fer0016371.png,9,0,0,1,0,0,0,0,0,0
fer0016372.png,2,0,0,5,0,0,0,0,3,0
fer0016373.png,0,0,9,0,0,0,1,0,0,0
fer0016374.png,9,0,1,0,0,0,0,0,0,0
fer0016375.png,0,10,0,0,0,0,0,0,0,0
fer0016376.png,0,10,0,0,0,0,0,0,0,0
fer0016377.png,1,0,7,0,0,0,2,0,0,0
fer0016378.png,0,10,0,0,0,0,0,0,0,0
fer0016379.png,2,0,0,2,4,0,0,0,2,0
fer0016380.png,2,0,6,1,0,0,1,0,0,0
fer0016381.png,0,9,1,0,0,0,0,0,0,0
fer0016382.png,9,1,0,0,0,0,0,0,0,0
fer0016383.png,10,0,0,0,0,0,0,0,0,0
fer0016384.png,8,0,0,2,0,0,0,0,0,0
fer0016385.png,7,0,0,3,0,0,0,0,0,0
fer0016386.png,7,0,0,3,0,0,0,0,0,0
fer0016387.png,0,10,0,0,0,0,0,0,0,0
fer0016388.png,5,0,0,5,0,0,0,0,0,0
fer0016389.png,1,7,2,0,0,0,0,0,0,0
fer0016390.png,5,1,0,1,0,1,0,0,2,0
fer0016391.png,0,10,0,0,0,0,0,0,0,0
fer0016392.png,7,0,2,0,0,0,0,0,0,1
fer0016393.png,0,10,0,0,0,0,0,0,0,0
fer0016394.png,0,2,3,0,2,1,1,1,0,0
fer0016395.png,0,0,10,0,0,0,0,0,0,0
fer0016396.png,5,0,3,2,0,0,0,0,0,0
fer0016397.png,0,9,1,0,0,0,0,0,0,0
fer0016398.png,1,0,0,9,0,0,0,0,0,0
fer0016399.png,0,10,0,0,0,0,0,0,0,0
fer0016400.png,3,2,0,5,0,0,0,0,0,0
fer0016401.png,3,0,7,0,0,0,0,0,0,0
fer0016402.png,8,2,0,0,0,0,0,0,0,0
fer0016403.png,0,0,9,0,0,0,0,0,1,0
fer0016404.png,1,2,0,0,1,1,1,1,3,0
fer0016405.png,0,1,2,1,1,0,3,0,2,0
fer0016406.png,0,0,8,0,0,0,2,0,0,0
fer0016407.png,2,0,0,4,0,2,0,1,1,0
fer0016408.png,10,0,0,0,0,0,0,0,0,0
fer0016409.png,8,0,0,0,0,0,0,1,1,0
fer0016410.png,0,8,2,0,0,0,0,0,0,0
fer0016411.png,0,0,9,0,0,0,0,0,1,0
fer0016412.png,1,0,0,9,0,0,0,0,0,0
fer0016413.png,1,9,0,0,0,0,0,0,0,0
fer0016414.png,0,10,0,0,0,0,0,0,0,0
fer0016415.png,4,6,0,0,0,0,0,0,0,0
fer0016416.png,0,0,10,0,0,0,0,0,0,0
fer0016417.png,0,9,1,0,0,0,0,0,0,0
fer0016418.png,5,0,0,1,0,0,0,1,3,0
fer0016419.png,9,0,0,0,0,0,0,0,1,0
fer0016420.png,8,1,0,0,0,0,0,1,0,0
fer0016421.png,0,0,2,0,3,0,3,0,2,0
fer0016422.png,4,0,2,1,0,0,0,0,3,0
fer0016423.png,0,1,1,0,6,0,0,0,2,0
fer0016424.png,9,1,0,0,0,0,0,0,0,0
fer0016425.png,2,0,0,2,0,1,0,3,2,0
fer0016426.png,8,0,0,2,0,0,0,0,0,0
fer0016427.png,7,0,0,0,0,0,0,3,0,0
fer0016428.png,1,0,2,2,0,3,0,1,1,0
fer0016429.png,9,0,0,0,0,0,1,0,0,0
fer0016430.png,1,0,0,8,0,0,1,0,0,0
fer0016431.png,8,0,0,1,1,0,0,0,0,0
fer0016432.png,6,0,0,1,0,1,0,2,0,0
fer0016433.png,7,1,1,1,0,0,0,0,0,0
fer0016434.png,7,0,0,2,0,0,0,0,1,0
fer0016435.png,0,0,0,10,0,0,0,0,0,0
fer0016436.png,4,1,0,5,0,0,0,0,0,0
fer0016437.png,3,5,0,0,0,0,0,2,0,0
fer0016438.png,4,0,0,5,0,0,0,0,1,0
fer0016439.png,3,0,0,0,7,0,0,0,0,0
fer0016440.png,2,0,0,7,0,0,0,1,0,0
fer0016441.png,0,1,2,2,0,0,5,0,0,0
fer0016442.png,8,0,0,1,0,0,0,0,1,0
fer0016443.png,0,10,0,0,0,0,0,0,0,0
fer0016444.png,7,0,0,2,1,0,0,0,0,0
fer0016445.png,0,2,0,0,6,1,1,0,0,0
fer0016446.png,0,10,0,0,0,0,0,0,0,0
fer0016447.png,0,10,0,0,0,0,0,0,0,0
fer0016448.png,5,0,0,4,0,0,0,1,0,0
fer0016449.png,1,0,7,1,0,0,1,0,0,0
fer0016450.png,0,10,0,0,0,0,0,0,0,0
fer0016451.png,9,1,0,0,0,0,0,0,0,0
fer0016452.png,0,9,1,0,0,0,0,0,0,0
fer0016453.png,2,1,6,0,0,0,1,0,0,0
fer0016454.png,3,2,0,1,0,1,0,3,0,0
fer0016455.png,2,0,0,7,0,0,0,0,1,0
fer0016456.png,4,1,0,0,0,1,0,2,2,0
fer0016457.png,0,2,1,0,6,0,0,0,1,0
fer0016458.png,7,0,0,2,0,0,0,0,1,0
fer0016459.png,3,0,0,6,0,0,0,0,1,0
fer0016460.png,0,9,0,0,0,1,0,0,0,0
fer0016461.png,2,0,5,0,1,0,0,0,2,0
fer0016462.png,0,1,7,0,0,0,0,0,2,0
fer0016463.png,4,0,1,1,0,0,0,2,2,0
fer0016464.png,8,0,0,1,0,0,0,0,1,0
fer0016465.png,0,1,3,0,5,0,1,0,0,0
fer0016466.png,8,1,0,0,0,0,0,1,0,0
fer0016467.png,0,0,10,0,0,0,0,0,0,0
fer0016468.png,0,0,3,0,0,0,7,0,0,0
fer0016469.png,0,0,1,1,0,0,8,0,0,0
fer0016470.png,2,0,0,2,5,1,0,0,0,0
fer0016471.png,0,0,0,0,10,0,0,0,0,0
fer0016472.png,1,0,0,0,3,5,0,0,1,0
fer0016473.png,4,5,0,0,0,0,0,0,1,0
fer0016474.png,1,9,0,0,0,0,0,0,0,0
fer0016475.png,2,0,1,0,6,1,0,0,0,0
fer0016476.png,0,9,1,0,0,0,0,0,0,0
fer0016477.png,6,0,0,2,0,0,0,1,1,0
fer0016478.png,7,0,0,1,1,0,0,1,0,0
fer0016479.png,4,0,0,6,0,0,0,0,0,0
fer0016480.png,8,0,0,2,0,0,0,0,0,0
fer0016481.png,1,0,8,0,1,0,0,0,0,0
fer0016482.png,0,4,0,1,3,0,1,0,1,0
fer0016483.png,9,0,0,1,0,0,0,0,0,0
fer0016484.png,9,0,0,0,0,0,0,0,1,0
fer0016485.png,0,0,6,1,0,0,2,0,1,0
fer0016486.png,1,0,0,9,0,0,0,0,0,0
fer0016487.png,0,10,0,0,0,0,0,0,0,0
fer0016488.png,10,0,0,0,0,0,0,0,0,0
fer0016489.png,0,0,1,1,7,0,1,0,0,0
fer0016490.png,5,0,0,4,0,0,0,0,1,0
fer0016491.png,8,0,0,0,2,0,0,0,0,0
fer0016492.png,3,0,0,6,0,0,0,0,1,0
fer0016493.png,1,1,8,0,0,0,0,0,0,0
fer0016494.png,5,0,0,4,1,0,0,0,0,0
fer0016495.png,4,6,0,0,0,0,0,0,0,0
fer0016496.png,0,10,0,0,0,0,0,0,0,0
fer0016497.png,0,0,4,0,0,0,6,0,0,0
fer0016498.png,1,0,0,0,3,0,6,0,0,0
fer0016499.png,1,0,0,7,0,0,1,1,0,0
fer0016500.png,0,10,0,0,0,0,0,0,0,0
fer0016501.png,0,0,7,0,0,0,1,0,2,0
fer0016502.png,6,0,0,1,0,0,0,0,3,0
fer0016503.png,1,0,0,8,0,0,1,0,0,0
fer0016504.png,0,9,0,0,0,1,0,0,0,0
fer0016505.png,0,10,0,0,0,0,0,0,0,0
fer0016506.png,6,4,0,0,0,0,0,0,0,0
fer0016507.png,6,0,0,4,0,0,0,0,0,0
fer0016508.png,8,0,0,0,2,0,0,0,0,0
fer0016509.png,7,0,0,3,0,0,0,0,0,0
fer0016510.png,0,0,0,2,2,5,0,1,0,0
fer0016511.png,7,0,0,2,0,0,0,0,1,0
fer0016512.png,2,0,0,7,0,0,0,0,1,0
fer0016513.png,0,1,0,3,2,0,0,0,4,0
fer0016514.png,7,0,0,1,0,0,0,0,2,0
fer0016515.png,0,9,0,1,0,0,0,0,0,0
fer0016516.png,0,10,0,0,0,0,0,0,0,0
fer0016517.png,6,4,0,0,0,0,0,0,0,0
fer0016518.png,9,0,0,1,0,0,0,0,0,0
fer0016519.png,4,0,0,4,0,1,0,0,1,0
fer0016520.png,3,0,0,4,1,2,0,0,0,0
fer0016521.png,3,7,0,0,0,0,0,0,0,0
fer0016522.png,2,0,0,7,0,0,0,0,1,0
fer0016523.png,10,0,0,0,0,0,0,0,0,0
fer0016524.png,3,0,0,7,0,0,0,0,0,0
fer0016525.png,2,0,0,5,0,0,0,1,2,0
fer0016526.png,5,0,0,5,0,0,0,0,0,0
fer0016527.png,0,10,0,0,0,0,0,0,0,0
fer0016528.png,0,0,2,3,0,0,4,0,0,1
fer0016529.png,4,6,0,0,0,0,0,0,0,0
fer0016530.png,2,0,0,7,0,0,0,1,0,0
fer0016531.png,1,0,1,4,2,0,2,0,0,0
fer0016532.png,9,0,0,1,0,0,0,0,0,0
fer0016533.png,8,0,0,1,0,0,0,0,1,0
fer0016534.png,1,0,1,0,1,7,0,0,0,0
fer0016535.png,0,10,0,0,0,0,0,0,0,0
fer0016536.png,8,0,0,1,0,0,0,0,1,0
fer0016537.png,0,10,0,0,0,0,0,0,0,0
fer0016538.png,2,0,0,5,1,0,0,0,2,0
fer0016539.png,0,1,8,0,0,0,1,0,0,0
fer0016540.png,1,2,0,4,3,0,0,0,0,0
fer0016541.png,1,3,1,0,5,0,0,0,0,0
fer0016542.png,0,10,0,0,0,0,0,0,0,0
fer0016543.png,0,0,8,0,0,0,2,0,0,0
fer0016544.png,10,0,0,0,0,0,0,0,0,0
fer0016545.png,3,0,0,0,1,4,0,2,0,0
fer0016546.png,3,0,0,5,0,0,0,0,2,0
fer0016547.png,7,0,0,2,0,0,0,0,1,0
fer0016548.png,4,1,3,0,0,0,0,0,2,0
fer0016549.png,0,9,0,0,1,0,0,0,0,0
fer0016550.png,0,7,2,0,0,0,0,1,0,0
fer0016551.png,1,9,0,0,0,0,0,0,0,0
fer0016552.png,0,0,9,0,0,0,0,1,0,0
fer0016553.png,0,0,0,10,0,0,0,0,0,0
fer0016554.png,10,0,0,0,0,0,0,0,0,0
fer0016555.png,10,0,0,0,0,0,0,0,0,0
fer0016556.png,4,0,0,6,0,0,0,0,0,0
fer0016557.png,4,0,0,0,5,0,0,1,0,0
fer0016558.png,0,10,0,0,0,0,0,0,0,0
fer0016559.png,0,0,1,0,6,1,1,0,1,0
fer0016560.png,0,1,0,5,0,2,1,0,1,0
fer0016561.png,7,0,0,0,0,0,0,0,3,0
fer0016562.png,0,0,0,0,9,0,0,0,1,0
fer0016563.png,0,0,0,9,0,0,0,0,1,0
fer0016564.png,6,2,0,0,0,0,0,1,1,0
fer0016565.png,0,10,0,0,0,0,0,0,0,0
fer0016566.png,7,0,0,1,0,1,0,0,1,0
fer0016567.png,4,0,0,2,0,0,0,2,2,0
fer0016568.png,0,10,0,0,0,0,0,0,0,0
fer0016569.png,0,9,0,0,0,0,1,0,0,0
fer0016570.png,1,0,7,0,0,1,0,0,1,0
fer0016571.png,2,0,0,7,0,0,0,0,1,0
fer0016572.png,0,0,0,0,0,1,9,0,0,0
fer0016573.png,0,10,0,0,0,0,0,0,0,0
fer0016574.png,0,0,10,0,0,0,0,0,0,0
fer0016575.png,0,9,1,0,0,0,0,0,0,0
fer0016577.png,3,0,0,6,0,0,0,0,1,0
fer0016578.png,1,0,0,7,0,0,1,0,1,0
fer0016579.png,1,9,0,0,0,0,0,0,0,0
fer0016580.png,2,6,0,0,0,0,0,0,2,0
fer0016581.png,2,0,7,0,0,0,1,0,0,0
fer0016582.png,0,0,0,10,0,0,0,0,0,0
fer0016583.png,3,5,0,2,0,0,0,0,0,0
fer0016584.png,8,0,0,1,0,0,0,0,1,0
fer0016585.png,0,0,0,10,0,0,0,0,0,0
fer0016586.png,3,1,0,1,2,0,2,0,1,0
fer0016587.png,0,10,0,0,0,0,0,0,0,0
fer0016588.png,9,0,0,0,0,0,0,0,1,0
fer0016589.png,7,0,0,0,1,0,0,1,1,0
fer0016590.png,0,10,0,0,0,0,0,0,0,0
fer0016591.png,0,0,10,0,0,0,0,0,0,0
fer0016592.png,0,0,0,0,10,0,0,0,0,0
fer0016593.png,7,2,0,0,0,1,0,0,0,0
fer0016594.png,10,0,0,0,0,0,0,0,0,0
fer0016595.png,1,8,1,0,0,0,0,0,0,0
fer0016596.png,10,0,0,0,0,0,0,0,0,0
fer0016597.png,1,1,0,1,7,0,0,0,0,0
fer0016598.png,5,4,0,0,0,0,1,0,0,0
fer0016599.png,3,0,2,0,3,1,0,0,1,0
fer0016600.png,0,0,10,0,0,0,0,0,0,0
fer0016601.png,8,0,0,1,0,0,0,0,1,0
fer0016602.png,9,0,0,0,1,0,0,0,0,0
fer0016603.png,0,10,0,0,0,0,0,0,0,0
fer0016604.png,0,9,0,0,0,0,0,0,1,0
fer0016605.png,1,0,0,8,0,1,0,0,0,0
fer0016606.png,3,0,0,1,2,2,0,1,1,0
fer0016607.png,4,0,0,0,1,0,0,3,2,0
fer0016608.png,0,0,0,2,0,0,8,0,0,0
fer0016609.png,0,0,10,0,0,0,0,0,0,0
fer0016610.png,0,9,0,0,0,0,0,0,1,0
fer0016611.png,2,4,1,2,1,0,0,0,0,0
fer0016612.png,1,8,0,0,1,0,0,0,0,0
fer0016613.png,4,0,0,3,1,1,0,0,1,0
fer0016614.png,0,10,0,0,0,0,0,0,0,0
fer0016615.png,0,10,0,0,0,0,0,0,0,0
fer0016616.png,3,0,0,3,2,1,0,0,1,0
fer0016617.png,6,0,0,4,0,0,0,0,0,0
fer0016618.png,0,10,0,0,0,0,0,0,0,0
fer0016619.png,0,10,0,0,0,0,0,0,0,0
fer0016620.png,0,0,1,2,4,0,3,0,0,0
fer0016621.png,0,9,0,0,1,0,0,0,0,0
fer0016622.png,7,0,0,3,0,0,0,0,0,0
fer0016623.png,0,0,8,0,1,0,1,0,0,0
fer0016624.png,3,0,0,1,6,0,0,0,0,0
fer0016625.png,4,0,0,1,0,0,0,0,5,0
fer0016626.png,0,0,2,0,6,1,0,0,1,0
fer0016627.png,1,0,0,0,0,0,0,9,0,0
fer0016628.png,5,0,3,0,0,0,1,0,1,0
fer0016629.png,7,0,3,0,0,0,0,0,0,0
fer0016630.png,1,3,5,0,0,0,0,0,1,0
fer0016631.png,9,1,0,0,0,0,0,0,0,0
fer0016632.png,0,10,0,0,0,0,0,0,0,0
fer0016633.png,2,7,0,0,0,0,0,1,0,0
fer0016634.png,5,0,1,3,0,0,0,0,1,0
fer0016635.png,0,0,0,10,0,0,0,0,0,0
fer0016636.png,0,0,10,0,0,0,0,0,0,0
fer0016637.png,9,0,0,0,1,0,0,0,0,0
fer0016638.png,1,7,1,0,0,0,0,1,0,0
fer0016639.png,9,0,0,1,0,0,0,0,0,0
fer0016640.png,0,10,0,0,0,0,0,0,0,0
fer0016641.png,10,0,0,0,0,0,0,0,0,0
fer0016642.png,0,10,0,0,0,0,0,0,0,0
fer0016643.png,9,0,0,1,0,0,0,0,0,0
fer0016644.png,2,0,0,7,0,0,0,0,1,0
fer0016645.png,9,0,0,1,0,0,0,0,0,0
fer0016646.png,7,3,0,0,0,0,0,0,0,0
fer0016647.png,0,10,0,0,0,0,0,0,0,0
fer0016648.png,4,1,1,2,0,0,0,0,2,0
fer0016649.png,7,0,0,2,0,0,0,0,1,0
fer0016650.png,6,0,0,0,0,0,0,1,3,0
fer0016651.png,1,9,0,0,0,0,0,0,0,0
fer0016652.png,0,0,3,2,3,0,0,0,2,0
fer0016653.png,0,10,0,0,0,0,0,0,0,0
fer0016654.png,0,10,0,0,0,0,0,0,0,0
fer0016655.png,3,0,3,0,0,0,3,0,1,0
fer0016656.png,0,8,2,0,0,0,0,0,0,0
fer0016657.png,0,10,0,0,0,0,0,0,0,0
fer0016658.png,0,10,0,0,0,0,0,0,0,0
fer0016659.png,5,0,0,2,1,1,0,1,0,0
fer0016660.png,7,0,0,1,0,1,0,1,0,0
fer0016661.png,1,0,9,0,0,0,0,0,0,0
fer0016662.png,1,0,0,5,0,0,0,0,4,0
fer0016663.png,5,3,0,1,1,0,0,0,0,0
fer0016664.png,0,0,0,8,0,0,1,0,1,0
fer0016665.png,0,9,0,0,1,0,0,0,0,0
fer0016666.png,0,9,0,0,0,1,0,0,0,0
fer0016667.png,0,0,8,0,0,0,2,0,0,0
fer0016668.png,8,0,0,2,0,0,0,0,0,0
fer0016669.png,1,9,0,0,0,0,0,0,0,0
fer0016670.png,1,0,6,1,1,0,0,0,1,0
fer0016671.png,4,0,0,3,1,0,0,0,2,0
fer0016672.png,1,0,0,1,3,5,0,0,0,0
fer0016673.png,0,0,8,0,0,0,2,0,0,0
fer0016674.png,0,10,0,0,0,0,0,0,0,0
fer0016675.png,1,0,7,0,0,0,2,0,0,0
fer0016676.png,6,1,0,2,0,0,0,0,1,0
fer0016677.png,1,0,0,0,0,3,0,6,0,0
fer0016678.png,0,10,0,0,0,0,0,0,0,0
fer0016679.png,3,0,0,7,0,0,0,0,0,0
fer0016680.png,0,1,0,9,0,0,0,0,0,0
fer0016681.png,0,0,10,0,0,0,0,0,0,0
fer0016682.png,10,0,0,0,0,0,0,0,0,0
fer0016683.png,6,0,0,3,0,0,0,1,0,0
fer0016684.png,5,3,0,0,0,1,0,1,0,0
fer0016685.png,0,8,0,0,1,0,0,0,1,0
fer0016686.png,9,0,0,1,0,0,0,0,0,0
fer0016687.png,9,0,1,0,0,0,0,0,0,0
fer0016688.png,0,10,0,0,0,0,0,0,0,0
fer0016689.png,1,8,0,0,1,0,0,0,0,0
fer0016690.png,5,1,0,2,0,0,0,1,1,0
fer0016691.png,5,2,0,0,0,0,0,1,2,0
fer0016692.png,0,10,0,0,0,0,0,0,0,0
fer0016693.png,7,0,0,0,1,0,0,1,1,0
fer0016694.png,3,0,0,0,2,1,0,2,2,0
fer0016695.png,4,0,0,0,5,0,0,1,0,0
fer0016696.png,7,0,0,1,1,0,0,0,1,0
fer0016697.png,6,2,2,0,0,0,0,0,0,0
fer0016698.png,4,4,0,1,0,1,0,0,0,0
fer0016699.png,0,0,7,0,1,0,2,0,0,0
fer0016700.png,0,6,0,0,4,0,0,0,0,0
fer0016701.png,6,1,1,2,0,0,0,0,0,0
fer0016702.png,2,5,1,2,0,0,0,0,0,0
fer0016703.png,1,9,0,0,0,0,0,0,0,0
fer0016704.png,9,1,0,0,0,0,0,0,0,0
fer0016705.png,0,9,0,0,0,0,0,0,1,0
fer0016706.png,1,8,1,0,0,0,0,0,0,0
fer0016707.png,3,0,0,6,0,0,0,0,1,0
fer0016708.png,7,0,0,0,1,0,0,1,1,0
fer0016709.png,1,0,0,3,0,3,0,2,1,0
fer0016710.png,1,0,2,2,0,0,4,0,1,0
fer0016711.png,0,0,2,0,7,1,0,0,0,0
fer0016712.png,6,0,0,2,0,0,0,1,1,0
fer0016713.png,1,8,0,0,0,0,0,1,0,0
fer0016714.png,1,9,0,0,0,0,0,0,0,0
fer0016715.png,4,0,0,0,6,0,0,0,0,0
fer0016716.png,0,9,0,0,0,0,0,1,0,0
fer0016717.png,1,0,1,0,8,0,0,0,0,0
fer0016718.png,2,0,1,0,2,0,3,1,1,0
fer0016719.png,8,1,1,0,0,0,0,0,0,0
fer0016720.png,0,10,0,0,0,0,0,0,0,0
fer0016721.png,1,5,3,1,0,0,0,0,0,0
fer0016722.png,3,0,0,0,4,2,0,0,1,0
fer0016723.png,0,10,0,0,0,0,0,0,0,0
fer0016724.png,0,10,0,0,0,0,0,0,0,0
fer0016725.png,0,1,0,5,0,0,1,0,3,0
fer0016726.png,0,0,9,0,0,0,0,0,1,0
fer0016727.png,0,0,0,0,10,0,0,0,0,0
fer0016728.png,1,8,0,0,0,0,0,0,1,0
fer0016729.png,0,0,8,0,1,0,1,0,0,0
fer0016730.png,9,0,0,0,1,0,0,0,0,0
fer0016731.png,6,0,0,2,0,1,0,0,1,0
fer0016732.png,1,0,0,0,9,0,0,0,0,0
fer0016733.png,4,6,0,0,0,0,0,0,0,0
fer0016734.png,0,10,0,0,0,0,0,0,0,0
fer0016735.png,6,2,0,1,0,0,0,0,1,0
fer0016736.png,0,9,1,0,0,0,0,0,0,0
fer0016737.png,6,2,0,0,0,0,0,0,2,0
fer0016738.png,0,0,5,0,0,0,5,0,0,0
fer0016739.png,4,0,0,2,1,0,1,1,1,0
fer0016740.png,8,0,0,0,0,0,0,1,1,0
fer0016741.png,9,0,0,0,0,0,0,0,1,0
fer0016742.png,1,0,0,4,0,0,5,0,0,0
fer0016743.png,1,1,2,1,3,0,2,0,0,0
fer0016744.png,0,1,0,2,1,0,6,0,0,0
fer0016745.png,0,3,0,0,0,1,0,5,1,0
fer0016746.png,0,0,0,0,10,0,0,0,0,0
fer0016747.png,9,0,0,0,0,0,0,0,1,0
fer0016748.png,1,8,1,0,0,0,0,0,0,0
fer0016749.png,0,10,0,0,0,0,0,0,0,0
fer0016750.png,10,0,0,0,0,0,0,0,0,0
fer0016751.png,7,0,0,3,0,0,0,0,0,0
fer0016752.png,5,0,0,4,0,1,0,0,0,0
fer0016753.png,0,10,0,0,0,0,0,0,0,0
fer0016754.png,2,0,0,6,0,0,0,0,2,0
fer0016755.png,5,0,0,4,0,0,0,0,1,0
fer0016756.png,1,0,0,8,0,0,1,0,0,0
fer0016757.png,2,0,8,0,0,0,0,0,0,0
fer0016758.png,5,1,1,2,0,0,0,0,1,0
fer0016759.png,10,0,0,0,0,0,0,0,0,0
fer0016760.png,0,0,0,0,9,0,0,0,1,0
fer0016761.png,0,0,0,3,0,0,6,0,1,0
fer0016762.png,0,10,0,0,0,0,0,0,0,0
fer0016763.png,0,10,0,0,0,0,0,0,0,0
fer0016764.png,0,10,0,0,0,0,0,0,0,0
fer0016765.png,9,0,0,0,0,0,0,0,1,0
fer0016766.png,8,0,0,0,0,0,0,2,0,0
fer0016767.png,5,0,0,3,0,0,0,0,2,0
fer0016768.png,2,0,0,6,0,1,0,1,0,0
fer0016769.png,3,0,2,1,2,0,1,0,1,0
fer0016770.png,0,10,0,0,0,0,0,0,0,0
fer0016771.png,10,0,0,0,0,0,0,0,0,0
fer0016772.png,0,10,0,0,0,0,0,0,0,0
fer0016773.png,1,0,7,0,0,0,2,0,0,0
fer0016774.png,8,0,0,1,0,0,0,0,1,0
fer0016775.png,5,0,0,4,0,0,0,0,1,0
fer0016776.png,7,0,0,2,0,0,0,0,1,0
fer0016777.png,9,0,1,0,0,0,0,0,0,0
fer0016778.png,7,0,0,0,3,0,0,0,0,0
fer0016779.png,4,0,0,3,0,0,1,1,1,0
fer0016780.png,7,0,0,2,0,0,0,0,1,0
fer0016781.png,0,10,0,0,0,0,0,0,0,0
fer0016782.png,4,0,0,6,0,0,0,0,0,0
fer0016783.png,0,9,1,0,0,0,0,0,0,0
fer0016784.png,1,0,0,5,1,1,0,0,2,0
fer0016785.png,9,0,0,0,0,0,0,0,1,0
fer0016786.png,1,1,0,2,3,0,1,0,1,1
fer0016787.png,9,0,0,0,0,0,1,0,0,0
fer0016788.png,0,10,0,0,0,0,0,0,0,0
fer0016789.png,0,10,0,0,0,0,0,0,0,0
fer0016790.png,4,6,0,0,0,0,0,0,0,0
fer0016791.png,6,1,1,1,0,0,0,0,1,0
fer0016792.png,6,0,0,3,1,0,0,0,0,0
fer0016793.png,5,0,0,4,0,0,0,0,1,0
fer0016794.png,5,0,0,4,0,0,0,0,1,0
fer0016795.png,1,0,1,5,0,2,1,0,0,0
fer0016796.png,7,0,0,2,0,0,0,0,1,0
fer0016797.png,0,10,0,0,0,0,0,0,0,0
fer0016798.png,8,0,0,1,0,1,0,0,0,0
fer0016799.png,10,0,0,0,0,0,0,0,0,0
fer0016800.png,9,1,0,0,0,0,0,0,0,0
fer0016801.png,3,0,0,1,3,2,0,0,1,0
fer0016802.png,7,1,0,1,0,0,0,1,0,0
fer0016803.png,0,9,0,0,0,0,0,1,0,0
fer0016804.png,7,0,2,1,0,0,0,0,0,0
fer0016805.png,0,0,9,0,1,0,0,0,0,0
fer0016806.png,1,0,0,8,0,0,0,0,1,0
fer0016807.png,0,10,0,0,0,0,0,0,0,0
fer0016808.png,0,10,0,0,0,0,0,0,0,0
fer0016809.png,5,0,0,4,0,0,0,0,1,0
fer0016810.png,0,0,10,0,0,0,0,0,0,0
fer0016811.png,0,10,0,0,0,0,0,0,0,0
fer0016812.png,8,0,0,0,0,0,0,1,1,0
fer0016813.png,8,0,0,2,0,0,0,0,0,0
fer0016814.png,7,0,0,0,0,0,0,3,0,0
fer0016815.png,6,0,0,4,0,0,0,0,0,0
fer0016816.png,1,0,2,2,0,0,1,0,4,0
fer0016817.png,7,1,1,0,0,1,0,0,0,0
fer0016818.png,0,10,0,0,0,0,0,0,0,0
fer0016819.png,2,0,0,1,4,2,0,0,1,0
fer0016820.png,10,0,0,0,0,0,0,0,0,0
fer0016821.png,9,0,0,0,0,0,0,0,1,0
fer0016822.png,0,10,0,0,0,0,0,0,0,0
fer0016823.png,3,0,0,1,0,1,0,1,4,0
fer0016824.png,7,0,1,0,0,0,0,1,1,0
fer0016825.png,4,0,0,0,5,1,0,0,0,0
fer0016826.png,9,0,0,0,0,0,0,0,1,0
fer0016827.png,8,2,0,0,0,0,0,0,0,0
fer0016828.png,1,0,0,8,0,0,0,0,1,0
fer0016829.png,0,0,2,0,7,0,0,0,1,0
fer0016830.png,1,9,0,0,0,0,0,0,0,0
fer0016831.png,5,0,0,0,3,1,0,1,0,0
fer0016832.png,0,9,0,0,0,0,0,0,1,0
fer0016833.png,5,0,0,3,0,0,0,0,2,0
fer0016834.png,8,0,0,1,0,0,0,0,1,0
fer0016835.png,5,0,0,5,0,0,0,0,0,0
fer0016836.png,6,0,0,3,0,0,0,0,1,0
fer0016837.png,0,10,0,0,0,0,0,0,0,0
fer0016838.png,7,0,0,1,2,0,0,0,0,0
fer0016840.png,0,0,9,0,0,0,1,0,0,0
fer0016841.png,3,0,3,0,1,1,1,0,1,0
fer0016842.png,0,0,10,0,0,0,0,0,0,0
fer0016843.png,0,0,8,0,0,0,2,0,0,0
fer0016844.png,5,4,1,0,0,0,0,0,0,0
fer0016845.png,0,9,1,0,0,0,0,0,0,0
fer0016846.png,10,0,0,0,0,0,0,0,0,0
fer0016847.png,0,8,2,0,0,0,0,0,0,0
fer0016848.png,0,0,0,0,8,0,1,0,1,0
fer0016849.png,7,0,0,1,0,0,0,0,2,0
fer0016850.png,0,5,4,0,0,0,0,0,1,0
fer0016851.png,6,0,0,4,0,0,0,0,0,0
fer0016852.png,10,0,0,0,0,0,0,0,0,0
fer0016853.png,0,0,2,5,0,0,2,0,1,0
fer0016854.png,1,0,0,9,0,0,0,0,0,0
fer0016855.png,1,1,8,0,0,0,0,0,0,0
fer0016856.png,8,2,0,0,0,0,0,0,0,0
fer0016857.png,7,0,0,2,0,0,1,0,0,0
fer0016858.png,0,0,9,0,0,0,1,0,0,0
fer0016859.png,7,0,0,3,0,0,0,0,0,0
fer0016860.png,0,10,0,0,0,0,0,0,0,0
fer0016861.png,0,0,9,0,0,0,1,0,0,0
fer0016862.png,0,10,0,0,0,0,0,0,0,0
fer0016863.png,0,0,0,0,8,0,1,0,1,0
fer0016864.png,10,0,0,0,0,0,0,0,0,0
fer0016865.png,6,0,0,2,0,0,0,1,1,0
fer0016866.png,9,0,0,0,0,0,0,1,0,0
fer0016867.png,4,0,0,2,0,0,2,0,2,0
fer0016868.png,0,10,0,0,0,0,0,0,0,0
fer0016869.png,6,0,0,1,1,0,0,1,1,0
fer0016870.png,0,6,0,1,1,0,0,0,2,0
fer0016871.png,0,0,0,0,10,0,0,0,0,0
fer0016872.png,5,0,0,1,0,0,1,1,2,0
fer0016873.png,0,0,0,0,10,0,0,0,0,0
fer0016874.png,0,10,0,0,0,0,0,0,0,0
fer0016875.png,0,7,3,0,0,0,0,0,0,0
fer0016876.png,0,10,0,0,0,0,0,0,0,0
fer0016877.png,9,0,0,0,0,0,0,0,1,0
fer0016878.png,2,0,0,3,0,4,0,1,0,0
fer0016879.png,0,10,0,0,0,0,0,0,0,0
fer0016880.png,4,0,1,4,0,0,0,0,1,0
fer0016881.png,3,0,0,2,0,1,0,3,1,0
fer0016882.png,3,0,0,3,0,0,0,1,3,0
fer0016883.png,5,0,0,2,0,1,0,2,0,0
fer0016884.png,3,0,0,0,2,4,0,1,0,0
fer0016885.png,3,0,1,5,0,0,0,0,1,0
fer0016886.png,3,0,0,4,3,0,0,0,0,0
fer0016887.png,0,0,0,10,0,0,0,0,0,0
fer0016888.png,0,10,0,0,0,0,0,0,0,0
fer0016889.png,0,8,1,0,0,0,0,0,1,0
fer0016890.png,9,1,0,0,0,0,0,0,0,0
fer0016891.png,0,10,0,0,0,0,0,0,0,0
fer0016892.png,3,0,0,7,0,0,0,0,0,0
fer0016893.png,5,0,1,2,0,0,0,0,2,0
fer0016894.png,2,0,6,0,0,0,1,0,1,0
fer0016895.png,0,0,6,0,3,0,0,0,1,0
fer0016896.png,8,0,0,1,0,0,0,0,1,0
fer0016897.png,2,0,0,4,1,0,0,2,1,0
fer0016898.png,0,10,0,0,0,0,0,0,0,0
fer0016899.png,5,0,0,3,0,0,0,0,2,0
fer0016900.png,4,0,5,0,0,0,0,0,1,0
fer0016901.png,1,0,9,0,0,0,0,0,0,0
fer0016902.png,0,0,0,0,8,2,0,0,0,0
fer0016903.png,2,0,0,7,0,0,1,0,0,0
fer0016904.png,8,0,0,0,2,0,0,0,0,0
fer0016905.png,0,9,1,0,0,0,0,0,0,0
fer0016906.png,0,10,0,0,0,0,0,0,0,0
fer0016907.png,2,0,0,0,0,2,0,6,0,0
fer0016908.png,8,0,0,1,0,0,0,0,1,0
fer0016909.png,2,0,0,5,0,0,0,0,3,0
fer0016910.png,0,0,3,0,4,2,1,0,0,0
fer0016911.png,0,10,0,0,0,0,0,0,0,0
fer0016912.png,3,0,0,0,0,1,0,3,3,0
fer0016913.png,0,1,9,0,0,0,0,0,0,0
fer0016914.png,1,9,0,0,0,0,0,0,0,0
fer0016915.png,6,0,0,3,0,0,0,1,0,0
fer0016916.png,5,0,4,0,0,0,0,0,1,0
fer0016917.png,0,0,0,0,0,1,0,9,0,0
fer0016918.png,1,9,0,0,0,0,0,0,0,0
fer0016919.png,0,10,0,0,0,0,0,0,0,0
fer0016920.png,0,9,0,0,0,0,0,1,0,0
fer0016921.png,0,10,0,0,0,0,0,0,0,0
fer0016922.png,7,1,0,0,0,0,0,1,1,0
fer0016923.png,10,0,0,0,0,0,0,0,0,0
fer0016924.png,0,0,0,9,1,0,0,0,0,0
fer0016925.png,0,10,0,0,0,0,0,0,0,0
fer0016926.png,9,0,0,0,0,0,0,0,0,1
fer0016927.png,0,0,10,0,0,0,0,0,0,0
fer0016928.png,5,1,0,2,0,0,0,1,1,0
fer0016929.png,0,10,0,0,0,0,0,0,0,0
fer0016930.png,0,0,10,0,0,0,0,0,0,0
fer0016931.png,0,0,0,0,7,0,0,0,3,0
fer0016932.png,0,10,0,0,0,0,0,0,0,0
fer0016933.png,9,0,0,0,0,0,0,0,1,0
fer0016934.png,0,0,9,0,0,0,1,0,0,0
fer0016935.png,1,1,0,6,0,0,0,0,2,0
fer0016936.png,0,10,0,0,0,0,0,0,0,0
fer0016937.png,7,0,0,3,0,0,0,0,0,0
fer0016938.png,5,0,0,5,0,0,0,0,0,0
fer0016939.png,6,0,0,1,0,0,0,0,3,0
fer0016940.png,1,3,1,0,3,0,1,0,1,0
fer0016941.png,3,0,1,6,0,0,0,0,0,0
fer0016942.png,1,7,1,0,0,0,0,1,0,0
fer0016943.png,6,0,0,1,1,1,0,0,1,0
fer0016944.png,0,0,0,9,1,0,0,0,0,0
fer0016945.png,0,10,0,0,0,0,0,0,0,0
fer0016946.png,2,8,0,0,0,0,0,0,0,0
fer0016947.png,1,0,0,7,0,0,0,0,2,0
fer0016948.png,0,10,0,0,0,0,0,0,0,0
fer0016949.png,2,2,5,0,0,0,1,0,0,0
fer0016950.png,2,0,6,0,0,1,0,0,1,0
fer0016951.png,2,0,8,0,0,0,0,0,0,0
fer0016952.png,3,0,0,3,2,0,0,0,2,0
fer0016953.png,3,1,0,5,1,0,0,0,0,0
fer0016954.png,1,0,0,0,9,0,0,0,0,0
fer0016955.png,2,8,0,0,0,0,0,0,0,0
fer0016956.png,2,0,6,0,1,0,0,1,0,0
fer0016957.png,3,0,0,7,0,0,0,0,0,0
fer0016958.png,1,0,7,0,0,0,2,0,0,0
fer0016959.png,3,0,0,4,0,1,0,0,2,0
fer0016960.png,0,0,1,7,2,0,0,0,0,0
fer0016961.png,0,10,0,0,0,0,0,0,0,0
fer0016962.png,0,10,0,0,0,0,0,0,0,0
fer0016963.png,0,2,1,1,6,0,0,0,0,0
fer0016964.png,7,1,0,0,0,0,0,0,2,0
fer0016965.png,9,0,0,0,0,0,0,0,1,0
fer0016966.png,10,0,0,0,0,0,0,0,0,0
fer0016967.png,6,0,0,0,0,0,0,1,3,0
fer0016968.png,3,1,0,0,5,0,0,0,1,0
fer0016969.png,9,0,0,0,0,1,0,0,0,0
fer0016970.png,1,0,3,1,0,0,5,0,0,0
fer0016971.png,5,0,0,4,0,0,0,0,1,0
fer0016972.png,9,0,1,0,0,0,0,0,0,0
fer0016973.png,5,0,4,0,0,0,0,0,1,0
fer0016974.png,1,1,0,1,6,0,0,0,1,0
fer0016975.png,0,7,0,2,0,0,0,0,1,0
fer0016976.png,0,10,0,0,0,0,0,0,0,0
fer0016977.png,0,0,1,2,7,0,0,0,0,0
fer0016978.png,0,0,0,0,8,0,1,0,1,0
fer0016979.png,8,0,1,0,0,0,1,0,0,0
fer0016980.png,0,2,1,0,3,1,2,0,1,0
fer0016981.png,0,0,9,0,0,0,1,0,0,0
fer0016982.png,8,1,0,1,0,0,0,0,0,0
fer0016983.png,0,10,0,0,0,0,0,0,0,0
fer0016984.png,8,0,0,0,0,0,0,0,2,0
fer0016985.png,0,9,0,0,0,0,0,0,1,0
fer0016986.png,0,10,0,0,0,0,0,0,0,0
fer0016987.png,8,0,0,0,1,0,0,0,1,0
fer0016988.png,6,4,0,0,0,0,0,0,0,0
fer0016989.png,1,9,0,0,0,0,0,0,0,0
fer0016990.png,8,1,0,0,0,0,0,1,0,0
fer0016991.png,1,9,0,0,0,0,0,0,0,0
fer0016992.png,7,1,1,0,0,0,0,0,1,0
fer0016993.png,3,0,0,4,1,0,0,2,0,0
fer0016994.png,1,2,6,0,0,0,1,0,0,0
fer0016995.png,0,10,0,0,0,0,0,0,0,0
fer0016996.png,1,0,5,1,0,0,3,0,0,0
fer0016997.png,3,5,2,0,0,0,0,0,0,0
fer0016998.png,2,0,7,0,0,0,1,0,0,0
fer0016999.png,1,9,0,0,0,0,0,0,0,0
fer0017000.png,5,0,0,4,0,0,0,1,0,0
fer0017001.png,0,10,0,0,0,0,0,0,0,0
fer0017002.png,5,5,0,0,0,0,0,0,0,0
fer0017003.png,0,0,7,0,0,0,1,1,1,0
fer0017004.png,7,0,0,1,0,1,0,0,1,0
fer0017005.png,10,0,0,0,0,0,0,0,0,0
fer0017006.png,0,0,7,0,0,0,3,0,0,0
fer0017007.png,3,0,0,3,1,1,0,0,2,0
fer0017008.png,4,0,0,0,0,1,0,4,1,0
fer0017009.png,2,0,0,7,0,0,0,0,1,0
fer0017010.png,0,0,10,0,0,0,0,0,0,0
fer0017011.png,0,0,0,5,0,0,5,0,0,0
fer0017012.png,3,5,2,0,0,0,0,0,0,0
fer0017013.png,8,1,0,0,0,0,0,1,0,0
fer0017014.png,7,0,0,1,0,0,0,0,2,0
fer0017015.png,0,0,8,0,0,0,2,0,0,0
fer0017016.png,2,0,1,2,2,1,2,0,0,0
fer0017017.png,0,7,2,0,0,0,0,0,1,0
fer0017018.png,6,0,0,3,0,0,0,0,1,0
fer0017019.png,8,0,0,1,0,0,0,0,1,0
fer0017020.png,5,0,0,1,0,0,0,3,1,0
fer0017021.png,0,10,0,0,0,0,0,0,0,0
fer0017022.png,3,0,0,6,0,1,0,0,0,0
fer0017023.png,0,0,0,10,0,0,0,0,0,0
fer0017024.png,2,0,1,0,0,0,3,2,2,0
fer0017025.png,0,9,1,0,0,0,0,0,0,0
fer0017026.png,0,10,0,0,0,0,0,0,0,0
fer0017027.png,2,6,0,1,0,0,0,0,1,0
fer0017028.png,0,0,1,4,0,0,4,0,1,0
fer0017029.png,9,0,0,0,0,0,0,0,1,0
fer0017030.png,0,2,5,0,0,0,1,0,2,0
fer0017031.png,1,0,0,8,0,0,0,0,1,0
fer0017032.png,0,10,0,0,0,0,0,0,0,0
fer0017033.png,0,10,0,0,0,0,0,0,0,0
fer0017034.png,0,6,3,0,0,1,0,0,0,0
fer0017035.png,8,0,0,0,0,0,0,1,1,0
fer0017036.png,8,0,0,2,0,0,0,0,0,0
fer0017037.png,1,1,1,4,0,0,0,1,2,0
fer0017038.png,6,0,0,4,0,0,0,0,0,0
fer0017039.png,0,10,0,0,0,0,0,0,0,0
fer0017040.png,6,3,0,0,0,0,0,0,1,0
fer0017041.png,1,0,9,0,0,0,0,0,0,0
fer0017042.png,0,10,0,0,0,0,0,0,0,0
fer0017043.png,4,0,0,0,4,0,1,0,1,0
fer0017044.png,0,0,2,6,0,0,2,0,0,0
fer0017045.png,8,0,0,1,1,0,0,0,0,0
fer0017046.png,0,10,0,0,0,0,0,0,0,0
fer0017047.png,4,0,1,4,0,0,1,0,0,0
fer0017048.png,5,0,0,4,0,0,0,0,1,0
fer0017049.png,3,0,0,6,1,0,0,0,0,0
fer0017050.png,3,0,0,2,0,1,0,0,4,0
fer0017051.png,0,10,0,0,0,0,0,0,0,0
fer0017052.png,1,0,7,0,1,0,0,0,1,0
fer0017053.png,5,0,0,3,0,0,0,1,1,0
fer0017054.png,1,0,1,2,1,0,0,0,5,0
fer0017055.png,8,0,0,1,0,0,0,0,1,0
fer0017056.png,5,0,0,2,0,1,0,1,1,0
fer0017057.png,0,8,1,0,1,0,0,0,0,0
fer0017058.png,3,0,0,4,0,0,0,1,2,0
fer0017059.png,5,0,0,5,0,0,0,0,0,0
fer0017060.png,1,0,0,5,3,0,0,0,1,0
fer0017061.png,8,0,0,1,0,1,0,0,0,0
fer0017062.png,4,0,0,5,1,0,0,0,0,0
fer0017063.png,2,0,0,5,0,0,0,3,0,0
fer0017064.png,1,1,1,0,4,0,1,1,1,0
fer0017065.png,1,0,0,7,0,0,1,0,1,0
fer0017066.png,9,0,0,1,0,0,0,0,0,0
fer0017067.png,3,0,2,4,0,0,0,0,1,0
fer0017068.png,10,0,0,0,0,0,0,0,0,0
fer0017069.png,3,0,0,0,0,0,0,7,0,0
fer0017070.png,1,9,0,0,0,0,0,0,0,0
fer0017071.png,0,1,8,0,0,0,0,1,0,0
fer0017072.png,5,0,1,3,0,0,0,0,1,0
fer0017073.png,3,0,0,5,0,0,0,0,2,0
fer0017074.png,0,0,10,0,0,0,0,0,0,0
fer0017075.png,0,10,0,0,0,0,0,0,0,0
fer0017076.png,1,0,0,5,2,1,0,1,0,0
fer0017077.png,0,0,7,0,0,0,3,0,0,0
fer0017078.png,0,10,0,0,0,0,0,0,0,0
fer0017079.png,0,10,0,0,0,0,0,0,0,0
fer0017080.png,8,0,0,1,0,0,0,0,1,0
fer0017081.png,4,0,0,6,0,0,0,0,0,0
fer0017082.png,3,0,0,0,5,1,0,0,1,0
fer0017083.png,6,0,0,4,0,0,0,0,0,0
fer0017084.png,5,4,0,0,0,0,0,0,1,0
fer0017085.png,1,0,5,0,0,0,2,0,2,0
fer0017086.png,8,0,0,2,0,0,0,0,0,0
fer0017087.png,2,0,1,6,0,0,0,0,1,0
fer0017088.png,1,0,8,0,0,0,1,0,0,0
fer0017089.png,0,0,0,9,1,0,0,0,0,0
fer0017090.png,1,0,8,0,0,0,1,0,0,0
fer0017091.png,0,0,10,0,0,0,0,0,0,0
fer0017092.png,0,0,6,0,2,1,0,0,1,0
fer0017093.png,6,0,0,1,0,0,0,0,3,0
fer0017094.png,0,10,0,0,0,0,0,0,0,0
fer0017095.png,1,9,0,0,0,0,0,0,0,0
fer0017096.png,7,0,0,2,1,0,0,0,0,0
fer0017097.png,0,10,0,0,0,0,0,0,0,0
fer0017098.png,0,10,0,0,0,0,0,0,0,0
fer0017099.png,0,0,10,0,0,0,0,0,0,0
fer0017100.png,8,0,0,0,0,0,0,1,1,0
fer0017101.png,0,0,10,0,0,0,0,0,0,0
fer0017102.png,2,0,0,8,0,0,0,0,0,0
fer0017103.png,1,8,0,0,0,0,0,0,1,0
fer0017104.png,4,0,0,4,0,0,0,0,2,0
fer0017105.png,6,3,0,0,0,0,0,0,1,0
fer0017106.png,0,2,1,1,5,0,0,0,1,0
fer0017107.png,3,1,0,5,0,0,0,1,0,0
fer0017108.png,8,0,0,0,1,1,0,0,0,0
fer0017109.png,0,0,1,0,7,0,2,0,0,0
fer0017110.png,0,1,4,0,3,0,2,0,0,0
fer0017111.png,4,0,0,6,0,0,0,0,0,0
fer0017112.png,3,0,0,7,0,0,0,0,0,0
fer0017113.png,6,0,1,0,1,0,0,0,2,0
fer0017114.png,0,10,0,0,0,0,0,0,0,0
fer0017115.png,10,0,0,0,0,0,0,0,0,0
fer0017116.png,9,0,0,0,0,0,0,0,1,0
fer0017117.png,5,0,0,3,2,0,0,0,0,0
fer0017118.png,7,0,0,1,2,0,0,0,0,0
fer0017119.png,1,0,0,0,0,0,9,0,0,0
fer0017120.png,1,0,0,0,9,0,0,0,0,0
fer0017121.png,4,2,0,0,1,2,0,0,1,0
fer0017122.png,1,8,0,0,0,0,0,0,1,0
fer0017123.png,9,0,0,1,0,0,0,0,0,0
fer0017124.png,0,10,0,0,0,0,0,0,0,0
fer0017125.png,0,8,2,0,0,0,0,0,0,0
fer0017126.png,0,1,9,0,0,0,0,0,0,0
fer0017127.png,4,0,6,0,0,0,0,0,0,0
fer0017128.png,7,0,0,3,0,0,0,0,0,0
fer0017129.png,0,6,0,1,1,0,0,0,2,0
fer0017130.png,1,0,9,0,0,0,0,0,0,0
fer0017131.png,9,0,0,1,0,0,0,0,0,0
fer0017132.png,0,0,0,0,5,1,0,1,3,0
fer0017133.png,1,0,1,1,1,0,6,0,0,0
fer0017134.png,0,0,0,0,9,0,1,0,0,0
fer0017135.png,3,0,0,5,0,0,0,1,1,0
fer0017136.png,5,0,0,5,0,0,0,0,0,0
fer0017137.png,1,9,0,0,0,0,0,0,0,0
fer0017138.png,6,0,1,0,1,1,0,1,0,0
fer0017139.png,0,0,0,0,9,0,0,0,1,0
fer0017140.png,0,10,0,0,0,0,0,0,0,0
fer0017141.png,0,10,0,0,0,0,0,0,0,0
fer0017142.png,10,0,0,0,0,0,0,0,0,0
fer0017143.png,7,0,0,0,2,0,1,0,0,0
fer0017144.png,5,0,0,2,0,0,0,1,2,0
fer0017145.png,0,0,6,1,0,0,1,0,2,0
fer0017146.png,5,0,2,1,0,1,0,1,0,0
fer0017147.png,0,8,0,0,1,0,0,0,1,0
fer0017148.png,9,0,0,1,0,0,0,0,0,0
fer0017149.png,0,6,0,1,2,0,0,0,1,0
fer0017150.png,6,1,0,3,0,0,0,0,0,0
fer0017151.png,2,0,0,7,0,0,0,0,1,0
fer0017152.png,0,0,7,0,0,0,1,1,1,0
fer0017153.png,2,0,0,7,0,0,0,0,1,0
fer0017154.png,2,0,0,5,0,0,0,0,3,0
fer0017155.png,4,0,0,3,2,0,0,0,1,0
fer0017156.png,0,8,2,0,0,0,0,0,0,0
fer0017157.png,1,1,0,0,7,0,0,0,1,0
fer0017158.png,0,0,9,0,0,0,1,0,0,0
fer0017159.png,6,0,0,1,2,0,0,0,1,0
fer0017160.png,0,10,0,0,0,0,0,0,0,0
fer0017161.png,0,8,0,1,1,0,0,0,0,0
fer0017162.png,1,3,1,0,3,0,1,0,1,0
fer0017163.png,6,0,0,3,0,0,0,0,1,0
fer0017164.png,0,1,0,1,6,0,2,0,0,0
fer0017165.png,10,0,0,0,0,0,0,0,0,0
fer0017166.png,8,0,0,0,0,0,1,1,0,0
fer0017167.png,0,0,0,10,0,0,0,0,0,0
fer0017168.png,0,1,0,9,0,0,0,0,0,0
fer0017169.png,0,10,0,0,0,0,0,0,0,0
fer0017170.png,6,0,1,3,0,0,0,0,0,0
fer0017171.png,2,0,0,0,8,0,0,0,0,0
fer0017172.png,0,10,0,0,0,0,0,0,0,0
fer0017173.png,1,9,0,0,0,0,0,0,0,0
fer0017174.png,0,8,0,1,1,0,0,0,0,0
fer0017175.png,1,0,6,0,0,1,1,0,1,0
fer0017176.png,9,0,0,0,1,0,0,0,0,0
fer0017177.png,0,10,0,0,0,0,0,0,0,0
fer0017178.png,8,0,0,2,0,0,0,0,0,0
fer0017179.png,6,0,0,3,0,0,0,1,0,0
fer0017180.png,1,0,2,0,5,1,0,0,1,0
fer0017181.png,1,0,1,0,7,0,0,0,1,0
fer0017182.png,0,10,0,0,0,0,0,0,0,0
fer0017183.png,1,0,8,0,0,0,1,0,0,0
fer0017184.png,3,0,1,3,0,0,0,2,1,0
fer0017185.png,6,0,0,4,0,0,0,0,0,0
fer0017186.png,6,2,0,0,1,0,0,0,1,0
fer0017187.png,0,10,0,0,0,0,0,0,0,0
fer0017188.png,8,0,0,1,1,0,0,0,0,0
fer0017189.png,1,0,1,1,0,0,7,0,0,0
fer0017190.png,4,0,0,5,0,0,0,1,0,0
fer0017191.png,0,0,9,0,0,0,1,0,0,0
fer0017192.png,1,0,2,0,5,0,2,0,0,0
fer0017193.png,0,10,0,0,0,0,0,0,0,0
fer0017194.png,0,10,0,0,0,0,0,0,0,0
fer0017195.png,0,10,0,0,0,0,0,0,0,0
fer0017196.png,7,0,0,0,0,0,0,1,2,0
fer0017197.png,3,0,0,4,0,0,0,1,2,0
fer0017198.png,0,0,9,0,0,1,0,0,0,0
fer0017199.png,6,0,0,2,0,0,0,0,2,0
fer0017200.png,7,0,0,1,1,0,0,0,1,0
fer0017201.png,3,0,0,7,0,0,0,0,0,0
fer0017202.png,9,0,0,1,0,0,0,0,0,0
fer0017203.png,2,7,1,0,0,0,0,0,0,0
fer0017205.png,2,0,0,0,3,0,0,2,3,0
fer0017206.png,3,0,0,6,0,0,0,0,1,0
fer0017207.png,6,0,0,3,0,0,0,0,1,0
fer0017208.png,5,0,0,4,0,0,0,0,1,0
fer0017209.png,4,0,0,1,3,0,0,0,2,0
fer0017210.png,0,0,0,10,0,0,0,0,0,0
fer0017211.png,1,0,3,0,1,0,5,0,0,0
fer0017212.png,5,0,0,1,1,1,0,0,2,0
fer0017213.png,1,0,0,2,2,4,0,0,1,0
fer0017214.png,9,0,0,1,0,0,0,0,0,0
fer0017215.png,0,0,0,0,9,0,0,0,1,0
fer0017216.png,0,10,0,0,0,0,0,0,0,0
fer0017217.png,1,9,0,0,0,0,0,0,0,0
fer0017218.png,6,0,0,4,0,0,0,0,0,0
fer0017219.png,7,0,0,1,0,0,0,0,2,0
fer0017220.png,3,0,0,0,0,0,0,7,0,0
fer0017221.png,1,8,0,0,0,0,0,0,0,1
fer0017222.png,9,0,0,1,0,0,0,0,0,0
fer0017223.png,8,0,0,1,1,0,0,0,0,0
fer0017224.png,0,0,1,1,2,0,5,0,1,0
fer0017225.png,8,1,0,0,0,0,0,1,0,0
fer0017226.png,7,0,0,1,0,0,0,1,1,0
fer0017227.png,10,0,0,0,0,0,0,0,0,0
fer0017228.png,5,0,0,4,0,1,0,0,0,0
fer0017229.png,9,0,0,1,0,0,0,0,0,0
fer0017230.png,1,0,1,0,0,1,0,4,3,0
fer0017231.png,0,10,0,0,0,0,0,0,0,0
fer0017232.png,10,0,0,0,0,0,0,0,0,0
fer0017233.png,1,0,9,0,0,0,0,0,0,0
fer0017234.png,4,0,0,4,0,0,0,0,2,0
fer0017235.png,1,0,0,1,0,0,7,0,1,0
fer0017236.png,0,0,0,10,0,0,0,0,0,0
fer0017237.png,7,0,0,2,0,0,0,0,1,0
fer0017238.png,0,2,2,3,2,0,0,0,1,0
fer0017239.png,5,0,0,1,3,0,0,1,0,0
fer0017240.png,5,0,0,3,0,0,2,0,0,0
fer0017241.png,5,0,0,4,0,0,1,0,0,0
fer0017242.png,0,0,10,0,0,0,0,0,0,0
fer0017243.png,2,0,7,0,0,0,0,0,1,0
fer0017244.png,0,7,0,0,0,0,0,1,2,0
fer0017245.png,3,1,0,1,1,3,0,1,0,0
fer0017246.png,6,0,0,1,2,0,0,0,1,0
fer0017247.png,6,0,0,2,0,0,0,0,1,1
fer0017248.png,7,0,0,3,0,0,0,0,0,0
fer0017249.png,2,1,0,0,1,2,1,2,1,0
fer0017250.png,5,0,1,2,0,1,0,0,1,0
fer0017251.png,1,0,0,0,9,0,0,0,0,0
fer0017252.png,1,2,0,0,7,0,0,0,0,0
fer0017253.png,0,10,0,0,0,0,0,0,0,0
fer0017254.png,6,0,0,3,0,0,0,0,1,0
fer0017255.png,3,0,1,3,0,0,2,0,1,0
fer0017256.png,1,9,0,0,0,0,0,0,0,0
fer0017257.png,9,0,0,1,0,0,0,0,0,0
fer0017258.png,0,9,1,0,0,0,0,0,0,0
fer0017259.png,5,0,0,4,0,1,0,0,0,0
fer0017260.png,4,0,2,2,0,0,0,0,2,0
fer0017261.png,10,0,0,0,0,0,0,0,0,0
fer0017262.png,2,0,7,0,0,0,0,0,1,0
fer0017263.png,0,9,1,0,0,0,0,0,0,0
fer0017264.png,1,0,0,0,7,0,1,0,1,0
fer0017265.png,8,0,0,2,0,0,0,0,0,0
fer0017266.png,5,0,0,2,1,1,0,0,1,0
fer0017267.png,2,0,0,5,0,0,3,0,0,0
fer0017268.png,9,1,0,0,0,0,0,0,0,0
fer0017269.png,4,0,1,0,3,1,0,0,1,0
fer0017270.png,1,0,8,0,0,0,1,0,0,0
fer0017271.png,7,0,0,1,0,0,0,0,2,0
fer0017272.png,0,9,0,1,0,0,0,0,0,0
fer0017273.png,0,10,0,0,0,0,0,0,0,0
fer0017274.png,5,0,1,0,3,0,1,0,0,0
fer0017275.png,1,0,7,0,0,0,2,0,0,0
fer0017276.png,3,0,0,0,6,1,0,0,0,0
fer0017277.png,8,0,0,2,0,0,0,0,0,0
fer0017278.png,5,0,1,3,0,0,0,1,0,0
fer0017279.png,0,10,0,0,0,0,0,0,0,0
fer0017280.png,0,0,9,0,0,0,0,0,1,0
fer0017281.png,0,0,9,0,0,0,1,0,0,0
fer0017282.png,0,2,7,0,0,0,1,0,0,0
fer0017283.png,7,0,0,2,0,0,0,0,1,0
fer0017284.png,8,0,0,1,0,0,0,1,0,0
fer0017285.png,8,0,0,0,0,0,0,0,2,0
fer0017286.png,6,3,0,0,0,0,0,1,0,0
fer0017287.png,5,0,0,3,1,0,0,1,0,0
fer0017288.png,0,1,4,0,0,0,5,0,0,0
fer0017289.png,8,0,0,0,1,0,0,0,1,0
fer0017290.png,0,10,0,0,0,0,0,0,0,0
fer0017291.png,6,2,1,0,0,0,0,0,1,0
fer0017292.png,0,10,0,0,0,0,0,0,0,0
fer0017293.png,9,0,0,0,0,0,0,0,1,0
fer0017294.png,8,0,0,2,0,0,0,0,0,0
fer0017295.png,0,10,0,0,0,0,0,0,0,0
fer0017296.png,3,0,0,4,0,0,0,1,2,0
fer0017297.png,2,0,0,3,5,0,0,0,0,0
fer0017298.png,9,0,0,1,0,0,0,0,0,0
fer0017299.png,0,10,0,0,0,0,0,0,0,0
fer0017300.png,5,1,0,4,0,0,0,0,0,0
fer0017301.png,0,1,9,0,0,0,0,0,0,0
fer0017302.png,1,0,0,5,0,4,0,0,0,0
fer0017303.png,0,10,0,0,0,0,0,0,0,0
fer0017304.png,3,6,0,0,0,0,0,0,1,0
fer0017305.png,0,2,0,0,7,1,0,0,0,0
fer0017306.png,0,10,0,0,0,0,0,0,0,0
fer0017307.png,0,1,2,1,5,0,1,0,0,0
fer0017308.png,3,0,0,0,3,1,0,0,3,0
fer0017309.png,2,0,0,6,1,0,0,0,1,0
fer0017310.png,8,1,0,0,0,0,0,0,1,0
fer0017311.png,0,0,3,0,0,0,7,0,0,0
fer0017312.png,10,0,0,0,0,0,0,0,0,0
fer0017313.png,1,0,0,9,0,0,0,0,0,0
fer0017314.png,8,0,0,1,0,0,0,1,0,0
fer0017315.png,0,0,8,1,0,0,0,0,0,1
fer0017316.png,5,0,1,2,0,0,1,0,1,0
fer0017317.png,3,2,0,1,0,0,2,0,2,0
fer0017318.png,8,0,0,1,1,0,0,0,0,0
fer0017319.png,8,0,0,2,0,0,0,0,0,0
fer0017320.png,5,5,0,0,0,0,0,0,0,0
fer0017321.png,5,0,1,3,0,0,0,0,1,0
fer0017322.png,1,0,1,8,0,0,0,0,0,0
fer0017323.png,10,0,0,0,0,0,0,0,0,0
fer0017324.png,7,0,1,1,0,0,0,0,1,0
fer0017325.png,0,10,0,0,0,0,0,0,0,0
fer0017326.png,4,0,0,5,0,0,0,0,1,0
fer0017327.png,0,10,0,0,0,0,0,0,0,0
fer0017328.png,7,0,0,3,0,0,0,0,0,0
fer0017329.png,0,9,1,0,0,0,0,0,0,0
fer0017330.png,4,0,0,2,0,0,0,4,0,0
fer0017331.png,0,0,9,0,0,0,1,0,0,0
fer0017332.png,1,8,0,0,0,0,0,0,1,0
fer0017333.png,2,7,0,0,0,0,0,1,0,0
fer0017334.png,0,10,0,0,0,0,0,0,0,0
fer0017335.png,5,0,0,5,0,0,0,0,0,0
fer0017336.png,0,10,0,0,0,0,0,0,0,0
fer0017337.png,1,0,0,0,8,0,1,0,0,0
fer0017338.png,1,1,8,0,0,0,0,0,0,0
fer0017339.png,3,7,0,0,0,0,0,0,0,0
fer0017340.png,0,0,9,0,0,0,1,0,0,0
fer0017341.png,0,10,0,0,0,0,0,0,0,0
fer0017342.png,0,10,0,0,0,0,0,0,0,0
fer0017343.png,3,0,0,3,0,0,0,0,3,1
fer0017344.png,7,0,0,1,0,0,1,0,1,0
fer0017345.png,0,0,1,9,0,0,0,0,0,0
fer0017346.png,6,0,1,0,1,0,0,1,1,0
fer0017347.png,8,1,0,0,0,0,0,0,1,0
fer0017348.png,10,0,0,0,0,0,0,0,0,0
fer0017349.png,0,0,9,0,0,0,1,0,0,0
fer0017350.png,0,10,0,0,0,0,0,0,0,0
fer0017351.png,8,0,0,2,0,0,0,0,0,0
fer0017352.png,5,1,0,0,2,0,0,0,2,0
fer0017353.png,6,0,0,3,1,0,0,0,0,0
fer0017354.png,8,0,0,0,0,0,0,0,2,0
fer0017355.png,0,10,0,0,0,0,0,0,0,0
fer0017356.png,1,9,0,0,0,0,0,0,0,0
fer0017357.png,3,1,5,0,0,0,0,0,1,0
fer0017358.png,6,1,0,0,0,0,0,2,0,1
fer0017359.png,1,9,0,0,0,0,0,0,0,0
fer0017360.png,0,9,0,0,0,0,0,0,1,0
fer0017361.png,1,2,5,1,0,0,0,0,1,0
fer0017362.png,10,0,0,0,0,0,0,0,0,0
fer0017363.png,2,0,0,5,3,0,0,0,0,0
fer0017364.png,2,0,0,6,0,0,0,0,2,0
fer0017365.png,7,0,0,1,0,0,0,0,2,0
fer0017366.png,7,1,0,0,0,0,0,1,1,0
fer0017367.png,1,9,0,0,0,0,0,0,0,0
fer0017368.png,7,0,0,3,0,0,0,0,0,0
fer0017369.png,5,0,0,1,1,0,1,1,1,0
fer0017370.png,2,8,0,0,0,0,0,0,0,0
fer0017371.png,7,0,0,1,0,0,0,0,2,0
fer0017372.png,9,0,0,1,0,0,0,0,0,0
fer0017373.png,8,0,0,1,0,0,0,1,0,0
fer0017374.png,4,0,0,6,0,0,0,0,0,0
fer0017375.png,1,0,6,0,0,0,1,0,2,0
fer0017376.png,7,2,0,0,0,0,0,0,1,0
fer0017377.png,5,2,0,0,0,0,0,3,0,0
fer0017378.png,9,0,0,1,0,0,0,0,0,0
fer0017379.png,6,0,0,1,0,0,0,3,0,0
fer0017380.png,0,0,10,0,0,0,0,0,0,0
fer0017381.png,1,0,0,8,0,0,0,0,1,0
fer0017382.png,1,0,3,3,0,0,0,0,3,0
fer0017383.png,1,0,0,8,0,0,0,0,1,0
fer0017384.png,2,0,7,0,0,0,1,0,0,0
fer0017385.png,6,0,0,1,1,0,0,1,1,0
fer0017386.png,0,0,9,0,0,0,1,0,0,0
fer0017387.png,0,0,0,10,0,0,0,0,0,0
fer0017388.png,7,1,0,0,0,0,0,0,2,0
fer0017389.png,0,10,0,0,0,0,0,0,0,0
fer0017390.png,10,0,0,0,0,0,0,0,0,0
fer0017391.png,8,0,0,2,0,0,0,0,0,0
fer0017392.png,0,0,0,9,0,0,1,0,0,0
fer0017393.png,0,0,9,0,0,0,1,0,0,0
fer0017394.png,2,0,6,0,2,0,0,0,0,0
fer0017395.png,1,1,0,0,3,3,0,2,0,0
fer0017396.png,5,0,0,1,0,0,0,1,3,0
fer0017397.png,3,0,0,5,0,0,0,2,0,0
fer0017398.png,5,0,1,1,0,0,0,0,3,0
fer0017399.png,0,0,0,9,0,0,0,0,1,0
fer0017400.png,0,10,0,0,0,0,0,0,0,0
fer0017401.png,4,0,3,0,3,0,0,0,0,0
fer0017402.png,0,0,1,0,8,0,0,0,1,0
fer0017403.png,0,0,0,1,7,2,0,0,0,0
fer0017404.png,0,0,0,0,10,0,0,0,0,0
fer0017405.png,7,1,0,0,0,0,0,0,2,0
fer0017406.png,7,0,0,1,2,0,0,0,0,0
fer0017407.png,1,0,3,0,1,0,5,0,0,0
fer0017408.png,0,0,4,1,0,0,5,0,0,0
fer0017409.png,9,0,0,1,0,0,0,0,0,0
fer0017410.png,4,0,0,3,0,1,0,2,0,0
fer0017411.png,1,9,0,0,0,0,0,0,0,0
fer0017412.png,4,0,0,5,0,0,0,0,1,0
fer0017413.png,3,0,0,6,0,0,0,0,1,0
fer0017414.png,1,0,8,0,0,0,1,0,0,0
fer0017415.png,2,8,0,0,0,0,0,0,0,0
fer0017416.png,6,0,2,1,0,0,0,0,1,0
fer0017417.png,1,0,2,2,0,0,5,0,0,0
fer0017418.png,0,10,0,0,0,0,0,0,0,0
fer0017419.png,10,0,0,0,0,0,0,0,0,0
fer0017420.png,5,0,0,2,0,0,1,1,1,0
fer0017421.png,6,0,0,1,0,0,0,1,2,0
fer0017422.png,0,10,0,0,0,0,0,0,0,0
fer0017423.png,1,6,3,0,0,0,0,0,0,0
fer0017424.png,0,0,4,0,0,0,6,0,0,0
fer0017425.png,0,1,2,1,4,0,1,1,0,0
fer0017426.png,9,0,0,0,0,0,0,0,1,0
fer0017427.png,10,0,0,0,0,0,0,0,0,0
fer0017428.png,4,4,0,0,0,0,0,1,1,0
fer0017429.png,0,10,0,0,0,0,0,0,0,0
fer0017430.png,7,0,0,3,0,0,0,0,0,0
fer0017431.png,0,0,7,0,2,0,1,0,0,0
fer0017432.png,1,0,1,0,6,1,0,0,1,0
fer0017433.png,0,10,0,0,0,0,0,0,0,0
fer0017434.png,0,10,0,0,0,0,0,0,0,0
fer0017435.png,0,0,0,9,0,0,0,1,0,0
fer0017436.png,0,10,0,0,0,0,0,0,0,0
fer0017437.png,1,9,0,0,0,0,0,0,0,0
fer0017438.png,0,8,0,0,0,1,0,0,1,0
fer0017439.png,2,0,0,3,0,2,1,0,2,0
fer0017440.png,0,9,0,0,0,0,0,0,1,0
fer0017441.png,0,10,0,0,0,0,0,0,0,0
fer0017442.png,9,0,0,1,0,0,0,0,0,0
fer0017443.png,7,0,0,2,0,1,0,0,0,0
fer0017444.png,3,6,0,0,0,1,0,0,0,0
fer0017445.png,0,0,10,0,0,0,0,0,0,0
fer0017446.png,10,0,0,0,0,0,0,0,0,0
fer0017447.png,2,8,0,0,0,0,0,0,0,0
fer0017448.png,8,0,0,0,0,0,0,1,1,0
fer0017449.png,1,0,1,0,6,0,1,0,1,0
fer0017450.png,2,0,0,3,0,0,0,1,4,0
fer0017451.png,0,10,0,0,0,0,0,0,0,0
fer0017452.png,4,0,0,6,0,0,0,0,0,0
fer0017453.png,4,0,0,2,3,0,0,0,1,0
fer0017454.png,6,0,0,3,0,0,0,0,1,0
fer0017455.png,0,0,0,0,10,0,0,0,0,0
fer0017456.png,1,0,0,8,0,1,0,0,0,0
fer0017457.png,7,0,0,2,0,0,0,0,1,0
fer0017458.png,1,0,0,4,4,1,0,0,0,0
fer0017459.png,2,8,0,0,0,0,0,0,0,0
fer0017460.png,0,9,0,1,0,0,0,0,0,0
fer0017461.png,0,0,0,6,1,1,0,1,1,0
fer0017462.png,0,0,2,0,6,0,1,0,1,0
fer0017463.png,0,10,0,0,0,0,0,0,0,0
fer0017464.png,5,0,0,5,0,0,0,0,0,0
fer0017465.png,2,0,8,0,0,0,0,0,0,0
fer0017466.png,9,0,0,0,0,0,0,1,0,0
fer0017467.png,0,0,10,0,0,0,0,0,0,0
fer0017468.png,0,0,3,1,0,3,3,0,0,0
fer0017469.png,2,0,0,3,0,0,0,5,0,0
fer0017470.png,0,0,9,0,1,0,0,0,0,0
fer0017471.png,3,0,0,3,0,0,1,1,2,0
fer0017472.png,0,0,10,0,0,0,0,0,0,0
fer0017473.png,0,0,0,9,1,0,0,0,0,0
fer0017474.png,0,0,0,7,1,0,1,0,1,0
fer0017475.png,0,0,0,10,0,0,0,0,0,0
fer0017476.png,8,0,0,2,0,0,0,0,0,0
fer0017477.png,0,10,0,0,0,0,0,0,0,0
fer0017478.png,0,10,0,0,0,0,0,0,0,0
fer0017479.png,4,0,0,3,0,0,0,1,2,0
fer0017480.png,0,0,1,0,8,0,0,0,1,0
fer0017481.png,1,0,1,6,1,0,1,0,0,0
fer0017482.png,0,9,0,0,0,0,0,1,0,0
fer0017483.png,0,10,0,0,0,0,0,0,0,0
fer0017484.png,1,0,0,2,0,5,0,0,2,0
fer0017485.png,10,0,0,0,0,0,0,0,0,0
fer0017486.png,6,0,0,4,0,0,0,0,0,0
fer0017487.png,1,9,0,0,0,0,0,0,0,0
fer0017488.png,0,10,0,0,0,0,0,0,0,0
fer0017489.png,0,0,0,0,9,1,0,0,0,0
fer0017490.png,0,3,6,0,0,0,0,0,1,0
fer0017491.png,7,1,0,1,0,0,0,0,1,0
fer0017492.png,0,9,0,0,0,0,0,0,1,0
fer0017493.png,1,0,8,0,0,0,1,0,0,0
fer0017494.png,4,6,0,0,0,0,0,0,0,0
fer0017495.png,1,8,1,0,0,0,0,0,0,0
fer0017496.png,0,10,0,0,0,0,0,0,0,0
fer0017497.png,1,3,3,2,0,0,0,0,1,0
fer0017498.png,7,0,0,2,0,0,0,1,0,0
fer0017499.png,0,9,0,0,0,0,0,0,1,0
fer0017500.png,0,10,0,0,0,0,0,0,0,0
fer0017501.png,1,0,0,3,1,1,0,4,0,0
fer0017502.png,9,0,0,1,0,0,0,0,0,0
fer0017503.png,7,0,0,3,0,0,0,0,0,0
fer0017504.png,0,9,0,0,0,0,0,1,0,0
fer0017505.png,0,10,0,0,0,0,0,0,0,0
fer0017506.png,0,10,0,0,0,0,0,0,0,0
fer0017507.png,1,9,0,0,0,0,0,0,0,0
fer0017508.png,8,1,0,0,0,0,0,0,1,0
fer0017509.png,0,8,2,0,0,0,0,0,0,0
fer0017510.png,0,10,0,0,0,0,0,0,0,0
fer0017511.png,0,0,0,8,0,0,0,0,2,0
fer0017512.png,10,0,0,0,0,0,0,0,0,0
fer0017513.png,7,1,0,1,0,0,0,0,1,0
fer0017514.png,4,0,1,3,0,0,2,0,0,0
fer0017515.png,1,2,7,0,0,0,0,0,0,0
fer0017516.png,9,0,0,0,0,0,0,0,1,0
fer0017517.png,6,0,3,0,0,0,0,1,0,0
fer0017518.png,6,0,0,3,0,0,0,0,1,0
fer0017519.png,1,0,1,0,5,2,0,0,1,0
fer0017520.png,8,0,0,1,1,0,0,0,0,0
fer0017521.png,0,0,0,9,1,0,0,0,0,0
fer0017522.png,7,0,0,1,1,0,0,0,1,0
fer0017523.png,7,0,1,2,0,0,0,0,0,0
fer0017524.png,0,0,0,5,4,1,0,0,0,0
fer0017525.png,3,0,0,4,0,0,0,0,3,0
fer0017526.png,6,0,3,1,0,0,0,0,0,0
fer0017527.png,2,0,0,6,0,0,0,2,0,0
fer0017528.png,4,1,1,2,0,0,0,0,2,0
fer0017529.png,0,10,0,0,0,0,0,0,0,0
fer0017530.png,9,0,0,1,0,0,0,0,0,0
fer0017531.png,6,2,1,0,0,0,0,1,0,0
fer0017532.png,0,10,0,0,0,0,0,0,0,0
fer0017533.png,0,10,0,0,0,0,0,0,0,0
fer0017534.png,10,0,0,0,0,0,0,0,0,0
fer0017535.png,8,0,0,0,0,0,0,1,1,0
fer0017536.png,1,0,0,9,0,0,0,0,0,0
fer0017537.png,0,1,9,0,0,0,0,0,0,0
fer0017538.png,8,0,0,2,0,0,0,0,0,0
fer0017539.png,0,0,8,1,0,0,1,0,0,0
fer0017540.png,0,0,7,0,0,0,3,0,0,0
fer0017541.png,0,10,0,0,0,0,0,0,0,0
fer0017542.png,0,0,0,6,4,0,0,0,0,0
fer0017543.png,6,0,3,0,0,0,0,0,1,0
fer0017544.png,3,1,0,0,2,1,0,0,3,0
fer0017545.png,5,4,0,0,0,0,0,0,1,0
fer0017546.png,0,0,7,0,0,0,3,0,0,0
fer0017547.png,0,0,9,0,0,0,0,0,1,0
fer0017548.png,0,10,0,0,0,0,0,0,0,0
fer0017549.png,7,0,0,3,0,0,0,0,0,0
fer0017550.png,7,0,0,2,0,0,0,0,1,0
fer0017551.png,5,0,0,2,0,0,0,1,2,0
fer0017552.png,0,0,7,1,0,0,2,0,0,0
fer0017553.png,0,4,0,0,4,1,1,0,0,0
fer0017554.png,3,0,1,2,2,0,1,0,1,0
fer0017555.png,5,0,0,3,0,0,0,1,1,0
fer0017556.png,0,0,2,0,6,0,0,0,2,0
fer0017557.png,3,7,0,0,0,0,0,0,0,0
fer0017558.png,0,9,1,0,0,0,0,0,0,0
fer0017559.png,0,0,5,0,1,0,4,0,0,0
fer0017560.png,4,0,0,3,0,0,0,1,2,0
fer0017561.png,0,10,0,0,0,0,0,0,0,0
fer0017562.png,0,10,0,0,0,0,0,0,0,0
fer0017563.png,2,0,8,0,0,0,0,0,0,0
fer0017564.png,0,1,3,0,0,0,6,0,0,0
fer0017565.png,0,10,0,0,0,0,0,0,0,0
fer0017566.png,1,0,9,0,0,0,0,0,0,0
fer0017567.png,0,0,8,0,0,1,1,0,0,0
fer0017568.png,8,0,0,2,0,0,0,0,0,0
fer0017569.png,8,0,0,1,0,0,0,0,1,0
fer0017570.png,0,10,0,0,0,0,0,0,0,0
fer0017571.png,6,0,0,4,0,0,0,0,0,0
fer0017572.png,1,0,9,0,0,0,0,0,0,0
fer0017573.png,0,10,0,0,0,0,0,0,0,0
fer0017574.png,1,0,0,4,0,1,0,0,4,0
fer0017575.png,0,9,0,0,0,0,1,0,0,0
fer0017576.png,0,9,0,0,0,1,0,0,0,0
fer0017577.png,1,0,1,6,0,0,1,0,0,1
fer0017578.png,8,0,0,2,0,0,0,0,0,0
fer0017579.png,0,0,1,7,1,0,1,0,0,0
fer0017580.png,5,0,0,4,0,0,0,1,0,0
fer0017581.png,7,0,0,0,0,0,0,3,0,0
fer0017582.png,0,0,10,0,0,0,0,0,0,0
fer0017583.png,0,0,1,0,1,1,6,0,1,0
fer0017584.png,3,0,0,4,0,0,0,0,3,0
fer0017585.png,7,0,0,2,1,0,0,0,0,0
fer0017586.png,8,0,1,0,0,0,0,0,1,0
fer0017587.png,8,0,0,1,1,0,0,0,0,0
fer0017588.png,0,10,0,0,0,0,0,0,0,0
fer0017589.png,0,0,7,0,1,0,1,0,1,0
fer0017590.png,0,0,7,0,0,0,1,0,2,0
fer0017591.png,8,0,1,1,0,0,0,0,0,0
fer0017592.png,1,7,0,1,0,0,0,0,1,0
fer0017593.png,5,0,4,0,0,1,0,0,0,0
fer0017594.png,8,0,0,0,1,0,0,1,0,0
fer0017595.png,5,0,0,2,0,0,0,0,3,0
fer0017596.png,0,10,0,0,0,0,0,0,0,0
fer0017597.png,9,0,0,1,0,0,0,0,0,0
fer0017598.png,2,0,0,0,0,0,7,0,1,0
fer0017599.png,1,0,0,0,7,0,2,0,0,0
fer0017600.png,0,10,0,0,0,0,0,0,0,0
fer0017601.png,2,8,0,0,0,0,0,0,0,0
fer0017602.png,0,0,0,0,10,0,0,0,0,0
fer0017603.png,6,0,0,2,0,0,0,0,2,0
fer0017604.png,1,7,0,1,0,0,0,1,0,0
fer0017605.png,3,4,0,2,0,0,0,1,0,0
fer0017606.png,1,9,0,0,0,0,0,0,0,0
fer0017607.png,0,10,0,0,0,0,0,0,0,0
fer0017608.png,0,9,0,0,0,0,1,0,0,0
fer0017609.png,0,10,0,0,0,0,0,0,0,0
fer0017610.png,1,3,0,4,0,0,0,0,2,0
fer0017611.png,9,0,0,1,0,0,0,0,0,0
fer0017612.png,0,7,2,0,0,0,0,0,1,0
fer0017613.png,0,10,0,0,0,0,0,0,0,0
fer0017614.png,8,0,0,0,0,0,0,0,2,0
fer0017615.png,0,0,1,0,0,1,7,0,1,0
fer0017616.png,0,0,0,9,0,1,0,0,0,0
fer0017617.png,1,0,1,2,0,0,1,3,2,0
fer0017618.png,10,0,0,0,0,0,0,0,0,0
fer0017619.png,1,9,0,0,0,0,0,0,0,0
fer0017620.png,1,0,3,0,5,0,1,0,0,0
fer0017621.png,4,0,0,3,1,0,0,1,1,0
fer0017622.png,0,10,0,0,0,0,0,0,0,0
fer0017623.png,3,0,0,5,0,0,0,0,2,0
fer0017624.png,0,10,0,0,0,0,0,0,0,0
fer0017625.png,0,10,0,0,0,0,0,0,0,0
fer0017626.png,0,0,9,0,0,0,1,0,0,0
fer0017627.png,7,0,0,1,0,1,0,0,1,0
fer0017628.png,6,1,0,1,0,2,0,0,0,0
fer0017629.png,2,0,6,0,0,0,2,0,0,0
fer0017630.png,6,0,0,3,0,0,0,0,0,1
fer0017631.png,1,0,0,0,6,3,0,0,0,0
fer0017632.png,9,0,0,1,0,0,0,0,0,0
fer0017633.png,0,0,0,10,0,0,0,0,0,0
fer0017634.png,0,10,0,0,0,0,0,0,0,0
fer0017635.png,2,8,0,0,0,0,0,0,0,0
fer0017636.png,0,10,0,0,0,0,0,0,0,0
fer0017637.png,1,0,0,0,2,1,5,0,1,0
fer0017638.png,7,0,0,0,2,0,0,0,1,0
fer0017639.png,0,10,0,0,0,0,0,0,0,0
fer0017640.png,1,6,1,0,1,0,0,0,1,0
fer0017641.png,0,10,0,0,0,0,0,0,0,0
fer0017642.png,4,4,0,0,0,0,0,0,2,0
fer0017643.png,0,0,6,1,0,0,2,0,1,0
fer0017644.png,0,9,0,1,0,0,0,0,0,0
fer0017645.png,0,0,10,0,0,0,0,0,0,0
fer0017646.png,0,10,0,0,0,0,0,0,0,0
fer0017647.png,10,0,0,0,0,0,0,0,0,0
fer0017648.png,4,0,0,3,0,1,0,0,2,0
fer0017649.png,4,0,0,5,0,0,0,1,0,0
fer0017650.png,0,10,0,0,0,0,0,0,0,0
fer0017651.png,7,0,0,3,0,0,0,0,0,0
fer0017652.png,1,0,0,0,9,0,0,0,0,0
fer0017653.png,8,0,0,2,0,0,0,0,0,0
fer0017654.png,9,1,0,0,0,0,0,0,0,0
fer0017655.png,1,0,0,2,0,0,5,0,2,0
fer0017656.png,2,6,0,0,0,0,0,1,1,0
fer0017657.png,0,0,2,0,7,0,1,0,0,0
fer0017658.png,0,0,6,0,0,0,4,0,0,0
fer0017659.png,5,0,1,2,0,0,0,0,2,0
fer0017660.png,1,0,3,0,4,1,0,1,0,0
fer0017661.png,0,0,0,0,9,0,0,0,1,0
fer0017662.png,0,1,1,0,6,0,1,0,1,0
fer0017663.png,0,9,1,0,0,0,0,0,0,0
fer0017664.png,7,0,0,2,1,0,0,0,0,0
fer0017665.png,8,0,0,2,0,0,0,0,0,0
fer0017666.png,9,0,0,0,0,0,1,0,0,0
fer0017667.png,1,9,0,0,0,0,0,0,0,0
fer0017668.png,2,0,4,1,2,1,0,0,0,0
fer0017669.png,0,0,0,8,2,0,0,0,0,0
fer0017670.png,0,9,0,0,1,0,0,0,0,0
fer0017671.png,1,0,0,7,0,2,0,0,0,0
fer0017672.png,0,10,0,0,0,0,0,0,0,0
fer0017673.png,3,0,5,0,1,0,0,0,1,0
fer0017674.png,0,10,0,0,0,0,0,0,0,0
fer0017675.png,1,0,0,0,8,0,0,0,1,0
fer0017676.png,4,0,0,6,0,0,0,0,0,0
fer0017677.png,0,9,0,0,0,0,0,1,0,0
fer0017678.png,3,0,3,2,0,0,0,0,2,0
fer0017679.png,4,0,0,6,0,0,0,0,0,0
fer0017680.png,0,10,0,0,0,0,0,0,0,0
fer0017681.png,2,2,0,0,5,0,0,0,1,0
fer0017682.png,6,0,0,4,0,0,0,0,0,0
fer0017683.png,1,0,0,0,7,1,0,1,0,0
fer0017684.png,1,0,8,0,0,0,1,0,0,0
fer0017685.png,0,0,4,0,5,0,1,0,0,0
fer0017686.png,0,0,2,0,5,0,1,0,2,0
fer0017687.png,0,4,1,0,3,2,0,0,0,0
fer0017688.png,5,0,0,0,4,0,0,0,1,0
fer0017689.png,6,0,0,2,1,0,0,0,1,0
fer0017690.png,0,0,7,0,0,0,2,0,1,0
fer0017691.png,10,0,0,0,0,0,0,0,0,0
fer0017692.png,0,10,0,0,0,0,0,0,0,0
fer0017693.png,1,9,0,0,0,0,0,0,0,0
fer0017694.png,1,0,0,4,0,0,0,0,5,0
fer0017695.png,0,10,0,0,0,0,0,0,0,0
fer0017696.png,4,0,0,4,1,0,0,1,0,0
fer0017697.png,0,0,0,10,0,0,0,0,0,0
fer0017698.png,4,0,0,5,1,0,0,0,0,0
fer0017699.png,3,0,0,7,0,0,0,0,0,0
fer0017700.png,2,0,0,3,1,3,0,0,1,0
fer0017701.png,8,1,0,0,0,0,0,0,1,0
fer0017702.png,0,10,0,0,0,0,0,0,0,0
fer0017703.png,7,0,0,2,0,0,0,0,1,0
fer0017704.png,7,1,0,2,0,0,0,0,0,0
fer0017705.png,0,10,0,0,0,0,0,0,0,0
fer0017706.png,7,0,0,0,2,0,0,0,1,0
fer0017707.png,0,10,0,0,0,0,0,0,0,0
fer0017708.png,5,0,0,0,0,4,0,1,0,0
fer0017709.png,10,0,0,0,0,0,0,0,0,0
fer0017710.png,10,0,0,0,0,0,0,0,0,0
fer0017711.png,0,0,9,0,0,1,0,0,0,0
fer0017712.png,0,0,2,2,0,0,6,0,0,0
fer0017713.png,10,0,0,0,0,0,0,0,0,0
fer0017714.png,8,0,0,0,1,0,0,0,1,0
fer0017715.png,2,0,0,0,0,0,0,6,2,0
fer0017716.png,7,0,0,3,0,0,0,0,0,0
fer0017717.png,2,0,7,0,0,0,1,0,0,0
fer0017718.png,1,1,0,6,1,0,0,1,0,0
fer0017719.png,4,0,0,4,0,0,0,1,1,0
fer0017720.png,6,0,0,0,4,0,0,0,0,0
fer0017721.png,8,1,0,0,0,0,0,1,0,0
fer0017722.png,0,10,0,0,0,0,0,0,0,0
fer0017723.png,3,0,0,2,1,4,0,0,0,0
fer0017724.png,0,10,0,0,0,0,0,0,0,0
fer0017725.png,3,0,0,6,1,0,0,0,0,0
fer0017726.png,2,0,0,0,7,1,0,0,0,0
fer0017727.png,0,0,0,10,0,0,0,0,0,0
fer0017728.png,0,0,3,1,0,0,5,0,1,0
fer0017729.png,6,0,0,3,0,0,0,0,1,0
fer0017730.png,0,10,0,0,0,0,0,0,0,0
fer0017731.png,0,10,0,0,0,0,0,0,0,0
fer0017732.png,1,2,7,0,0,0,0,0,0,0
fer0017733.png,0,4,2,1,2,0,0,0,1,0
fer0017734.png,0,0,10,0,0,0,0,0,0,0
fer0017735.png,6,0,0,3,0,0,0,0,1,0
fer0017736.png,7,0,0,2,0,0,0,0,1,0
fer0017737.png,0,0,1,0,9,0,0,0,0,0
fer0017738.png,0,0,0,10,0,0,0,0,0,0
fer0017739.png,7,0,0,0,1,0,0,0,2,0
fer0017740.png,8,0,0,2,0,0,0,0,0,0
fer0017741.png,0,10,0,0,0,0,0,0,0,0
fer0017742.png,8,0,0,0,0,1,0,0,1,0
fer0017743.png,0,0,6,1,2,0,1,0,0,0
fer0017744.png,8,0,0,0,0,0,0,1,1,0
fer0017745.png,2,0,0,0,0,0,6,2,0,0
fer0017746.png,10,0,0,0,0,0,0,0,0,0
fer0017747.png,2,0,0,3,0,1,0,3,1,0
fer0017748.png,2,1,3,0,3,0,0,0,1,0
fer0017749.png,0,0,3,0,6,0,0,0,1,0
fer0017750.png,10,0,0,0,0,0,0,0,0,0
fer0017751.png,0,10,0,0,0,0,0,0,0,0
fer0017752.png,4,0,0,4,1,0,0,0,1,0
fer0017753.png,2,0,0,0,5,1,1,0,1,0
fer0017754.png,6,2,0,0,0,0,0,1,1,0
fer0017755.png,2,7,0,1,0,0,0,0,0,0
fer0017756.png,0,10,0,0,0,0,0,0,0,0
fer0017757.png,0,9,1,0,0,0,0,0,0,0
fer0017758.png,1,1,8,0,0,0,0,0,0,0
fer0017759.png,3,0,0,0,4,1,0,1,1,0
fer0017760.png,0,0,2,0,6,1,0,0,1,0
fer0017761.png,1,1,0,2,0,1,5,0,0,0
fer0017762.png,6,0,0,1,3,0,0,0,0,0
fer0017763.png,2,0,0,0,4,3,1,0,0,0
fer0017764.png,9,0,0,1,0,0,0,0,0,0
fer0017765.png,3,0,1,0,4,0,1,0,1,0
fer0017766.png,0,10,0,0,0,0,0,0,0,0
fer0017767.png,8,0,0,2,0,0,0,0,0,0
fer0017768.png,1,1,0,7,0,0,0,0,1,0
fer0017769.png,7,0,0,1,0,0,0,0,2,0
fer0017770.png,6,0,0,3,0,0,0,0,1,0
fer0017771.png,0,9,1,0,0,0,0,0,0,0
fer0017772.png,2,8,0,0,0,0,0,0,0,0
fer0017773.png,0,10,0,0,0,0,0,0,0,0
fer0017774.png,8,0,0,0,1,0,0,1,0,0
fer0017775.png,0,0,1,0,9,0,0,0,0,0
fer0017776.png,3,0,0,1,0,1,0,2,3,0
fer0017777.png,1,0,6,0,1,0,2,0,0,0
fer0017778.png,5,0,1,1,0,0,0,1,2,0
fer0017779.png,0,10,0,0,0,0,0,0,0,0
fer0017780.png,10,0,0,0,0,0,0,0,0,0
fer0017781.png,0,1,1,0,5,0,1,0,2,0
fer0017782.png,0,0,0,10,0,0,0,0,0,0
fer0017783.png,0,1,6,0,0,0,3,0,0,0
fer0017784.png,8,0,0,2,0,0,0,0,0,0
fer0017785.png,0,10,0,0,0,0,0,0,0,0
fer0017786.png,2,3,0,2,1,0,0,1,1,0
fer0017787.png,2,0,0,1,6,1,0,0,0,0
fer0017788.png,2,6,0,0,0,0,0,1,1,0
fer0017789.png,10,0,0,0,0,0,0,0,0,0
fer0017790.png,9,0,0,0,0,0,0,0,1,0
fer0017791.png,0,0,0,10,0,0,0,0,0,0
fer0017792.png,0,0,10,0,0,0,0,0,0,0
fer0017793.png,0,0,0,10,0,0,0,0,0,0
fer0017794.png,8,0,0,1,0,0,0,0,1,0
fer0017795.png,6,4,0,0,0,0,0,0,0,0
fer0017796.png,6,0,0,4,0,0,0,0,0,0
fer0017797.png,0,0,10,0,0,0,0,0,0,0
fer0017798.png,10,0,0,0,0,0,0,0,0,0
fer0017799.png,0,4,0,2,4,0,0,0,0,0
fer0017800.png,3,0,0,2,0,0,4,0,1,0
fer0017801.png,8,0,0,1,0,0,0,0,1,0
fer0017802.png,0,0,1,0,0,0,8,0,1,0
fer0017803.png,7,0,0,3,0,0,0,0,0,0
fer0017804.png,2,0,0,1,2,3,0,1,1,0
fer0017805.png,1,0,0,5,2,0,0,0,2,0
fer0017806.png,2,0,0,0,4,0,0,1,3,0
fer0017807.png,4,6,0,0,0,0,0,0,0,0
fer0017808.png,0,0,0,0,9,0,0,0,1,0
fer0017809.png,1,0,1,7,0,0,0,0,1,0
fer0017810.png,9,0,0,1,0,0,0,0,0,0
fer0017811.png,0,0,1,2,5,0,0,0,2,0
fer0017812.png,0,0,0,0,10,0,0,0,0,0
fer0017813.png,8,2,0,0,0,0,0,0,0,0
fer0017814.png,3,0,0,7,0,0,0,0,0,0
fer0017815.png,3,0,4,1,1,0,1,0,0,0
fer0017816.png,0,0,0,8,0,0,0,0,2,0
fer0017817.png,3,0,0,0,7,0,0,0,0,0
fer0017818.png,0,10,0,0,0,0,0,0,0,0
fer0017819.png,0,10,0,0,0,0,0,0,0,0
fer0017820.png,0,1,0,0,5,2,0,0,2,0
fer0017821.png,1,0,0,9,0,0,0,0,0,0
fer0017822.png,1,0,4,5,0,0,0,0,0,0
fer0017823.png,0,10,0,0,0,0,0,0,0,0
fer0017824.png,0,10,0,0,0,0,0,0,0,0
fer0017825.png,2,0,0,6,2,0,0,0,0,0
fer0017826.png,5,0,0,2,3,0,0,0,0,0
fer0017827.png,1,0,1,0,0,0,8,0,0,0
fer0017828.png,1,9,0,0,0,0,0,0,0,0
fer0017829.png,8,0,0,1,0,0,0,0,1,0
fer0017830.png,10,0,0,0,0,0,0,0,0,0
fer0017831.png,0,0,8,0,0,0,1,0,0,1
fer0017832.png,1,9,0,0,0,0,0,0,0,0
fer0017833.png,2,0,3,0,3,0,2,0,0,0
fer0017834.png,0,9,1,0,0,0,0,0,0,0
fer0017835.png,9,0,0,0,0,0,0,0,1,0
fer0017836.png,7,0,0,3,0,0,0,0,0,0
fer0017837.png,8,0,0,0,0,0,1,0,1,0
fer0017838.png,6,2,0,1,0,0,0,0,1,0
fer0017839.png,3,0,0,3,0,1,0,0,3,0
fer0017840.png,2,0,0,8,0,0,0,0,0,0
fer0017841.png,9,0,0,0,0,0,0,1,0,0
fer0017842.png,1,0,4,1,0,0,3,0,1,0
fer0017843.png,0,1,0,0,3,0,4,0,2,0
fer0017844.png,1,0,1,1,0,0,7,0,0,0
fer0017845.png,8,0,0,1,0,0,0,1,0,0
fer0017846.png,1,1,8,0,0,0,0,0,0,0
fer0017847.png,0,6,0,1,0,0,1,0,2,0
fer0017848.png,7,0,0,1,0,0,0,0,2,0
fer0017849.png,0,10,0,0,0,0,0,0,0,0
fer0017850.png,10,0,0,0,0,0,0,0,0,0
fer0017851.png,6,4,0,0,0,0,0,0,0,0
fer0017852.png,0,0,7,0,1,1,1,0,0,0
fer0017853.png,1,0,5,0,0,0,4,0,0,0
fer0017854.png,9,0,0,0,0,0,0,0,1,0
fer0017855.png,0,5,2,0,3,0,0,0,0,0
fer0017856.png,0,9,0,0,0,0,1,0,0,0
fer0017857.png,1,8,0,1,0,0,0,0,0,0
fer0017858.png,4,0,2,2,0,0,0,0,2,0
fer0017859.png,0,10,0,0,0,0,0,0,0,0
fer0017860.png,0,10,0,0,0,0,0,0,0,0
fer0017861.png,7,0,0,2,0,0,0,1,0,0
fer0017862.png,1,3,1,0,4,1,0,0,0,0
fer0017863.png,0,10,0,0,0,0,0,0,0,0
fer0017864.png,6,0,0,2,0,0,0,0,2,0
fer0017865.png,2,0,0,8,0,0,0,0,0,0
fer0017866.png,4,0,0,5,0,0,0,0,1,0
fer0017867.png,0,0,6,0,0,0,3,0,1,0
fer0017868.png,0,10,0,0,0,0,0,0,0,0
fer0017869.png,3,7,0,0,0,0,0,0,0,0
fer0017870.png,9,0,0,0,0,0,0,1,0,0
fer0017871.png,2,0,7,0,0,0,0,0,1,0
fer0017872.png,7,0,0,0,0,0,1,0,2,0
fer0017873.png,0,0,10,0,0,0,0,0,0,0
fer0017874.png,10,0,0,0,0,0,0,0,0,0
fer0017875.png,7,0,0,0,0,0,0,0,3,0
fer0017876.png,0,10,0,0,0,0,0,0,0,0
fer0017877.png,0,10,0,0,0,0,0,0,0,0
fer0017878.png,0,1,0,0,8,1,0,0,0,0
fer0017879.png,1,0,0,7,0,0,1,0,1,0
fer0017880.png,0,7,2,0,0,0,1,0,0,0
fer0017881.png,10,0,0,0,0,0,0,0,0,0
fer0017882.png,0,0,8,0,0,0,2,0,0,0
fer0017883.png,6,1,0,0,0,0,0,1,2,0
fer0017884.png,3,0,3,0,1,0,0,1,2,0
fer0017885.png,8,0,0,2,0,0,0,0,0,0
fer0017886.png,1,0,4,1,1,0,1,1,1,0
fer0017887.png,10,0,0,0,0,0,0,0,0,0
fer0017888.png,0,10,0,0,0,0,0,0,0,0
fer0017889.png,1,3,6,0,0,0,0,0,0,0
fer0017890.png,0,0,9,0,0,0,1,0,0,0
fer0017891.png,0,0,0,0,9,0,0,0,1,0
fer0017892.png,2,0,1,3,1,0,0,0,3,0
fer0017893.png,2,0,6,0,1,0,1,0,0,0
fer0017894.png,0,10,0,0,0,0,0,0,0,0
fer0017895.png,6,0,0,2,0,0,0,1,1,0
fer0017896.png,0,0,9,0,0,0,1,0,0,0
fer0017897.png,3,1,0,0,3,2,0,0,1,0
fer0017898.png,6,0,1,0,3,0,0,0,0,0
fer0017900.png,1,9,0,0,0,0,0,0,0,0
fer0017901.png,1,9,0,0,0,0,0,0,0,0
fer0017902.png,0,9,0,0,0,1,0,0,0,0
fer0017903.png,6,0,0,3,0,0,0,0,1,0
fer0017904.png,4,0,5,0,0,0,0,0,1,0
fer0017905.png,5,0,0,3,1,1,0,0,0,0
fer0017906.png,4,4,0,2,0,0,0,0,0,0
fer0017907.png,0,0,2,0,8,0,0,0,0,0
fer0017908.png,7,0,0,1,0,2,0,0,0,0
fer0017909.png,1,9,0,0,0,0,0,0,0,0
fer0017910.png,4,0,1,2,1,1,0,1,0,0
fer0017911.png,0,0,6,0,0,0,4,0,0,0
fer0017912.png,5,4,0,0,0,0,0,1,0,0
fer0017913.png,5,0,3,0,0,0,2,0,0,0
fer0017914.png,0,10,0,0,0,0,0,0,0,0
fer0017915.png,0,10,0,0,0,0,0,0,0,0
fer0017916.png,1,0,0,0,5,3,0,1,0,0
fer0017917.png,0,10,0,0,0,0,0,0,0,0
fer0017918.png,8,0,0,1,0,0,0,0,1,0
fer0017919.png,1,0,0,8,0,0,0,0,1,0
fer0017920.png,5,4,0,0,0,0,0,1,0,0
fer0017921.png,2,0,0,3,1,0,4,0,0,0
fer0017922.png,0,10,0,0,0,0,0,0,0,0
fer0017923.png,1,0,0,5,3,0,0,1,0,0
fer0017924.png,0,10,0,0,0,0,0,0,0,0
fer0017925.png,9,0,0,0,0,0,0,0,1,0
fer0017926.png,10,0,0,0,0,0,0,0,0,0
fer0017927.png,8,0,0,1,0,0,0,0,1,0
fer0017928.png,4,0,0,4,0,0,0,0,2,0
fer0017929.png,6,0,0,3,0,0,0,1,0,0
fer0017930.png,4,0,0,3,2,0,0,1,0,0
fer0017931.png,2,0,0,7,0,0,1,0,0,0
fer0017932.png,6,1,2,0,0,0,0,0,1,0
fer0017933.png,5,0,0,3,0,0,0,1,1,0
fer0017934.png,1,8,0,0,0,0,0,0,1,0
fer0017935.png,0,4,6,0,0,0,0,0,0,0
fer0017936.png,0,0,0,1,6,2,0,0,1,0
fer0017937.png,7,0,0,0,0,1,0,1,1,0
fer0017938.png,9,0,0,0,0,0,0,0,1,0
fer0017939.png,0,9,1,0,0,0,0,0,0,0
fer0017940.png,2,0,0,2,2,0,0,3,1,0
fer0017941.png,2,0,0,7,0,0,0,0,1,0
fer0017942.png,0,10,0,0,0,0,0,0,0,0
fer0017943.png,1,0,0,5,0,1,2,0,1,0
fer0017944.png,0,0,9,0,0,0,1,0,0,0
fer0017945.png,9,0,0,1,0,0,0,0,0,0
fer0017946.png,0,0,0,0,1,9,0,0,0,0
fer0017947.png,1,0,0,9,0,0,0,0,0,0
fer0017948.png,0,10,0,0,0,0,0,0,0,0
fer0017949.png,0,10,0,0,0,0,0,0,0,0
fer0017950.png,0,0,0,0,10,0,0,0,0,0
fer0017951.png,4,0,2,0,3,0,0,0,1,0
fer0017952.png,1,0,0,0,7,0,0,0,2,0
fer0017953.png,5,0,0,1,3,1,0,0,0,0
fer0017954.png,0,9,0,0,0,0,0,1,0,0
fer0017955.png,0,0,0,10,0,0,0,0,0,0
fer0017956.png,1,0,9,0,0,0,0,0,0,0
fer0017957.png,7,0,0,3,0,0,0,0,0,0
fer0017958.png,0,0,1,0,1,0,6,0,2,0
fer0017959.png,0,0,0,9,1,0,0,0,0,0
fer0017960.png,2,0,0,0,5,2,0,0,1,0
fer0017961.png,0,0,0,10,0,0,0,0,0,0
fer0017962.png,4,0,1,2,0,0,0,1,2,0
fer0017963.png,3,0,0,2,0,1,0,1,3,0
fer0017965.png,10,0,0,0,0,0,0,0,0,0
fer0017966.png,0,9,0,0,0,0,1,0,0,0
fer0017967.png,0,1,1,4,0,0,3,0,1,0
fer0017968.png,3,6,0,1,0,0,0,0,0,0
fer0017969.png,10,0,0,0,0,0,0,0,0,0
fer0017970.png,0,10,0,0,0,0,0,0,0,0
fer0017971.png,0,10,0,0,0,0,0,0,0,0
fer0017972.png,3,6,1,0,0,0,0,0,0,0
fer0017973.png,0,0,2,1,6,0,1,0,0,0
fer0017974.png,8,0,0,0,1,1,0,0,0,0
fer0017975.png,4,0,0,5,0,0,0,0,1,0
fer0017976.png,10,0,0,0,0,0,0,0,0,0
fer0017977.png,6,4,0,0,0,0,0,0,0,0
fer0017978.png,0,0,9,0,0,0,1,0,0,0
fer0017979.png,0,10,0,0,0,0,0,0,0,0
fer0017980.png,6,1,1,0,0,1,0,0,1,0
fer0017981.png,8,1,0,1,0,0,0,0,0,0
fer0017982.png,8,0,0,2,0,0,0,0,0,0
fer0017983.png,4,0,0,4,0,0,0,1,1,0
fer0017984.png,8,0,0,1,1,0,0,0,0,0
fer0017985.png,0,10,0,0,0,0,0,0,0,0
fer0017986.png,0,10,0,0,0,0,0,0,0,0
fer0017987.png,9,0,0,1,0,0,0,0,0,0
fer0017988.png,1,9,0,0,0,0,0,0,0,0
fer0017989.png,0,10,0,0,0,0,0,0,0,0
fer0017990.png,0,0,8,0,0,0,2,0,0,0
fer0017991.png,0,10,0,0,0,0,0,0,0,0
fer0017992.png,1,8,0,1,0,0,0,0,0,0
fer0017993.png,0,9,0,1,0,0,0,0,0,0
fer0017994.png,2,0,1,0,0,0,5,0,2,0
fer0017995.png,0,10,0,0,0,0,0,0,0,0
fer0017996.png,8,0,0,0,0,1,0,0,1,0
fer0017997.png,0,10,0,0,0,0,0,0,0,0
fer0017998.png,4,0,0,6,0,0,0,0,0,0
fer0017999.png,0,0,0,10,0,0,0,0,0,0
fer0018000.png,1,0,0,0,8,0,0,0,1,0
fer0018001.png,1,9,0,0,0,0,0,0,0,0
fer0018002.png,0,0,0,0,10,0,0,0,0,0
fer0018003.png,6,0,0,4,0,0,0,0,0,0
fer0018004.png,7,0,1,0,0,0,0,0,2,0
fer0018005.png,0,7,3,0,0,0,0,0,0,0
fer0018006.png,3,0,1,1,0,0,4,0,1,0
fer0018007.png,0,3,1,0,5,0,1,0,0,0
fer0018008.png,0,9,0,0,0,0,0,0,1,0
fer0018009.png,10,0,0,0,0,0,0,0,0,0
fer0018010.png,8,0,0,2,0,0,0,0,0,0
fer0018011.png,3,6,0,0,0,1,0,0,0,0
fer0018012.png,3,0,5,0,0,0,2,0,0,0
fer0018013.png,4,0,0,6,0,0,0,0,0,0
fer0018014.png,0,10,0,0,0,0,0,0,0,0
fer0018015.png,10,0,0,0,0,0,0,0,0,0
fer0018016.png,0,0,1,3,0,0,3,0,3,0
fer0018017.png,2,0,0,1,4,3,0,0,0,0
fer0018018.png,5,0,0,5,0,0,0,0,0,0
fer0018019.png,9,0,0,1,0,0,0,0,0,0
fer0018020.png,9,0,0,0,0,0,0,0,1,0
fer0018021.png,0,0,0,10,0,0,0,0,0,0
fer0018022.png,1,8,1,0,0,0,0,0,0,0
fer0018023.png,0,9,1,0,0,0,0,0,0,0
fer0018024.png,0,0,10,0,0,0,0,0,0,0
fer0018025.png,2,0,4,0,0,0,3,0,1,0
fer0018026.png,1,5,0,0,0,1,1,1,1,0
fer0018027.png,7,2,0,0,0,0,0,1,0,0
fer0018028.png,0,10,0,0,0,0,0,0,0,0
fer0018029.png,9,0,0,0,1,0,0,0,0,0
fer0018030.png,0,0,4,0,6,0,0,0,0,0
fer0018031.png,5,1,0,4,0,0,0,0,0,0
fer0018032.png,0,10,0,0,0,0,0,0,0,0
fer0018033.png,2,0,0,2,2,3,0,0,1,0
fer0018034.png,0,8,2,0,0,0,0,0,0,0
fer0018035.png,7,0,0,1,0,0,0,0,2,0
fer0018036.png,0,10,0,0,0,0,0,0,0,0
fer0018037.png,8,0,0,2,0,0,0,0,0,0
fer0018038.png,0,10,0,0,0,0,0,0,0,0
fer0018039.png,0,10,0,0,0,0,0,0,0,0
fer0018040.png,8,0,0,2,0,0,0,0,0,0
fer0018041.png,0,0,0,0,9,0,0,0,1,0
fer0018042.png,8,0,0,1,1,0,0,0,0,0
fer0018043.png,0,0,2,0,0,0,8,0,0,0
fer0018044.png,5,0,0,1,0,0,0,4,0,0
fer0018045.png,1,0,9,0,0,0,0,0,0,0
fer0018046.png,1,0,0,1,8,0,0,0,0,0
fer0018047.png,0,0,4,4,0,0,2,0,0,0
fer0018048.png,0,0,0,0,6,2,0,0,2,0
fer0018049.png,0,10,0,0,0,0,0,0,0,0
fer0018050.png,1,0,0,6,0,0,0,0,3,0
fer0018051.png,6,0,0,4,0,0,0,0,0,0
fer0018052.png,9,0,0,1,0,0,0,0,0,0
fer0018053.png,6,0,0,4,0,0,0,0,0,0
fer0018054.png,7,0,0,2,0,0,0,0,1,0
fer0018055.png,0,0,10,0,0,0,0,0,0,0
fer0018056.png,4,0,2,2,0,0,1,1,0,0
fer0018057.png,4,0,0,5,0,1,0,0,0,0
fer0018058.png,1,3,0,1,4,0,0,0,1,0
fer0018059.png,0,1,2,0,4,0,2,0,1,0
fer0018060.png,1,0,6,0,0,0,2,0,1,0
fer0018061.png,9,0,0,0,0,0,0,0,1,0
fer0018062.png,1,0,0,8,0,0,0,0,1,0
fer0018063.png,0,4,6,0,0,0,0,0,0,0
fer0018064.png,0,0,1,0,9,0,0,0,0,0
fer0018065.png,1,9,0,0,0,0,0,0,0,0
fer0018066.png,0,6,0,2,0,0,0,1,1,0
fer0018067.png,1,9,0,0,0,0,0,0,0,0
fer0018068.png,0,0,9,0,0,0,0,0,1,0
fer0018069.png,1,0,0,9,0,0,0,0,0,0
fer0018070.png,0,10,0,0,0,0,0,0,0,0
fer0018071.png,0,1,9,0,0,0,0,0,0,0
fer0018072.png,3,0,0,5,2,0,0,0,0,0
fer0018073.png,4,2,0,1,0,1,1,1,0,0
fer0018074.png,0,0,1,0,7,0,0,0,2,0
fer0018075.png,9,0,0,0,0,0,0,0,1,0
fer0018076.png,4,0,0,5,0,0,1,0,0,0
fer0018077.png,0,0,8,0,0,0,2,0,0,0
fer0018078.png,1,7,2,0,0,0,0,0,0,0
fer0018079.png,0,9,0,0,0,0,0,0,1,0
fer0018080.png,1,0,0,7,0,0,1,0,1,0
fer0018081.png,8,0,0,0,0,0,1,0,1,0
fer0018082.png,3,0,0,1,5,0,0,1,0,0
fer0018083.png,5,0,0,4,0,0,0,1,0,0
fer0018084.png,0,0,10,0,0,0,0,0,0,0
fer0018085.png,5,0,0,4,0,0,0,0,1,0
fer0018086.png,1,0,0,1,6,2,0,0,0,0
fer0018087.png,9,1,0,0,0,0,0,0,0,0
fer0018088.png,0,0,9,0,0,0,1,0,0,0
fer0018089.png,7,0,0,0,2,1,0,0,0,0
fer0018090.png,0,10,0,0,0,0,0,0,0,0
fer0018091.png,10,0,0,0,0,0,0,0,0,0
fer0018092.png,3,0,1,0,4,0,0,0,1,1
fer0018093.png,5,0,0,3,0,0,0,0,2,0
fer0018094.png,0,0,0,0,10,0,0,0,0,0
fer0018095.png,0,10,0,0,0,0,0,0,0,0
fer0018096.png,1,2,2,0,2,0,0,0,3,0
fer0018097.png,9,1,0,0,0,0,0,0,0,0
fer0018098.png,8,0,0,1,0,0,0,1,0,0
fer0018099.png,0,10,0,0,0,0,0,0,0,0
fer0018100.png,5,0,0,3,0,0,0,0,2,0
fer0018101.png,9,0,0,0,0,0,0,1,0,0
fer0018102.png,10,0,0,0,0,0,0,0,0,0
fer0018103.png,0,0,0,10,0,0,0,0,0,0
fer0018104.png,0,0,9,0,0,0,1,0,0,0
fer0018105.png,0,10,0,0,0,0,0,0,0,0
fer0018106.png,8,0,0,1,0,0,0,1,0,0
fer0018107.png,1,0,0,6,2,1,0,0,0,0
fer0018108.png,1,0,0,6,0,0,0,2,1,0
fer0018109.png,0,0,8,0,0,0,2,0,0,0
fer0018110.png,2,0,0,0,4,0,0,4,0,0
fer0018111.png,5,0,0,5,0,0,0,0,0,0
fer0018112.png,3,0,0,4,1,0,0,2,0,0
fer0018113.png,8,0,1,0,0,0,1,0,0,0
fer0018114.png,8,0,0,1,0,0,0,0,1,0
fer0018115.png,8,0,0,1,0,0,0,0,1,0
fer0018116.png,10,0,0,0,0,0,0,0,0,0
fer0018117.png,0,10,0,0,0,0,0,0,0,0
fer0018118.png,1,0,9,0,0,0,0,0,0,0
fer0018119.png,0,0,8,0,0,0,2,0,0,0
fer0018120.png,7,0,0,1,2,0,0,0,0,0
fer0018121.png,0,10,0,0,0,0,0,0,0,0
fer0018122.png,1,0,7,0,0,0,2,0,0,0
fer0018123.png,9,0,0,0,0,0,0,0,1,0
fer0018124.png,2,0,0,7,0,0,0,0,1,0
fer0018125.png,1,9,0,0,0,0,0,0,0,0
fer0018126.png,4,6,0,0,0,0,0,0,0,0
fer0018127.png,0,0,8,0,0,0,2,0,0,0
fer0018128.png,1,1,0,0,8,0,0,0,0,0
fer0018129.png,3,0,0,5,0,0,0,1,1,0
fer0018130.png,0,0,8,0,2,0,0,0,0,0
fer0018131.png,0,10,0,0,0,0,0,0,0,0
fer0018132.png,2,0,0,8,0,0,0,0,0,0
fer0018133.png,7,0,0,2,0,0,0,0,1,0
fer0018134.png,3,0,0,6,1,0,0,0,0,0
fer0018135.png,5,0,0,1,0,1,0,1,2,0
fer0018136.png,3,0,0,0,6,0,1,0,0,0
fer0018137.png,7,0,0,0,1,0,0,1,1,0
fer0018138.png,0,10,0,0,0,0,0,0,0,0
fer0018139.png,0,10,0,0,0,0,0,0,0,0
fer0018140.png,0,10,0,0,0,0,0,0,0,0
fer0018141.png,0,0,0,10,0,0,0,0,0,0
fer0018142.png,0,0,7,0,0,0,3,0,0,0
fer0018143.png,6,0,0,3,1,0,0,0,0,0
fer0018144.png,3,0,0,6,0,0,0,0,1,0
fer0018145.png,7,0,0,3,0,0,0,0,0,0
fer0018146.png,0,10,0,0,0,0,0,0,0,0
fer0018147.png,0,0,3,0,1,0,0,0,6,0
fer0018148.png,0,5,5,0,0,0,0,0,0,0
fer0018149.png,8,0,0,1,1,0,0,0,0,0
fer0018150.png,0,0,10,0,0,0,0,0,0,0
fer0018151.png,1,0,9,0,0,0,0,0,0,0
fer0018152.png,7,0,0,1,0,0,1,0,1,0
fer0018153.png,0,0,0,3,1,1,0,0,5,0
fer0018154.png,7,0,1,0,1,0,0,0,1,0
fer0018155.png,2,0,0,2,3,2,0,1,0,0
fer0018156.png,10,0,0,0,0,0,0,0,0,0
fer0018157.png,0,10,0,0,0,0,0,0,0,0
fer0018158.png,3,4,0,3,0,0,0,0,0,0
fer0018159.png,1,3,5,0,0,0,0,0,1,0
fer0018160.png,8,0,0,1,0,1,0,0,0,0
fer0018161.png,9,0,0,1,0,0,0,0,0,0
fer0018162.png,1,0,1,0,0,0,6,1,1,0
fer0018163.png,0,10,0,0,0,0,0,0,0,0
fer0018164.png,1,7,0,2,0,0,0,0,0,0
fer0018165.png,0,6,4,0,0,0,0,0,0,0
fer0018166.png,3,1,0,0,0,1,0,4,1,0
fer0018167.png,1,0,0,7,0,0,0,0,2,0
fer0018168.png,0,10,0,0,0,0,0,0,0,0
fer0018169.png,4,0,0,3,0,0,3,0,0,0
fer0018170.png,7,0,1,0,0,0,0,0,2,0
fer0018171.png,7,0,0,2,0,0,0,0,1,0
fer0018172.png,0,10,0,0,0,0,0,0,0,0
fer0018173.png,1,0,0,4,0,5,0,0,0,0
fer0018174.png,2,7,0,0,0,0,0,0,1,0
fer0018175.png,9,0,1,0,0,0,0,0,0,0
fer0018176.png,1,9,0,0,0,0,0,0,0,0
fer0018177.png,1,8,0,0,0,0,0,1,0,0
fer0018178.png,1,9,0,0,0,0,0,0,0,0
fer0018179.png,2,7,0,1,0,0,0,0,0,0
fer0018180.png,1,0,0,9,0,0,0,0,0,0
fer0018181.png,0,0,8,0,0,0,2,0,0,0
fer0018182.png,1,4,0,1,2,1,0,0,1,0
fer0018183.png,0,10,0,0,0,0,0,0,0,0
fer0018184.png,0,0,4,0,3,0,3,0,0,0
fer0018185.png,0,0,2,0,6,0,1,0,1,0
fer0018186.png,6,2,0,1,0,0,0,1,0,0
fer0018187.png,2,0,0,0,6,0,0,2,0,0
fer0018188.png,4,0,0,3,0,0,0,2,1,0
fer0018189.png,0,10,0,0,0,0,0,0,0,0
fer0018190.png,1,9,0,0,0,0,0,0,0,0
fer0018191.png,7,0,0,2,1,0,0,0,0,0
fer0018192.png,9,0,0,0,1,0,0,0,0,0
fer0018193.png,0,1,9,0,0,0,0,0,0,0
fer0018194.png,7,0,0,2,0,0,0,1,0,0
fer0018195.png,0,10,0,0,0,0,0,0,0,0
fer0018196.png,0,10,0,0,0,0,0,0,0,0
fer0018197.png,0,10,0,0,0,0,0,0,0,0
fer0018198.png,0,9,0,0,0,0,0,0,1,0
fer0018199.png,3,0,0,0,3,2,0,1,1,0
fer0018200.png,0,10,0,0,0,0,0,0,0,0
fer0018201.png,0,10,0,0,0,0,0,0,0,0
fer0018202.png,0,10,0,0,0,0,0,0,0,0
fer0018203.png,0,0,9,0,0,0,1,0,0,0
fer0018204.png,8,0,0,0,0,0,0,1,1,0
fer0018205.png,1,0,0,1,7,0,1,0,0,0
fer0018206.png,7,0,0,0,0,2,0,1,0,0
fer0018207.png,0,10,0,0,0,0,0,0,0,0
fer0018208.png,0,10,0,0,0,0,0,0,0,0
fer0018209.png,0,1,8,0,0,0,1,0,0,0
fer0018210.png,0,1,8,0,1,0,0,0,0,0
fer0018211.png,0,3,6,0,0,0,1,0,0,0
fer0018212.png,5,0,0,3,0,0,0,0,2,0
fer0018213.png,1,8,0,0,0,0,1,0,0,0
fer0018214.png,3,0,5,1,0,0,1,0,0,0
fer0018215.png,3,0,0,6,0,0,0,0,1,0
fer0018216.png,8,0,0,2,0,0,0,0,0,0
fer0018217.png,9,0,0,1,0,0,0,0,0,0
fer0018218.png,8,0,0,1,0,0,0,0,1,0
fer0018219.png,0,1,0,9,0,0,0,0,0,0
fer0018220.png,2,0,0,2,2,0,0,0,4,0
fer0018221.png,3,0,0,0,2,5,0,0,0,0
fer0018222.png,8,1,0,1,0,0,0,0,0,0
fer0018223.png,10,0,0,0,0,0,0,0,0,0
fer0018224.png,2,2,0,1,0,2,0,1,2,0
fer0018225.png,0,9,1,0,0,0,0,0,0,0
fer0018226.png,8,1,0,0,0,0,0,1,0,0
fer0018227.png,0,1,0,9,0,0,0,0,0,0
fer0018228.png,3,0,0,6,0,0,0,0,1,0
fer0018229.png,10,0,0,0,0,0,0,0,0,0
fer0018230.png,0,9,1,0,0,0,0,0,0,0
fer0018231.png,0,0,3,0,0,0,7,0,0,0
fer0018232.png,6,0,0,3,0,0,0,0,1,0
fer0018233.png,7,2,0,0,0,1,0,0,0,0
fer0018234.png,0,10,0,0,0,0,0,0,0,0
fer0018235.png,0,10,0,0,0,0,0,0,0,0
fer0018236.png,4,0,0,1,2,2,0,1,0,0
fer0018237.png,0,0,9,0,0,0,1,0,0,0
fer0018238.png,4,2,0,2,0,0,0,0,2,0
fer0018239.png,7,0,2,0,0,0,0,0,1,0
fer0018240.png,5,0,0,4,0,0,0,1,0,0
fer0018241.png,0,8,2,0,0,0,0,0,0,0
fer0018242.png,1,0,0,0,7,0,1,0,1,0
fer0018243.png,5,0,0,3,0,0,0,0,2,0
fer0018244.png,3,0,0,1,6,0,0,0,0,0
fer0018245.png,9,0,0,0,1,0,0,0,0,0
fer0018246.png,0,1,9,0,0,0,0,0,0,0
fer0018247.png,5,0,0,5,0,0,0,0,0,0
fer0018248.png,2,0,0,7,1,0,0,0,0,0
fer0018249.png,0,10,0,0,0,0,0,0,0,0
fer0018250.png,2,0,5,0,0,0,1,0,2,0
fer0018251.png,2,0,0,1,5,0,1,0,1,0
fer0018252.png,4,0,0,4,0,0,0,0,2,0
fer0018253.png,8,0,1,0,0,0,0,0,1,0
fer0018254.png,2,0,0,5,1,1,0,0,1,0
fer0018255.png,3,0,1,1,0,3,0,1,1,0
fer0018256.png,5,0,0,2,0,0,0,0,3,0
fer0018257.png,6,0,0,0,1,0,0,3,0,0
fer0018258.png,0,10,0,0,0,0,0,0,0,0
fer0018259.png,0,10,0,0,0,0,0,0,0,0
fer0018260.png,0,10,0,0,0,0,0,0,0,0
fer0018261.png,1,1,0,1,6,0,0,0,1,0
fer0018262.png,1,0,9,0,0,0,0,0,0,0
fer0018263.png,0,0,2,2,2,0,3,0,1,0
fer0018264.png,10,0,0,0,0,0,0,0,0,0
fer0018265.png,0,0,9,0,0,0,1,0,0,0
fer0018266.png,6,0,0,2,0,0,0,1,1,0
fer0018267.png,0,0,0,9,0,0,1,0,0,0
fer0018268.png,0,10,0,0,0,0,0,0,0,0
fer0018269.png,2,0,0,5,0,0,2,0,1,0
fer0018270.png,4,0,0,5,0,0,0,0,1,0
fer0018271.png,2,0,0,4,0,0,1,0,3,0
fer0018272.png,0,9,0,0,0,0,0,0,1,0
fer0018273.png,5,0,0,4,0,1,0,0,0,0
fer0018274.png,7,2,0,0,0,0,0,0,1,0
fer0018275.png,0,10,0,0,0,0,0,0,0,0
fer0018276.png,1,9,0,0,0,0,0,0,0,0
fer0018277.png,4,0,0,3,2,1,0,0,0,0
fer0018278.png,1,1,1,0,5,0,1,0,1,0
fer0018279.png,2,0,4,0,1,0,3,0,0,0
fer0018280.png,9,0,0,0,0,0,0,0,1,0
fer0018281.png,5,0,0,3,1,0,0,1,0,0
fer0018282.png,2,0,0,8,0,0,0,0,0,0
fer0018283.png,8,0,0,1,0,0,0,0,1,0
fer0018284.png,0,8,0,0,0,0,0,1,1,0
fer0018285.png,0,0,0,10,0,0,0,0,0,0
fer0018286.png,0,10,0,0,0,0,0,0,0,0
fer0018287.png,0,9,0,1,0,0,0,0,0,0
fer0018288.png,1,0,0,6,0,1,2,0,0,0
fer0018289.png,2,2,0,1,1,3,0,0,1,0
fer0018290.png,1,9,0,0,0,0,0,0,0,0
fer0018291.png,0,10,0,0,0,0,0,0,0,0
fer0018292.png,1,9,0,0,0,0,0,0,0,0
fer0018293.png,8,0,0,1,0,0,0,0,1,0
fer0018294.png,0,0,1,0,9,0,0,0,0,0
fer0018295.png,5,0,0,0,0,1,0,0,4,0
fer0018296.png,4,1,1,3,0,0,0,0,1,0
fer0018297.png,0,0,9,0,0,0,0,1,0,0
fer0018298.png,2,0,0,0,8,0,0,0,0,0
fer0018299.png,6,1,0,2,1,0,0,0,0,0
fer0018300.png,9,0,0,0,0,0,0,0,1,0
fer0018301.png,1,0,0,9,0,0,0,0,0,0
fer0018302.png,0,10,0,0,0,0,0,0,0,0
fer0018303.png,3,1,0,1,1,3,0,1,0,0
fer0018304.png,0,1,0,2,0,3,1,0,3,0
fer0018305.png,1,0,5,1,0,0,3,0,0,0
fer0018306.png,10,0,0,0,0,0,0,0,0,0
fer0018307.png,0,10,0,0,0,0,0,0,0,0
fer0018308.png,0,10,0,0,0,0,0,0,0,0
fer0018309.png,4,6,0,0,0,0,0,0,0,0
fer0018310.png,3,0,0,1,5,0,0,0,1,0
fer0018311.png,7,0,0,0,0,0,0,1,2,0
fer0018312.png,7,0,0,3,0,0,0,0,0,0
fer0018313.png,0,0,8,0,0,0,2,0,0,0
fer0018314.png,0,0,0,10,0,0,0,0,0,0
fer0018315.png,9,0,0,1,0,0,0,0,0,0
fer0018316.png,1,1,0,5,1,0,0,1,1,0
fer0018317.png,1,0,0,0,6,1,0,1,1,0
fer0018318.png,4,0,0,6,0,0,0,0,0,0
fer0018319.png,1,0,1,0,6,0,0,1,1,0
fer0018320.png,1,1,0,7,0,1,0,0,0,0
fer0018321.png,6,0,2,0,1,0,0,0,1,0
fer0018322.png,0,10,0,0,0,0,0,0,0,0
fer0018323.png,5,0,0,3,0,0,0,0,2,0
fer0018324.png,0,10,0,0,0,0,0,0,0,0
fer0018325.png,0,2,0,5,0,2,0,0,1,0
fer0018326.png,2,0,0,0,5,2,0,0,1,0
fer0018327.png,2,0,1,0,0,0,0,3,4,0
fer0018328.png,6,1,0,2,0,0,0,0,1,0
fer0018329.png,9,0,0,0,0,0,0,0,1,0
fer0018330.png,7,0,0,2,1,0,0,0,0,0
fer0018331.png,1,0,0,1,6,1,0,0,1,0
fer0018332.png,3,0,0,6,0,0,0,0,1,0
fer0018333.png,0,10,0,0,0,0,0,0,0,0
fer0018334.png,0,10,0,0,0,0,0,0,0,0
fer0018335.png,0,0,0,1,7,2,0,0,0,0
fer0018336.png,1,5,2,1,0,0,1,0,0,0
fer0018337.png,0,0,2,0,6,0,1,0,1,0
fer0018338.png,0,1,0,4,2,0,0,0,3,0
fer0018339.png,9,0,0,0,1,0,0,0,0,0
fer0018340.png,9,1,0,0,0,0,0,0,0,0
fer0018341.png,8,0,0,0,0,1,0,0,1,0
fer0018342.png,2,0,0,1,5,0,0,1,1,0
fer0018343.png,5,0,1,0,0,1,0,0,3,0
fer0018344.png,0,0,10,0,0,0,0,0,0,0
fer0018345.png,1,1,1,0,6,0,0,1,0,0
fer0018346.png,3,1,0,1,0,2,0,3,0,0
fer0018347.png,4,0,0,6,0,0,0,0,0,0
fer0018348.png,10,0,0,0,0,0,0,0,0,0
fer0018349.png,4,0,0,5,0,0,0,0,1,0
fer0018350.png,0,0,6,0,3,0,1,0,0,0
fer0018351.png,0,10,0,0,0,0,0,0,0,0
fer0018352.png,10,0,0,0,0,0,0,0,0,0
fer0018353.png,0,0,1,0,7,0,2,0,0,0
fer0018354.png,2,0,0,2,5,0,0,0,1,0
fer0018355.png,0,0,1,0,0,0,8,0,1,0
fer0018356.png,0,9,0,0,0,0,0,0,1,0
fer0018357.png,0,10,0,0,0,0,0,0,0,0
fer0018358.png,5,0,0,3,0,0,0,0,2,0
fer0018359.png,1,1,1,0,6,0,1,0,0,0
fer0018360.png,0,1,9,0,0,0,0,0,0,0
fer0018361.png,8,0,0,2,0,0,0,0,0,0
fer0018362.png,9,0,1,0,0,0,0,0,0,0
fer0018363.png,7,2,0,1,0,0,0,0,0,0
fer0018364.png,0,10,0,0,0,0,0,0,0,0
fer0018365.png,1,9,0,0,0,0,0,0,0,0
fer0018366.png,2,0,0,0,6,1,0,1,0,0
fer0018367.png,5,0,3,1,0,0,0,0,1,0
fer0018368.png,1,0,0,3,6,0,0,0,0,0
fer0018369.png,2,0,0,2,3,1,0,0,2,0
fer0018370.png,1,0,1,1,3,3,1,0,0,0
fer0018371.png,1,0,8,0,1,0,0,0,0,0
fer0018372.png,0,10,0,0,0,0,0,0,0,0
fer0018373.png,10,0,0,0,0,0,0,0,0,0
fer0018374.png,2,0,0,0,0,0,0,8,0,0
fer0018375.png,5,3,0,1,0,0,0,0,1,0
fer0018376.png,0,10,0,0,0,0,0,0,0,0
fer0018377.png,8,2,0,0,0,0,0,0,0,0
fer0018378.png,0,10,0,0,0,0,0,0,0,0
fer0018379.png,3,0,0,7,0,0,0,0,0,0
fer0018380.png,2,0,0,8,0,0,0,0,0,0
fer0018381.png,2,0,0,6,1,0,0,0,1,0
fer0018382.png,9,0,0,0,0,0,0,1,0,0
fer0018383.png,3,0,0,1,0,1,0,0,5,0
fer0018384.png,7,1,0,0,0,0,1,0,1,0
fer0018385.png,6,0,0,1,3,0,0,0,0,0
fer0018386.png,8,0,0,1,0,0,0,0,1,0
fer0018387.png,4,0,3,0,0,0,0,3,0,0
fer0018388.png,0,4,5,0,0,1,0,0,0,0
fer0018389.png,0,10,0,0,0,0,0,0,0,0
fer0018390.png,6,0,0,1,2,0,0,0,1,0
fer0018391.png,2,0,0,6,0,0,0,0,2,0
fer0018392.png,0,0,0,5,4,1,0,0,0,0
fer0018393.png,2,8,0,0,0,0,0,0,0,0
fer0018394.png,0,10,0,0,0,0,0,0,0,0
fer0018395.png,0,10,0,0,0,0,0,0,0,0
fer0018396.png,1,0,0,1,8,0,0,0,0,0
fer0018397.png,0,9,0,0,0,1,0,0,0,0
fer0018398.png,8,0,0,1,1,0,0,0,0,0
fer0018399.png,0,10,0,0,0,0,0,0,0,0
fer0018400.png,0,0,1,5,0,0,4,0,0,0
fer0018401.png,0,10,0,0,0,0,0,0,0,0
fer0018402.png,5,0,0,5,0,0,0,0,0,0
fer0018403.png,0,8,0,0,0,1,0,0,1,0
fer0018404.png,8,0,0,1,0,0,0,0,1,0
fer0018405.png,0,0,0,10,0,0,0,0,0,0
fer0018406.png,0,10,0,0,0,0,0,0,0,0
fer0018407.png,1,0,1,0,6,1,1,0,0,0
fer0018408.png,7,0,0,3,0,0,0,0,0,0
fer0018409.png,0,0,1,0,8,0,0,0,1,0
fer0018410.png,3,0,0,0,3,0,0,0,4,0
fer0018411.png,0,0,0,1,7,1,0,1,0,0
fer0018412.png,9,0,0,0,0,0,0,0,1,0
fer0018413.png,4,0,0,2,1,0,1,0,2,0
fer0018414.png,4,1,0,3,0,0,1,0,1,0
fer0018415.png,0,0,0,1,0,2,0,7,0,0
fer0018416.png,1,8,0,0,0,0,0,1,0,0
fer0018417.png,0,0,0,3,5,0,0,0,2,0
fer0018418.png,1,0,2,4,0,0,1,0,2,0
fer0018419.png,2,1,0,3,4,0,0,0,0,0
fer0018420.png,9,0,0,1,0,0,0,0,0,0
fer0018421.png,2,0,0,8,0,0,0,0,0,0
fer0018422.png,0,10,0,0,0,0,0,0,0,0
fer0018423.png,9,0,0,1,0,0,0,0,0,0
fer0018424.png,8,0,0,1,0,0,0,0,1,0
fer0018425.png,6,0,0,1,2,0,0,0,1,0
fer0018426.png,8,0,0,2,0,0,0,0,0,0
fer0018427.png,1,9,0,0,0,0,0,0,0,0
fer0018428.png,0,10,0,0,0,0,0,0,0,0
fer0018429.png,0,1,8,0,0,0,0,0,1,0
fer0018430.png,3,0,4,2,0,0,1,0,0,0
fer0018431.png,0,1,6,0,2,0,1,0,0,0
fer0018432.png,4,0,0,6,0,0,0,0,0,0
fer0018433.png,7,0,0,2,0,0,0,0,1,0
fer0018434.png,3,6,0,0,0,0,0,0,1,0
fer0018435.png,5,0,0,2,0,0,1,0,2,0
fer0018436.png,0,10,0,0,0,0,0,0,0,0
fer0018437.png,0,0,3,0,0,0,7,0,0,0
fer0018438.png,1,7,0,0,0,0,1,0,1,0
fer0018439.png,7,0,0,3,0,0,0,0,0,0
fer0018440.png,8,0,0,0,0,0,0,0,2,0
fer0018441.png,8,0,0,0,2,0,0,0,0,0
fer0018442.png,3,0,0,3,0,0,2,1,1,0
fer0018444.png,0,10,0,0,0,0,0,0,0,0
fer0018445.png,1,9,0,0,0,0,0,0,0,0
fer0018446.png,6,0,0,0,1,0,0,2,1,0
fer0018447.png,4,0,0,4,0,1,0,0,1,0
fer0018448.png,5,2,2,0,0,0,0,0,1,0
fer0018449.png,0,10,0,0,0,0,0,0,0,0
fer0018450.png,0,0,1,0,1,5,0,0,3,0
fer0018451.png,0,0,4,0,5,0,1,0,0,0
fer0018452.png,0,4,6,0,0,0,0,0,0,0
fer0018453.png,0,0,10,0,0,0,0,0,0,0
fer0018454.png,0,10,0,0,0,0,0,0,0,0
fer0018455.png,0,10,0,0,0,0,0,0,0,0
fer0018456.png,3,6,0,1,0,0,0,0,0,0
fer0018457.png,0,0,5,0,0,0,5,0,0,0
fer0018458.png,0,0,9,0,0,0,0,0,1,0
fer0018459.png,0,0,8,0,0,0,2,0,0,0
fer0018460.png,0,0,9,0,0,0,1,0,0,0
fer0018461.png,5,0,0,5,0,0,0,0,0,0
fer0018462.png,0,10,0,0,0,0,0,0,0,0
fer0018463.png,9,0,0,0,1,0,0,0,0,0
fer0018464.png,0,1,5,0,3,0,1,0,0,0
fer0018465.png,0,10,0,0,0,0,0,0,0,0
fer0018466.png,0,0,7,0,0,0,3,0,0,0
fer0018467.png,8,0,0,1,0,0,0,0,1,0
fer0018468.png,0,5,5,0,0,0,0,0,0,0
fer0018469.png,4,0,0,5,0,0,1,0,0,0
fer0018470.png,10,0,0,0,0,0,0,0,0,0
fer0018471.png,0,10,0,0,0,0,0,0,0,0
fer0018472.png,0,0,10,0,0,0,0,0,0,0
fer0018473.png,1,0,2,2,2,1,0,0,2,0
fer0018474.png,2,0,0,3,0,1,3,0,1,0
fer0018475.png,1,3,5,0,0,0,0,0,1,0
fer0018476.png,7,0,0,1,0,0,0,1,1,0
fer0018477.png,0,5,1,0,0,0,0,0,4,0
fer0018478.png,0,0,1,1,0,0,8,0,0,0
fer0018479.png,0,0,10,0,0,0,0,0,0,0
fer0018480.png,6,0,0,2,1,1,0,0,0,0
fer0018481.png,0,1,9,0,0,0,0,0,0,0
fer0018482.png,2,8,0,0,0,0,0,0,0,0
fer0018483.png,1,0,8,0,0,0,0,0,1,0
fer0018484.png,2,0,1,0,7,0,0,0,0,0
fer0018485.png,0,0,1,0,5,2,2,0,0,0
fer0018486.png,6,1,0,1,1,1,0,0,0,0
fer0018487.png,1,8,0,1,0,0,0,0,0,0
fer0018488.png,1,0,0,8,1,0,0,0,0,0
fer0018489.png,7,0,0,1,2,0,0,0,0,0
fer0018490.png,9,0,0,1,0,0,0,0,0,0
fer0018491.png,7,0,0,2,0,0,0,0,1,0
fer0018492.png,8,2,0,0,0,0,0,0,0,0
fer0018493.png,0,0,1,3,5,0,0,0,1,0
fer0018494.png,7,2,0,1,0,0,0,0,0,0
fer0018495.png,10,0,0,0,0,0,0,0,0,0
fer0018496.png,9,0,0,0,0,0,0,0,1,0
fer0018497.png,3,0,2,0,1,1,0,0,3,0
fer0018498.png,6,0,1,0,3,0,0,0,0,0
fer0018499.png,0,10,0,0,0,0,0,0,0,0
fer0018500.png,1,0,0,9,0,0,0,0,0,0
fer0018501.png,7,0,0,1,1,0,0,0,1,0
fer0018502.png,1,0,2,0,7,0,0,0,0,0
fer0018503.png,1,9,0,0,0,0,0,0,0,0
fer0018504.png,0,10,0,0,0,0,0,0,0,0
fer0018505.png,9,0,0,0,0,0,1,0,0,0
fer0018506.png,0,0,10,0,0,0,0,0,0,0
fer0018507.png,0,7,2,1,0,0,0,0,0,0
fer0018508.png,0,10,0,0,0,0,0,0,0,0
fer0018509.png,0,0,0,1,6,2,0,1,0,0
fer0018510.png,1,0,0,1,4,0,1,0,3,0
fer0018511.png,0,0,3,0,4,0,2,0,1,0
fer0018512.png,2,0,1,0,6,1,0,0,0,0
fer0018513.png,2,0,3,0,0,0,1,0,4,0
fer0018514.png,0,10,0,0,0,0,0,0,0,0
fer0018515.png,3,7,0,0,0,0,0,0,0,0
fer0018516.png,5,0,0,0,5,0,0,0,0,0
fer0018517.png,7,0,0,1,0,0,0,1,1,0
fer0018518.png,5,0,0,2,0,0,0,1,2,0
fer0018519.png,0,10,0,0,0,0,0,0,0,0
fer0018520.png,0,0,1,1,6,0,0,0,2,0
fer0018521.png,7,0,0,1,2,0,0,0,0,0
fer0018522.png,6,0,0,3,0,0,0,0,1,0
fer0018523.png,5,0,1,2,1,0,0,0,1,0
fer0018524.png,8,0,0,1,1,0,0,0,0,0
fer0018525.png,0,0,0,0,7,1,0,0,2,0
fer0018526.png,7,0,0,2,0,0,0,0,1,0
fer0018527.png,0,10,0,0,0,0,0,0,0,0
fer0018528.png,1,0,6,0,0,0,2,0,1,0
fer0018529.png,0,10,0,0,0,0,0,0,0,0
fer0018530.png,9,0,1,0,0,0,0,0,0,0
fer0018531.png,1,9,0,0,0,0,0,0,0,0
fer0018532.png,5,0,0,0,3,0,1,0,1,0
fer0018533.png,4,0,1,1,1,3,0,0,0,0
fer0018534.png,8,0,0,0,0,0,0,0,2,0
fer0018535.png,9,0,0,0,1,0,0,0,0,0
fer0018536.png,0,0,0,9,1,0,0,0,0,0
fer0018537.png,6,0,1,2,0,0,0,0,1,0
fer0018538.png,8,0,0,2,0,0,0,0,0,0
fer0018539.png,0,0,4,1,5,0,0,0,0,0
fer0018540.png,4,0,0,2,2,1,0,0,1,0
fer0018541.png,7,0,2,0,0,0,0,0,1,0
fer0018542.png,4,6,0,0,0,0,0,0,0,0
fer0018543.png,6,0,0,2,0,0,0,1,1,0
fer0018544.png,0,1,3,0,5,0,0,0,1,0
fer0018545.png,10,0,0,0,0,0,0,0,0,0
fer0018546.png,0,0,10,0,0,0,0,0,0,0
fer0018547.png,0,10,0,0,0,0,0,0,0,0
fer0018548.png,6,0,0,4,0,0,0,0,0,0
fer0018549.png,2,0,0,2,0,1,5,0,0,0
fer0018550.png,0,10,0,0,0,0,0,0,0,0
fer0018551.png,0,10,0,0,0,0,0,0,0,0
fer0018552.png,0,10,0,0,0,0,0,0,0,0
fer0018553.png,0,1,2,1,5,0,0,0,1,0
fer0018554.png,0,1,0,5,0,0,3,0,1,0
fer0018555.png,3,5,0,0,0,0,0,0,2,0
fer0018556.png,1,0,3,1,0,0,4,0,1,0
fer0018557.png,9,0,0,0,0,0,1,0,0,0
fer0018558.png,0,10,0,0,0,0,0,0,0,0
fer0018559.png,2,0,0,0,7,1,0,0,0,0
fer0018560.png,1,1,1,0,6,0,0,0,1,0
fer0018561.png,1,0,0,9,0,0,0,0,0,0
fer0018562.png,5,0,0,3,0,0,0,1,1,0
fer0018563.png,0,5,0,0,1,2,0,0,2,0
fer0018564.png,4,0,5,1,0,0,0,0,0,0
fer0018565.png,9,0,0,0,0,1,0,0,0,0
fer0018566.png,9,0,0,0,0,0,0,0,1,0
fer0018567.png,9,0,0,0,0,0,0,0,0,1
fer0018568.png,5,0,0,1,4,0,0,0,0,0
fer0018569.png,0,2,8,0,0,0,0,0,0,0
fer0018570.png,0,0,6,1,0,0,3,0,0,0
fer0018571.png,0,0,7,1,0,0,2,0,0,0
fer0018572.png,1,0,0,1,0,0,0,8,0,0
fer0018573.png,1,0,2,4,0,0,1,0,2,0
fer0018574.png,5,0,0,4,0,0,0,0,1,0
fer0018575.png,5,1,0,1,0,0,0,2,1,0
fer0018577.png,7,0,0,1,0,0,0,0,2,0
fer0018578.png,0,0,10,0,0,0,0,0,0,0
fer0018579.png,9,0,0,0,0,0,0,1,0,0
fer0018580.png,0,10,0,0,0,0,0,0,0,0
fer0018581.png,4,1,0,0,0,1,0,2,2,0
fer0018582.png,0,1,8,0,0,0,1,0,0,0
fer0018583.png,0,0,1,0,9,0,0,0,0,0
fer0018584.png,4,0,0,3,3,0,0,0,0,0
fer0018585.png,3,7,0,0,0,0,0,0,0,0
fer0018586.png,0,0,9,0,0,0,0,0,1,0
fer0018587.png,8,0,1,0,0,0,0,0,1,0
fer0018588.png,2,0,0,5,0,0,1,0,2,0
fer0018589.png,1,9,0,0,0,0,0,0,0,0
fer0018590.png,0,0,8,0,0,0,2,0,0,0
fer0018591.png,0,0,9,0,0,0,1,0,0,0
fer0018592.png,0,1,5,0,3,1,0,0,0,0
fer0018593.png,2,0,0,8,0,0,0,0,0,0
fer0018594.png,1,0,0,9,0,0,0,0,0,0
fer0018595.png,1,0,0,0,8,1,0,0,0,0
fer0018596.png,7,3,0,0,0,0,0,0,0,0
fer0018597.png,0,0,0,0,9,0,0,0,1,0
fer0018598.png,0,10,0,0,0,0,0,0,0,0
fer0018599.png,9,0,0,1,0,0,0,0,0,0
fer0018600.png,0,10,0,0,0,0,0,0,0,0
fer0018601.png,0,10,0,0,0,0,0,0,0,0
fer0018602.png,10,0,0,0,0,0,0,0,0,0
fer0018603.png,6,0,0,0,4,0,0,0,0,0
fer0018604.png,8,0,1,0,0,0,0,0,1,0
fer0018605.png,2,0,6,0,0,0,2,0,0,0
fer0018606.png,0,9,1,0,0,0,0,0,0,0
fer0018607.png,0,10,0,0,0,0,0,0,0,0
fer0018608.png,1,8,0,0,0,0,0,0,1,0
fer0018609.png,9,0,0,1,0,0,0,0,0,0
fer0018610.png,0,10,0,0,0,0,0,0,0,0
fer0018611.png,9,0,0,1,0,0,0,0,0,0
fer0018612.png,6,0,0,0,4,0,0,0,0,0
fer0018613.png,0,10,0,0,0,0,0,0,0,0
fer0018614.png,5,0,0,4,0,0,1,0,0,0
fer0018615.png,0,0,8,0,0,0,2,0,0,0
fer0018616.png,10,0,0,0,0,0,0,0,0,0
fer0018617.png,0,9,0,0,0,0,0,0,1,0
fer0018618.png,5,2,0,0,0,1,0,0,2,0
fer0018619.png,6,3,0,0,0,0,0,0,1,0
fer0018620.png,0,1,9,0,0,0,0,0,0,0
fer0018621.png,1,0,0,6,1,1,0,1,0,0
fer0018622.png,0,0,0,0,9,0,0,1,0,0
fer0018623.png,7,0,1,0,1,0,0,0,1,0
fer0018624.png,1,0,0,8,0,1,0,0,0,0
fer0018625.png,0,9,0,0,0,1,0,0,0,0
fer0018626.png,0,0,0,10,0,0,0,0,0,0
fer0018627.png,3,0,0,5,2,0,0,0,0,0
fer0018628.png,5,0,0,2,0,0,0,0,3,0
fer0018629.png,0,0,3,0,0,0,6,0,1,0
fer0018630.png,5,0,4,0,0,0,0,0,1,0
fer0018631.png,8,0,0,0,2,0,0,0,0,0
fer0018632.png,9,0,0,1,0,0,0,0,0,0
fer0018633.png,3,0,0,0,6,1,0,0,0,0
fer0018634.png,0,3,0,0,3,1,0,0,3,0
fer0018635.png,9,0,0,0,0,0,0,1,0,0
fer0018636.png,0,10,0,0,0,0,0,0,0,0
fer0018637.png,5,0,0,5,0,0,0,0,0,0
fer0018638.png,9,0,0,1,0,0,0,0,0,0
fer0018639.png,0,0,0,10,0,0,0,0,0,0
fer0018640.png,5,0,0,5,0,0,0,0,0,0
fer0018641.png,10,0,0,0,0,0,0,0,0,0
fer0018642.png,9,0,0,1,0,0,0,0,0,0
fer0018643.png,9,0,0,1,0,0,0,0,0,0
fer0018644.png,0,0,0,6,3,0,1,0,0,0
fer0018645.png,5,0,0,2,1,1,0,0,1,0
fer0018646.png,0,0,1,0,9,0,0,0,0,0
fer0018647.png,9,0,0,1,0,0,0,0,0,0
fer0018648.png,7,0,1,0,0,0,0,0,2,0
fer0018649.png,1,0,0,9,0,0,0,0,0,0
fer0018650.png,0,10,0,0,0,0,0,0,0,0
fer0018651.png,1,9,0,0,0,0,0,0,0,0
fer0018652.png,9,0,0,1,0,0,0,0,0,0
fer0018653.png,7,0,0,2,0,0,0,1,0,0
fer0018654.png,8,0,0,2,0,0,0,0,0,0
fer0018655.png,9,0,0,0,0,0,0,0,1,0
fer0018656.png,0,10,0,0,0,0,0,0,0,0
fer0018657.png,0,0,10,0,0,0,0,0,0,0
fer0018658.png,2,1,0,0,5,1,0,0,1,0
fer0018659.png,10,0,0,0,0,0,0,0,0,0
fer0018660.png,6,0,0,0,4,0,0,0,0,0
fer0018661.png,0,10,0,0,0,0,0,0,0,0
fer0018662.png,0,10,0,0,0,0,0,0,0,0
fer0018663.png,0,0,10,0,0,0,0,0,0,0
fer0018664.png,3,0,0,6,0,0,0,0,1,0
fer0018665.png,0,10,0,0,0,0,0,0,0,0
fer0018666.png,0,0,1,0,9,0,0,0,0,0
fer0018667.png,2,0,0,0,0,6,0,2,0,0
fer0018668.png,10,0,0,0,0,0,0,0,0,0
fer0018669.png,3,6,0,0,0,0,0,0,1,0
fer0018670.png,0,3,3,1,1,1,1,0,0,0
fer0018671.png,9,0,0,1,0,0,0,0,0,0
fer0018672.png,9,0,1,0,0,0,0,0,0,0
fer0018673.png,0,10,0,0,0,0,0,0,0,0
fer0018674.png,0,10,0,0,0,0,0,0,0,0
fer0018675.png,1,0,5,3,0,0,0,0,1,0
fer0018676.png,5,5,0,0,0,0,0,0,0,0
fer0018677.png,0,9,1,0,0,0,0,0,0,0
fer0018678.png,6,0,0,1,1,1,0,0,1,0
fer0018679.png,0,1,0,9,0,0,0,0,0,0
fer0018680.png,0,10,0,0,0,0,0,0,0,0
fer0018681.png,0,0,8,0,0,0,2,0,0,0
fer0018682.png,0,0,0,10,0,0,0,0,0,0
fer0018683.png,2,0,0,8,0,0,0,0,0,0
fer0018684.png,0,10,0,0,0,0,0,0,0,0
fer0018685.png,8,0,0,1,0,1,0,0,0,0
fer0018686.png,3,0,0,4,1,1,0,0,1,0
fer0018687.png,5,0,0,5,0,0,0,0,0,0
fer0018688.png,10,0,0,0,0,0,0,0,0,0
fer0018689.png,3,0,0,6,0,0,0,0,1,0
fer0018690.png,1,1,3,0,2,0,3,0,0,0
fer0018691.png,0,10,0,0,0,0,0,0,0,0
fer0018692.png,4,3,0,1,1,0,0,0,1,0
fer0018693.png,0,0,9,0,1,0,0,0,0,0
fer0018694.png,0,10,0,0,0,0,0,0,0,0
fer0018695.png,1,9,0,0,0,0,0,0,0,0
fer0018696.png,4,0,0,3,0,0,0,2,1,0
fer0018697.png,0,10,0,0,0,0,0,0,0,0
fer0018698.png,1,8,1,0,0,0,0,0,0,0
fer0018699.png,7,0,0,2,0,0,0,0,1,0
fer0018700.png,6,0,0,0,0,0,0,1,3,0
fer0018701.png,5,0,1,4,0,0,0,0,0,0
fer0018702.png,1,7,2,0,0,0,0,0,0,0
fer0018703.png,0,10,0,0,0,0,0,0,0,0
fer0018704.png,7,0,0,3,0,0,0,0,0,0
fer0018705.png,9,0,0,1,0,0,0,0,0,0
fer0018706.png,0,10,0,0,0,0,0,0,0,0
fer0018707.png,0,10,0,0,0,0,0,0,0,0
fer0018708.png,2,0,0,4,0,0,0,1,3,0
fer0018709.png,0,0,3,0,0,0,7,0,0,0
fer0018710.png,0,10,0,0,0,0,0,0,0,0
fer0018711.png,1,0,1,1,6,1,0,0,0,0
fer0018712.png,4,0,0,2,1,1,0,1,1,0
fer0018713.png,0,2,0,5,3,0,0,0,0,0
fer0018714.png,5,0,0,4,0,0,1,0,0,0
fer0018715.png,0,0,9,0,0,0,1,0,0,0
fer0018716.png,2,0,1,0,1,0,4,0,2,0
fer0018717.png,7,1,0,2,0,0,0,0,0,0
fer0018718.png,0,10,0,0,0,0,0,0,0,0
fer0018719.png,0,0,1,0,9,0,0,0,0,0
fer0018720.png,7,0,0,1,0,1,0,0,1,0
fer0018721.png,9,0,1,0,0,0,0,0,0,0
fer0018722.png,7,0,0,3,0,0,0,0,0,0
fer0018723.png,0,0,8,0,0,0,2,0,0,0
fer0018724.png,5,0,1,2,0,0,0,1,1,0
fer0018725.png,8,0,0,0,0,0,0,0,2,0
fer0018726.png,0,0,2,0,6,0,0,0,2,0
fer0018727.png,5,0,0,1,1,0,1,0,2,0
fer0018728.png,5,0,1,0,0,1,0,1,2,0
fer0018729.png,8,1,1,0,0,0,0,0,0,0
fer0018730.png,1,0,0,0,9,0,0,0,0,0
fer0018731.png,6,0,0,4,0,0,0,0,0,0
fer0018732.png,1,2,1,0,4,0,1,0,1,0
fer0018733.png,1,9,0,0,0,0,0,0,0,0
fer0018734.png,0,10,0,0,0,0,0,0,0,0
fer0018735.png,1,0,2,0,6,0,1,0,0,0
fer0018736.png,0,0,2,0,6,0,2,0,0,0
fer0018737.png,0,10,0,0,0,0,0,0,0,0
fer0018738.png,0,0,9,0,0,0,1,0,0,0
fer0018739.png,0,2,1,0,4,0,0,0,3,0
fer0018740.png,2,1,0,6,0,0,0,0,1,0
fer0018741.png,3,0,0,3,0,0,0,0,4,0
fer0018742.png,9,0,0,0,0,0,0,0,1,0
fer0018743.png,0,10,0,0,0,0,0,0,0,0
fer0018744.png,0,10,0,0,0,0,0,0,0,0
fer0018745.png,6,2,0,0,0,0,0,1,1,0
fer0018746.png,9,0,0,1,0,0,0,0,0,0
fer0018747.png,0,10,0,0,0,0,0,0,0,0
fer0018748.png,0,0,2,1,4,0,1,0,2,0
fer0018749.png,8,0,0,1,0,0,0,1,0,0
fer0018750.png,3,0,0,0,6,0,0,0,1,0
fer0018751.png,4,0,0,4,0,0,0,1,1,0
fer0018752.png,0,0,6,0,0,0,4,0,0,0
fer0018753.png,0,0,9,0,0,0,1,0,0,0
fer0018754.png,10,0,0,0,0,0,0,0,0,0
fer0018755.png,6,0,0,3,0,0,0,0,1,0
fer0018756.png,3,0,0,6,0,0,0,0,1,0
fer0018757.png,8,0,0,0,0,0,0,0,2,0
fer0018758.png,2,0,0,8,0,0,0,0,0,0
fer0018759.png,0,0,2,0,8,0,0,0,0,0
fer0018760.png,3,7,0,0,0,0,0,0,0,0
fer0018761.png,7,0,0,0,2,0,0,0,1,0
fer0018762.png,10,0,0,0,0,0,0,0,0,0
fer0018763.png,7,0,1,1,1,0,0,0,0,0
fer0018764.png,0,0,0,1,8,0,0,0,1,0
fer0018765.png,2,0,7,0,0,0,0,0,1,0
fer0018766.png,5,5,0,0,0,0,0,0,0,0
fer0018767.png,8,2,0,0,0,0,0,0,0,0
fer0018768.png,1,0,1,0,8,0,0,0,0,0
fer0018769.png,1,0,8,0,0,0,1,0,0,0
fer0018770.png,7,0,0,1,0,0,0,0,2,0
fer0018771.png,6,1,0,2,0,0,1,0,0,0
fer0018772.png,5,0,0,2,2,0,0,0,1,0
fer0018773.png,1,9,0,0,0,0,0,0,0,0
fer0018774.png,7,0,0,1,1,0,0,1,0,0
fer0018775.png,10,0,0,0,0,0,0,0,0,0
fer0018776.png,9,0,0,0,0,0,0,1,0,0
fer0018777.png,0,5,3,0,0,0,0,0,2,0
fer0018778.png,5,5,0,0,0,0,0,0,0,0
fer0018779.png,4,0,0,0,1,1,0,2,2,0
fer0018780.png,1,0,0,0,8,0,0,0,1,0
fer0018781.png,1,0,1,1,0,0,5,0,2,0
fer0018782.png,0,9,0,0,0,1,0,0,0,0
fer0018783.png,8,0,0,0,0,0,0,1,1,0
fer0018784.png,0,0,10,0,0,0,0,0,0,0
fer0018785.png,0,9,0,0,0,0,0,0,1,0
fer0018786.png,0,9,0,0,0,0,0,0,1,0
fer0018787.png,6,1,1,0,0,0,1,0,1,0
fer0018788.png,7,0,0,2,0,0,0,1,0,0
fer0018789.png,1,0,2,0,7,0,0,0,0,0
fer0018790.png,0,0,9,0,0,0,0,0,1,0
fer0018791.png,2,0,1,0,0,0,1,3,3,0
fer0018792.png,1,9,0,0,0,0,0,0,0,0
fer0018793.png,8,0,0,2,0,0,0,0,0,0
fer0018794.png,0,9,1,0,0,0,0,0,0,0
fer0018795.png,0,10,0,0,0,0,0,0,0,0
fer0018796.png,0,1,9,0,0,0,0,0,0,0
fer0018797.png,9,0,0,0,0,0,0,0,1,0
fer0018798.png,0,10,0,0,0,0,0,0,0,0
fer0018799.png,2,0,6,0,1,0,1,0,0,0
fer0018800.png,0,10,0,0,0,0,0,0,0,0
fer0018801.png,0,0,9,0,0,0,1,0,0,0
fer0018802.png,2,0,0,2,2,0,1,0,3,0
fer0018803.png,2,0,0,6,0,1,0,0,1,0
fer0018804.png,0,9,0,0,0,0,1,0,0,0
fer0018805.png,2,0,7,0,0,0,1,0,0,0
fer0018806.png,7,0,0,2,0,0,0,1,0,0
fer0018807.png,1,0,0,7,0,0,0,0,2,0
fer0018808.png,6,1,0,2,0,0,0,0,1,0
fer0018809.png,0,10,0,0,0,0,0,0,0,0
fer0018810.png,1,0,0,1,4,1,2,0,1,0
fer0018811.png,10,0,0,0,0,0,0,0,0,0
fer0018812.png,0,9,0,0,0,0,0,1,0,0
fer0018813.png,0,2,8,0,0,0,0,0,0,0
fer0018814.png,5,0,0,0,0,0,0,1,4,0
fer0018815.png,3,0,4,0,0,0,1,0,2,0
fer0018816.png,6,0,0,2,0,0,0,0,2,0
fer0018817.png,3,0,0,7,0,0,0,0,0,0
fer0018818.png,1,8,0,0,0,0,0,1,0,0
fer0018819.png,10,0,0,0,0,0,0,0,0,0
fer0018820.png,0,0,7,0,1,0,0,0,2,0
fer0018821.png,7,0,0,2,0,0,0,1,0,0
fer0018822.png,0,4,0,1,2,3,0,0,0,0
fer0018823.png,6,1,0,2,0,0,0,0,1,0
fer0018824.png,0,9,0,0,0,1,0,0,0,0
fer0018825.png,0,0,0,0,9,1,0,0,0,0
fer0018826.png,0,10,0,0,0,0,0,0,0,0
fer0018827.png,0,0,0,10,0,0,0,0,0,0
fer0018828.png,6,0,1,1,0,0,0,0,2,0
fer0018829.png,9,0,0,0,0,0,0,0,1,0
fer0018830.png,10,0,0,0,0,0,0,0,0,0
fer0018831.png,0,0,7,0,0,0,3,0,0,0
fer0018832.png,8,0,0,0,1,1,0,0,0,0
fer0018833.png,0,4,2,0,2,0,0,0,2,0
fer0018834.png,0,0,5,0,1,0,4,0,0,0
fer0018835.png,1,0,0,1,5,0,2,0,1,0
fer0018836.png,0,10,0,0,0,0,0,0,0,0
fer0018837.png,9,0,0,1,0,0,0,0,0,0
fer0018838.png,0,0,0,0,9,0,0,0,1,0
fer0018839.png,10,0,0,0,0,0,0,0,0,0
fer0018840.png,1,0,0,0,7,2,0,0,0,0
fer0018841.png,5,0,0,1,1,0,0,2,1,0
fer0018842.png,5,0,2,1,1,0,0,0,1,0
fer0018843.png,0,6,0,0,2,0,1,0,1,0
fer0018844.png,9,0,0,1,0,0,0,0,0,0
fer0018845.png,5,0,0,2,1,1,0,1,0,0
fer0018846.png,4,0,0,5,0,1,0,0,0,0
fer0018847.png,1,1,0,1,0,0,6,0,1,0
fer0018848.png,0,0,0,10,0,0,0,0,0,0
fer0018849.png,0,9,0,0,1,0,0,0,0,0
fer0018850.png,0,0,0,1,9,0,0,0,0,0
fer0018851.png,2,8,0,0,0,0,0,0,0,0
fer0018852.png,0,10,0,0,0,0,0,0,0,0
fer0018853.png,0,10,0,0,0,0,0,0,0,0
fer0018854.png,6,0,0,2,1,0,0,0,1,0
fer0018855.png,0,7,1,0,0,0,1,0,1,0
fer0018856.png,4,0,2,2,0,0,0,0,2,0
fer0018857.png,8,1,0,0,0,0,0,0,0,1
fer0018858.png,0,10,0,0,0,0,0,0,0,0
fer0018859.png,1,0,0,1,0,0,7,0,1,0
fer0018860.png,6,0,0,0,0,0,0,0,4,0
fer0018861.png,0,0,0,10,0,0,0,0,0,0
fer0018862.png,1,0,8,0,0,0,1,0,0,0
fer0018864.png,10,0,0,0,0,0,0,0,0,0
fer0018865.png,5,0,0,1,2,0,0,0,2,0
fer0018866.png,0,0,9,0,0,0,1,0,0,0
fer0018867.png,2,0,0,6,0,1,0,0,1,0
fer0018868.png,0,9,0,1,0,0,0,0,0,0
fer0018869.png,0,0,3,0,1,0,6,0,0,0
fer0018870.png,4,1,0,4,0,0,0,0,1,0
fer0018871.png,9,0,0,1,0,0,0,0,0,0
fer0018872.png,0,0,4,1,0,0,5,0,0,0
fer0018873.png,0,10,0,0,0,0,0,0,0,0
fer0018874.png,7,1,0,1,0,0,0,0,1,0
fer0018875.png,7,0,0,3,0,0,0,0,0,0
fer0018876.png,0,0,0,10,0,0,0,0,0,0
fer0018877.png,10,0,0,0,0,0,0,0,0,0
fer0018878.png,5,0,0,3,0,0,1,0,1,0
fer0018879.png,0,0,1,0,8,0,0,1,0,0
fer0018880.png,0,10,0,0,0,0,0,0,0,0
fer0018881.png,0,10,0,0,0,0,0,0,0,0
fer0018882.png,10,0,0,0,0,0,0,0,0,0
fer0018883.png,2,0,0,7,0,0,0,0,1,0
fer0018884.png,0,10,0,0,0,0,0,0,0,0
fer0018885.png,3,4,0,1,0,0,0,0,2,0
fer0018886.png,0,1,1,0,6,0,2,0,0,0
fer0018887.png,7,0,0,1,0,0,0,2,0,0
fer0018888.png,4,0,0,6,0,0,0,0,0,0
fer0018889.png,6,0,0,1,0,0,1,1,1,0
fer0018890.png,1,0,1,8,0,0,0,0,0,0
fer0018891.png,10,0,0,0,0,0,0,0,0,0
fer0018892.png,1,0,0,0,8,0,0,0,1,0
fer0018893.png,0,10,0,0,0,0,0,0,0,0
fer0018894.png,9,0,0,0,0,0,0,0,1,0
fer0018895.png,0,10,0,0,0,0,0,0,0,0
fer0018896.png,0,10,0,0,0,0,0,0,0,0
fer0018897.png,10,0,0,0,0,0,0,0,0,0
fer0018898.png,0,1,1,0,7,0,1,0,0,0
fer0018899.png,0,10,0,0,0,0,0,0,0,0
fer0018900.png,3,1,0,0,0,0,0,5,1,0
fer0018901.png,2,8,0,0,0,0,0,0,0,0
fer0018902.png,5,0,0,5,0,0,0,0,0,0
fer0018903.png,0,10,0,0,0,0,0,0,0,0
fer0018904.png,5,0,1,2,0,0,0,0,1,1
fer0018905.png,3,1,0,5,0,1,0,0,0,0
fer0018906.png,6,0,0,3,0,0,0,0,1,0
fer0018907.png,8,0,0,1,0,0,0,1,0,0
fer0018908.png,0,10,0,0,0,0,0,0,0,0
fer0018909.png,0,0,0,10,0,0,0,0,0,0
fer0018910.png,1,0,0,9,0,0,0,0,0,0
fer0018911.png,4,1,0,3,0,0,1,0,1,0
fer0018912.png,1,6,3,0,0,0,0,0,0,0
fer0018913.png,6,0,1,0,0,1,0,1,1,0
fer0018914.png,0,0,8,0,0,0,1,0,1,0
fer0018915.png,8,0,0,0,1,0,0,0,1,0
fer0018916.png,0,10,0,0,0,0,0,0,0,0
fer0018917.png,0,2,0,3,3,2,0,0,0,0
fer0018918.png,7,0,0,3,0,0,0,0,0,0
fer0018919.png,1,0,6,0,1,0,0,0,2,0
fer0018920.png,8,0,0,1,0,0,0,0,1,0
fer0018921.png,1,0,0,0,9,0,0,0,0,0
fer0018922.png,10,0,0,0,0,0,0,0,0,0
fer0018923.png,1,0,1,1,6,0,1,0,0,0
fer0018924.png,0,10,0,0,0,0,0,0,0,0
fer0018925.png,0,1,0,0,9,0,0,0,0,0
fer0018926.png,0,10,0,0,0,0,0,0,0,0
fer0018927.png,5,0,0,2,0,0,0,1,2,0
fer0018928.png,9,0,0,0,1,0,0,0,0,0
fer0018929.png,4,0,0,3,1,1,0,0,1,0
fer0018930.png,0,1,1,0,5,0,3,0,0,0
fer0018931.png,0,10,0,0,0,0,0,0,0,0
fer0018932.png,0,0,3,2,0,0,5,0,0,0
fer0018933.png,7,0,1,0,1,0,0,1,0,0
fer0018934.png,1,1,0,0,7,0,0,0,1,0
fer0018935.png,9,0,0,1,0,0,0,0,0,0
fer0018936.png,0,10,0,0,0,0,0,0,0,0
fer0018937.png,6,2,1,1,0,0,0,0,0,0
fer0018938.png,5,0,0,2,1,0,0,0,1,1
fer0018939.png,6,0,0,0,0,0,1,1,2,0
fer0018940.png,0,0,2,2,1,4,1,0,0,0
fer0018941.png,0,10,0,0,0,0,0,0,0,0
fer0018942.png,0,0,0,6,3,1,0,0,0,0
fer0018943.png,1,1,6,1,0,0,1,0,0,0
fer0018944.png,1,0,5,0,0,0,3,0,1,0
fer0018945.png,0,0,0,0,8,1,0,0,1,0
fer0018946.png,1,4,0,2,2,1,0,0,0,0
fer0018947.png,10,0,0,0,0,0,0,0,0,0
fer0018948.png,1,0,0,1,4,1,0,3,0,0
fer0018949.png,1,0,1,3,4,0,0,0,1,0
fer0018950.png,0,0,9,0,0,0,0,0,1,0
fer0018951.png,1,0,0,7,0,0,2,0,0,0
fer0018952.png,2,0,0,5,0,0,0,0,3,0
fer0018953.png,0,10,0,0,0,0,0,0,0,0
fer0018954.png,2,0,0,6,0,0,0,0,2,0
fer0018955.png,0,9,0,0,0,0,1,0,0,0
fer0018956.png,5,0,0,4,0,0,0,0,1,0
fer0018957.png,0,9,0,0,0,0,1,0,0,0
fer0018958.png,3,0,0,2,0,0,5,0,0,0
fer0018959.png,0,10,0,0,0,0,0,0,0,0
fer0018960.png,7,3,0,0,0,0,0,0,0,0
fer0018961.png,8,0,0,2,0,0,0,0,0,0
fer0018962.png,0,10,0,0,0,0,0,0,0,0
fer0018963.png,0,10,0,0,0,0,0,0,0,0
fer0018964.png,0,10,0,0,0,0,0,0,0,0
fer0018965.png,0,0,0,7,0,1,0,1,1,0
fer0018966.png,2,0,0,1,5,1,1,0,0,0
fer0018967.png,7,0,0,3,0,0,0,0,0,0
fer0018968.png,0,10,0,0,0,0,0,0,0,0
fer0018969.png,0,0,0,1,0,0,9,0,0,0
fer0018970.png,2,8,0,0,0,0,0,0,0,0
fer0018971.png,0,0,3,0,0,0,7,0,0,0
fer0018972.png,1,9,0,0,0,0,0,0,0,0
fer0018973.png,2,0,0,6,0,0,0,0,1,1
fer0018974.png,6,0,1,1,0,0,0,0,2,0
fer0018975.png,8,0,1,1,0,0,0,0,0,0
fer0018976.png,5,4,0,0,0,0,0,0,1,0
fer0018977.png,0,10,0,0,0,0,0,0,0,0
fer0018978.png,0,0,0,10,0,0,0,0,0,0
fer0018979.png,4,0,0,3,0,0,0,2,1,0
fer0018980.png,2,0,0,6,1,0,0,0,1,0
fer0018981.png,3,0,0,1,6,0,0,0,0,0
fer0018982.png,0,10,0,0,0,0,0,0,0,0
fer0018983.png,8,0,0,0,1,0,0,0,1,0
fer0018984.png,9,1,0,0,0,0,0,0,0,0
fer0018985.png,0,0,1,5,0,0,3,0,0,1
fer0018986.png,0,10,0,0,0,0,0,0,0,0
fer0018987.png,0,10,0,0,0,0,0,0,0,0
fer0018988.png,0,10,0,0,0,0,0,0,0,0
fer0018989.png,10,0,0,0,0,0,0,0,0,0
fer0018990.png,0,0,7,0,0,0,2,0,1,0
fer0018991.png,0,10,0,0,0,0,0,0,0,0
fer0018992.png,0,10,0,0,0,0,0,0,0,0
fer0018993.png,6,2,0,0,0,0,0,2,0,0
fer0018994.png,5,0,0,4,0,0,0,0,1,0
fer0018995.png,4,0,4,1,0,1,0,0,0,0
fer0018996.png,0,2,8,0,0,0,0,0,0,0
fer0018997.png,5,0,0,1,3,0,0,0,1,0
fer0018998.png,0,0,6,0,0,0,4,0,0,0
fer0018999.png,7,0,0,0,1,0,0,0,2,0
fer0019000.png,2,0,3,2,0,0,1,1,1,0
fer0019001.png,0,0,0,9,0,1,0,0,0,0
fer0019002.png,0,0,9,0,0,0,0,0,1,0
fer0019003.png,8,0,0,1,0,0,0,1,0,0
fer0019004.png,10,0,0,0,0,0,0,0,0,0
fer0019005.png,0,6,3,0,0,0,0,0,1,0
fer0019006.png,4,0,0,0,4,0,0,0,2,0
fer0019007.png,0,10,0,0,0,0,0,0,0,0
fer0019008.png,10,0,0,0,0,0,0,0,0,0
fer0019009.png,0,0,0,0,9,0,0,0,1,0
fer0019010.png,0,0,0,0,10,0,0,0,0,0
fer0019011.png,3,0,0,1,1,2,0,2,1,0
fer0019012.png,7,0,0,0,1,0,0,1,1,0
fer0019013.png,1,9,0,0,0,0,0,0,0,0
fer0019014.png,5,5,0,0,0,0,0,0,0,0
fer0019015.png,5,0,0,3,0,0,0,0,2,0
fer0019016.png,0,0,0,0,9,0,1,0,0,0
fer0019017.png,4,0,0,1,5,0,0,0,0,0
fer0019018.png,5,0,0,4,0,1,0,0,0,0
fer0019019.png,3,0,0,6,0,0,0,0,1,0
fer0019020.png,2,0,0,6,0,1,0,1,0,0
fer0019021.png,8,0,0,1,0,0,0,0,1,0
fer0019022.png,9,0,0,0,0,0,0,0,1,0
fer0019023.png,0,0,4,0,1,0,4,0,1,0
fer0019024.png,0,10,0,0,0,0,0,0,0,0
fer0019025.png,0,10,0,0,0,0,0,0,0,0
fer0019026.png,1,0,0,1,0,0,6,0,2,0
fer0019027.png,2,0,0,7,0,0,0,1,0,0
fer0019028.png,8,1,0,0,1,0,0,0,0,0
fer0019029.png,0,0,0,0,10,0,0,0,0,0
fer0019030.png,0,9,1,0,0,0,0,0,0,0
fer0019031.png,2,0,5,1,0,0,2,0,0,0
fer0019032.png,10,0,0,0,0,0,0,0,0,0
fer0019033.png,4,0,0,5,0,0,0,0,1,0
fer0019034.png,1,0,1,3,5,0,0,0,0,0
fer0019035.png,9,0,0,0,0,0,0,0,1,0
fer0019036.png,7,0,0,2,0,0,0,0,1,0
fer0019037.png,0,10,0,0,0,0,0,0,0,0
fer0019038.png,0,8,2,0,0,0,0,0,0,0
fer0019039.png,4,0,0,5,0,0,0,0,1,0
fer0019040.png,0,1,0,7,0,0,0,0,2,0
fer0019041.png,0,0,0,2,2,3,0,0,3,0
fer0019042.png,1,0,0,0,9,0,0,0,0,0
fer0019043.png,1,0,0,9,0,0,0,0,0,0
fer0019044.png,1,0,0,3,1,0,0,4,1,0
fer0019045.png,0,0,7,0,0,0,3,0,0,0
fer0019046.png,5,0,1,1,0,0,2,1,0,0
fer0019047.png,0,10,0,0,0,0,0,0,0,0
fer0019048.png,0,0,7,0,0,0,3,0,0,0
fer0019049.png,0,7,0,1,0,0,1,0,1,0
fer0019050.png,0,10,0,0,0,0,0,0,0,0
fer0019051.png,1,1,0,1,0,0,0,5,2,0
fer0019052.png,0,3,4,0,2,0,1,0,0,0
fer0019053.png,0,10,0,0,0,0,0,0,0,0
fer0019054.png,1,0,5,0,0,0,3,0,1,0
fer0019055.png,6,0,0,3,0,0,0,0,1,0
fer0019056.png,0,10,0,0,0,0,0,0,0,0
fer0019057.png,7,0,0,1,0,0,0,1,1,0
fer0019058.png,4,6,0,0,0,0,0,0,0,0
fer0019059.png,0,0,0,0,9,0,0,0,1,0
fer0019060.png,1,8,0,0,0,0,0,0,1,0
fer0019061.png,1,0,0,8,0,0,0,0,1,0
fer0019062.png,8,0,0,2,0,0,0,0,0,0
fer0019063.png,9,0,0,1,0,0,0,0,0,0
fer0019064.png,1,0,1,8,0,0,0,0,0,0
fer0019065.png,9,0,0,0,0,0,0,0,1,0
fer0019066.png,0,0,0,0,9,1,0,0,0,0
fer0019067.png,8,0,0,1,1,0,0,0,0,0
fer0019068.png,0,9,0,1,0,0,0,0,0,0
fer0019069.png,0,1,7,2,0,0,0,0,0,0
fer0019070.png,1,0,0,7,1,0,0,0,1,0
fer0019071.png,0,0,6,0,0,0,3,0,1,0
fer0019072.png,0,0,10,0,0,0,0,0,0,0
fer0019073.png,9,0,0,0,0,0,0,0,1,0
fer0019074.png,0,0,0,8,1,0,0,0,1,0
fer0019075.png,8,0,0,2,0,0,0,0,0,0
fer0019076.png,1,9,0,0,0,0,0,0,0,0
fer0019077.png,0,10,0,0,0,0,0,0,0,0
fer0019078.png,5,4,0,0,0,0,0,0,1,0
fer0019079.png,6,0,2,0,0,0,0,1,1,0
fer0019080.png,1,0,3,1,0,0,4,0,1,0
fer0019081.png,0,10,0,0,0,0,0,0,0,0
fer0019082.png,9,0,0,0,0,0,0,1,0,0
fer0019083.png,0,10,0,0,0,0,0,0,0,0
fer0019084.png,0,0,0,5,1,0,1,0,3,0
fer0019085.png,1,0,2,0,0,0,7,0,0,0
fer0019086.png,2,0,0,6,0,0,0,0,2,0
fer0019087.png,3,6,0,0,0,0,0,0,1,0
fer0019088.png,0,10,0,0,0,0,0,0,0,0
fer0019089.png,9,0,0,0,0,0,0,0,1,0
fer0019090.png,2,7,0,0,0,0,0,0,1,0
fer0019091.png,1,0,0,9,0,0,0,0,0,0
fer0019092.png,2,0,0,7,0,0,0,0,1,0
fer0019093.png,3,1,5,0,0,0,0,0,1,0
fer0019094.png,0,0,0,7,1,0,2,0,0,0
fer0019095.png,2,0,0,8,0,0,0,0,0,0
fer0019096.png,8,0,0,1,0,0,0,0,1,0
fer0019097.png,0,0,10,0,0,0,0,0,0,0
fer0019098.png,8,0,0,1,1,0,0,0,0,0
fer0019099.png,0,10,0,0,0,0,0,0,0,0
fer0019100.png,0,0,0,0,10,0,0,0,0,0
fer0019101.png,0,10,0,0,0,0,0,0,0,0
fer0019102.png,1,0,8,0,0,0,0,0,1,0
fer0019103.png,0,0,0,0,9,0,0,0,1,0
fer0019104.png,0,0,0,10,0,0,0,0,0,0
fer0019105.png,0,10,0,0,0,0,0,0,0,0
fer0019106.png,9,1,0,0,0,0,0,0,0,0
fer0019107.png,0,10,0,0,0,0,0,0,0,0
fer0019108.png,0,0,8,0,0,0,2,0,0,0
fer0019109.png,3,0,7,0,0,0,0,0,0,0
fer0019110.png,10,0,0,0,0,0,0,0,0,0
fer0019111.png,2,7,0,0,0,0,0,0,1,0
fer0019112.png,7,0,0,1,1,0,0,0,1,0
fer0019113.png,0,10,0,0,0,0,0,0,0,0
fer0019114.png,0,10,0,0,0,0,0,0,0,0
fer0019115.png,0,10,0,0,0,0,0,0,0,0
fer0019116.png,1,0,0,9,0,0,0,0,0,0
fer0019117.png,1,5,4,0,0,0,0,0,0,0
fer0019118.png,9,0,0,0,0,0,0,0,1,0
fer0019119.png,0,10,0,0,0,0,0,0,0,0
fer0019120.png,7,0,0,3,0,0,0,0,0,0
fer0019121.png,8,0,0,1,1,0,0,0,0,0
fer0019122.png,0,0,1,9,0,0,0,0,0,0
fer0019123.png,2,5,0,0,0,0,0,0,3,0
fer0019124.png,6,0,0,0,4,0,0,0,0,0
fer0019125.png,0,10,0,0,0,0,0,0,0,0
fer0019126.png,5,0,0,3,0,0,0,0,2,0
fer0019127.png,9,0,0,0,0,0,0,0,1,0
fer0019128.png,0,0,7,0,0,0,1,0,2,0
fer0019129.png,4,0,4,0,0,0,1,0,1,0
fer0019130.png,8,0,0,2,0,0,0,0,0,0
fer0019131.png,1,0,0,1,1,5,0,0,2,0
fer0019132.png,7,2,0,0,0,0,0,0,1,0
fer0019133.png,0,0,0,10,0,0,0,0,0,0
fer0019134.png,4,0,0,0,4,1,0,0,1,0
fer0019135.png,2,0,0,5,3,0,0,0,0,0
fer0019136.png,9,0,0,0,0,0,0,0,1,0
fer0019137.png,3,0,0,6,0,0,1,0,0,0
fer0019138.png,0,0,10,0,0,0,0,0,0,0
fer0019139.png,4,0,0,3,1,0,0,0,2,0
fer0019140.png,0,0,5,0,0,1,0,0,4,0
fer0019141.png,0,0,9,0,0,0,0,0,1,0
fer0019142.png,0,10,0,0,0,0,0,0,0,0
fer0019143.png,1,9,0,0,0,0,0,0,0,0
fer0019144.png,0,0,9,0,0,0,1,0,0,0
fer0019145.png,8,0,0,1,0,0,0,0,1,0
fer0019146.png,3,0,0,7,0,0,0,0,0,0
fer0019147.png,0,10,0,0,0,0,0,0,0,0
fer0019148.png,0,8,0,0,0,0,0,0,2,0
fer0019149.png,0,10,0,0,0,0,0,0,0,0
fer0019150.png,9,0,0,0,1,0,0,0,0,0
fer0019151.png,1,8,0,0,0,0,1,0,0,0
fer0019152.png,4,5,0,1,0,0,0,0,0,0
fer0019153.png,5,3,0,0,0,0,0,1,1,0
fer0019154.png,0,0,9,0,0,0,0,0,1,0
fer0019155.png,8,1,0,0,0,0,0,0,1,0
fer0019156.png,0,1,0,5,2,0,0,0,2,0
fer0019157.png,0,9,0,0,0,0,0,0,1,0
fer0019158.png,0,0,9,0,0,0,1,0,0,0
fer0019159.png,0,10,0,0,0,0,0,0,0,0
fer0019160.png,1,1,2,0,0,0,4,0,2,0
fer0019161.png,0,10,0,0,0,0,0,0,0,0
fer0019162.png,1,0,5,1,0,0,2,0,1,0
fer0019163.png,0,1,9,0,0,0,0,0,0,0
fer0019164.png,2,0,0,0,5,0,0,0,3,0
fer0019165.png,3,0,0,7,0,0,0,0,0,0
fer0019166.png,0,9,0,0,0,1,0,0,0,0
fer0019167.png,4,0,0,6,0,0,0,0,0,0
fer0019168.png,1,0,0,1,0,1,0,7,0,0
fer0019169.png,8,0,0,0,1,0,0,1,0,0
fer0019170.png,0,10,0,0,0,0,0,0,0,0
fer0019171.png,1,0,0,4,2,0,0,0,3,0
fer0019172.png,8,1,0,1,0,0,0,0,0,0
fer0019173.png,0,0,10,0,0,0,0,0,0,0
fer0019174.png,9,0,0,0,0,0,0,0,1,0
fer0019175.png,0,0,0,1,9,0,0,0,0,0
fer0019176.png,4,0,0,4,0,0,0,0,2,0
fer0019177.png,0,0,0,7,2,0,0,1,0,0
fer0019178.png,7,0,1,0,0,0,0,1,1,0
fer0019179.png,3,0,1,0,3,0,1,0,2,0
fer0019180.png,0,10,0,0,0,0,0,0,0,0
fer0019181.png,0,0,0,0,10,0,0,0,0,0
fer0019182.png,1,0,0,0,8,0,0,0,1,0
fer0019183.png,8,0,0,0,2,0,0,0,0,0
fer0019184.png,2,8,0,0,0,0,0,0,0,0
fer0019185.png,6,0,4,0,0,0,0,0,0,0
fer0019186.png,0,0,8,0,0,0,2,0,0,0
fer0019187.png,1,0,0,0,3,0,1,1,3,1
fer0019188.png,1,0,0,9,0,0,0,0,0,0
fer0019189.png,8,0,0,1,0,0,0,0,1,0
fer0019190.png,1,9,0,0,0,0,0,0,0,0
fer0019191.png,0,10,0,0,0,0,0,0,0,0
fer0019192.png,3,0,0,3,0,0,0,0,4,0
fer0019193.png,1,5,0,0,0,0,0,0,4,0
fer0019194.png,7,0,1,1,1,0,0,0,0,0
fer0019195.png,0,10,0,0,0,0,0,0,0,0
fer0019196.png,0,10,0,0,0,0,0,0,0,0
fer0019197.png,2,0,0,8,0,0,0,0,0,0
fer0019198.png,7,0,0,3,0,0,0,0,0,0
fer0019199.png,1,0,0,8,0,0,0,0,1,0
fer0019200.png,8,1,0,0,0,0,0,0,1,0
fer0019201.png,2,0,0,1,2,4,0,0,1,0
fer0019202.png,3,0,0,3,1,0,0,0,3,0
fer0019203.png,8,0,0,1,0,0,0,1,0,0
fer0019204.png,3,0,0,5,0,0,0,0,2,0
fer0019205.png,1,0,0,7,0,1,0,0,1,0
fer0019206.png,0,0,9,0,0,0,0,0,1,0
fer0019207.png,6,0,0,0,0,3,0,0,1,0
fer0019208.png,8,0,0,0,2,0,0,0,0,0
fer0019209.png,8,0,0,1,0,0,0,0,1,0
fer0019210.png,9,0,0,0,0,0,0,0,1,0
fer0019211.png,0,0,1,8,0,0,0,0,1,0
fer0019212.png,0,1,0,1,4,2,0,0,2,0
fer0019213.png,0,10,0,0,0,0,0,0,0,0
fer0019214.png,9,0,0,0,0,0,0,0,1,0
fer0019215.png,5,0,0,0,0,0,0,3,2,0
fer0019216.png,0,0,0,0,2,1,5,0,2,0
fer0019217.png,2,0,7,1,0,0,0,0,0,0
fer0019218.png,2,0,4,0,2,1,0,0,1,0
fer0019219.png,0,7,3,0,0,0,0,0,0,0
fer0019220.png,0,10,0,0,0,0,0,0,0,0
fer0019221.png,0,8,2,0,0,0,0,0,0,0
fer0019222.png,3,4,0,1,0,0,1,0,1,0
fer0019223.png,1,1,0,8,0,0,0,0,0,0
fer0019224.png,2,0,0,6,0,0,0,0,2,0
fer0019225.png,6,1,0,1,0,0,0,1,1,0
fer0019226.png,6,0,1,2,0,0,0,0,1,0
fer0019227.png,0,8,0,1,0,0,0,0,1,0
fer0019228.png,0,0,2,0,7,1,0,0,0,0
fer0019229.png,0,10,0,0,0,0,0,0,0,0
fer0019230.png,0,10,0,0,0,0,0,0,0,0
fer0019231.png,8,0,0,0,0,0,0,1,1,0
fer0019232.png,0,10,0,0,0,0,0,0,0,0
fer0019233.png,0,1,4,3,0,0,2,0,0,0
fer0019234.png,0,10,0,0,0,0,0,0,0,0
fer0019235.png,2,0,0,8,0,0,0,0,0,0
fer0019236.png,0,9,0,0,0,0,0,0,1,0
fer0019237.png,1,0,0,4,1,0,0,0,4,0
fer0019238.png,7,0,0,1,0,0,0,0,2,0
fer0019239.png,0,0,0,0,7,1,1,0,1,0
fer0019240.png,0,1,9,0,0,0,0,0,0,0
fer0019241.png,8,2,0,0,0,0,0,0,0,0
fer0019242.png,10,0,0,0,0,0,0,0,0,0
fer0019243.png,0,10,0,0,0,0,0,0,0,0
fer0019244.png,0,1,1,4,2,0,2,0,0,0
fer0019245.png,0,10,0,0,0,0,0,0,0,0
fer0019246.png,1,0,0,0,1,2,4,0,2,0
fer0019247.png,6,0,0,1,0,1,0,2,0,0
fer0019248.png,5,0,0,2,0,1,0,1,1,0
fer0019249.png,0,0,1,0,8,0,0,0,1,0
fer0019250.png,0,10,0,0,0,0,0,0,0,0
fer0019251.png,0,9,1,0,0,0,0,0,0,0
fer0019252.png,3,0,3,0,0,0,3,0,1,0
fer0019253.png,0,1,0,9,0,0,0,0,0,0
fer0019254.png,1,1,0,1,6,0,0,0,1,0
fer0019255.png,8,0,1,1,0,0,0,0,0,0
fer0019256.png,8,0,0,2,0,0,0,0,0,0
fer0019257.png,9,0,0,1,0,0,0,0,0,0
fer0019258.png,0,10,0,0,0,0,0,0,0,0
fer0019259.png,1,0,0,3,4,0,0,0,2,0
fer0019260.png,5,0,0,4,0,0,0,0,1,0
fer0019261.png,0,0,0,0,8,1,0,1,0,0
fer0019262.png,0,0,0,9,0,0,0,0,1,0
fer0019263.png,1,0,0,9,0,0,0,0,0,0
fer0019264.png,0,0,8,0,0,0,2,0,0,0
fer0019265.png,2,0,1,7,0,0,0,0,0,0
fer0019266.png,10,0,0,0,0,0,0,0,0,0
fer0019267.png,0,10,0,0,0,0,0,0,0,0
fer0019268.png,0,10,0,0,0,0,0,0,0,0
fer0019269.png,0,1,0,1,8,0,0,0,0,0
fer0019270.png,1,9,0,0,0,0,0,0,0,0
fer0019271.png,3,2,0,4,0,0,0,0,1,0
fer0019272.png,1,0,1,6,1,0,0,0,1,0
fer0019273.png,0,10,0,0,0,0,0,0,0,0
fer0019274.png,7,0,0,1,0,0,0,0,2,0
fer0019275.png,9,0,0,1,0,0,0,0,0,0
fer0019276.png,6,0,0,2,0,0,0,0,2,0
fer0019277.png,5,0,0,4,1,0,0,0,0,0
fer0019278.png,0,10,0,0,0,0,0,0,0,0
fer0019279.png,8,0,0,1,1,0,0,0,0,0
fer0019280.png,0,10,0,0,0,0,0,0,0,0
fer0019281.png,8,0,0,1,0,1,0,0,0,0
fer0019282.png,0,10,0,0,0,0,0,0,0,0
fer0019283.png,1,0,1,3,0,0,0,3,2,0
fer0019284.png,1,0,0,0,8,1,0,0,0,0
fer0019285.png,6,0,3,0,0,0,0,0,1,0
fer0019286.png,0,10,0,0,0,0,0,0,0,0
fer0019287.png,4,0,0,2,1,0,0,0,3,0
fer0019288.png,0,0,10,0,0,0,0,0,0,0
fer0019289.png,1,9,0,0,0,0,0,0,0,0
fer0019290.png,1,0,9,0,0,0,0,0,0,0
fer0019291.png,10,0,0,0,0,0,0,0,0,0
fer0019292.png,9,0,0,0,1,0,0,0,0,0
fer0019293.png,0,10,0,0,0,0,0,0,0,0
fer0019294.png,3,0,0,0,3,3,0,0,1,0
fer0019295.png,7,2,0,0,0,0,0,1,0,0
fer0019296.png,2,6,1,0,0,0,0,0,1,0
fer0019297.png,0,0,1,1,3,0,4,0,1,0
fer0019298.png,2,0,0,3,4,0,0,0,1,0
fer0019299.png,3,4,0,0,0,0,0,0,3,0
fer0019300.png,1,1,7,0,0,0,0,0,1,0
fer0019301.png,1,0,9,0,0,0,0,0,0,0
fer0019302.png,0,10,0,0,0,0,0,0,0,0
fer0019303.png,2,0,0,6,0,0,0,1,1,0
fer0019304.png,4,0,5,0,0,0,0,0,1,0
fer0019305.png,7,2,0,0,0,0,0,0,1,0
fer0019306.png,0,0,2,0,1,0,7,0,0,0
fer0019307.png,1,6,2,0,0,0,0,0,1,0
fer0019308.png,0,0,0,10,0,0,0,0,0,0
fer0019309.png,1,0,5,0,3,0,0,0,1,0
fer0019310.png,8,0,0,2,0,0,0,0,0,0
fer0019311.png,1,2,6,0,0,0,0,0,1,0
fer0019312.png,0,9,1,0,0,0,0,0,0,0
fer0019313.png,1,9,0,0,0,0,0,0,0,0
fer0019314.png,6,0,0,0,4,0,0,0,0,0
fer0019315.png,1,0,9,0,0,0,0,0,0,0
fer0019316.png,4,0,0,6,0,0,0,0,0,0
fer0019317.png,0,0,1,2,2,3,0,0,2,0
fer0019318.png,1,0,0,7,0,0,2,0,0,0
fer0019319.png,0,0,0,0,9,1,0,0,0,0
fer0019320.png,0,10,0,0,0,0,0,0,0,0
fer0019321.png,4,0,0,4,0,0,0,0,2,0
fer0019322.png,1,0,0,9,0,0,0,0,0,0
fer0019323.png,8,0,0,0,0,0,0,1,1,0
fer0019324.png,1,0,0,2,0,2,3,0,2,0
fer0019325.png,6,0,2,2,0,0,0,0,0,0
fer0019326.png,10,0,0,0,0,0,0,0,0,0
fer0019327.png,1,8,0,0,0,0,0,0,1,0
fer0019328.png,0,8,1,0,0,0,0,0,1,0
fer0019329.png,0,1,1,0,4,0,0,0,4,0
fer0019330.png,0,10,0,0,0,0,0,0,0,0
fer0019331.png,1,9,0,0,0,0,0,0,0,0
fer0019332.png,7,0,0,2,0,0,0,0,1,0
fer0019333.png,0,10,0,0,0,0,0,0,0,0
fer0019334.png,0,0,0,8,0,0,2,0,0,0
fer0019335.png,3,0,0,6,0,0,1,0,0,0
fer0019336.png,0,10,0,0,0,0,0,0,0,0
fer0019337.png,0,10,0,0,0,0,0,0,0,0
fer0019338.png,5,0,0,4,0,0,0,0,1,0
fer0019339.png,5,3,1,0,0,0,0,0,1,0
fer0019340.png,6,1,0,2,0,0,0,0,1,0
fer0019341.png,1,0,0,0,8,0,1,0,0,0
fer0019342.png,8,0,0,0,0,0,0,1,1,0
fer0019343.png,0,0,0,10,0,0,0,0,0,0
fer0019344.png,2,1,0,6,0,0,0,0,1,0
fer0019345.png,2,0,0,0,6,2,0,0,0,0
fer0019346.png,0,0,4,0,0,0,6,0,0,0
fer0019347.png,9,0,0,1,0,0,0,0,0,0
fer0019348.png,0,10,0,0,0,0,0,0,0,0
fer0019349.png,1,9,0,0,0,0,0,0,0,0
fer0019350.png,0,10,0,0,0,0,0,0,0,0
fer0019351.png,9,0,0,0,0,0,0,1,0,0
fer0019352.png,6,1,0,2,0,0,0,0,1,0
fer0019353.png,0,0,6,0,0,0,4,0,0,0
fer0019354.png,6,0,1,0,0,0,0,1,2,0
fer0019355.png,0,0,0,3,7,0,0,0,0,0
fer0019356.png,9,0,0,0,0,0,0,1,0,0
fer0019357.png,2,0,0,0,7,0,0,0,1,0
fer0019358.png,0,2,3,0,4,0,0,0,1,0
fer0019359.png,2,0,0,5,1,0,0,0,2,0
fer0019360.png,0,0,1,0,9,0,0,0,0,0
fer0019361.png,8,0,0,1,0,0,0,0,1,0
fer0019362.png,4,5,0,0,0,0,0,0,1,0
fer0019363.png,0,0,2,1,4,0,2,0,1,0
fer0019364.png,0,0,0,9,0,0,0,0,1,0
fer0019365.png,7,2,0,0,0,0,0,0,1,0
fer0019366.png,3,0,0,7,0,0,0,0,0,0
fer0019367.png,0,9,0,0,0,0,0,0,1,0
fer0019368.png,9,0,0,0,0,0,0,0,1,0
fer0019369.png,2,8,0,0,0,0,0,0,0,0
fer0019370.png,8,0,0,2,0,0,0,0,0,0
fer0019371.png,8,2,0,0,0,0,0,0,0,0
fer0019373.png,4,2,0,2,0,0,0,1,1,0
fer0019374.png,0,3,5,0,0,0,1,0,1,0
fer0019375.png,0,0,0,10,0,0,0,0,0,0
fer0019376.png,0,0,0,9,1,0,0,0,0,0
fer0019377.png,3,0,0,4,3,0,0,0,0,0
fer0019378.png,8,0,0,1,1,0,0,0,0,0
fer0019379.png,10,0,0,0,0,0,0,0,0,0
fer0019380.png,4,0,0,3,0,0,0,0,3,0
fer0019381.png,0,0,0,0,0,0,10,0,0,0
fer0019382.png,10,0,0,0,0,0,0,0,0,0
fer0019383.png,0,10,0,0,0,0,0,0,0,0
fer0019384.png,0,4,5,0,0,0,0,0,1,0
fer0019385.png,7,0,0,1,0,0,0,1,1,0
fer0019386.png,0,2,2,0,4,0,1,0,1,0
fer0019387.png,0,10,0,0,0,0,0,0,0,0
fer0019388.png,0,10,0,0,0,0,0,0,0,0
fer0019389.png,0,0,0,1,6,1,2,0,0,0
fer0019390.png,2,0,0,6,2,0,0,0,0,0
fer0019391.png,4,5,0,0,0,0,0,1,0,0
fer0019392.png,2,0,0,0,5,1,0,1,1,0
fer0019393.png,4,6,0,0,0,0,0,0,0,0
fer0019394.png,1,0,7,0,0,0,2,0,0,0
fer0019395.png,0,1,9,0,0,0,0,0,0,0
fer0019396.png,3,0,0,6,0,0,1,0,0,0
fer0019397.png,1,9,0,0,0,0,0,0,0,0
fer0019398.png,2,0,2,2,0,1,0,2,1,0
fer0019399.png,0,9,1,0,0,0,0,0,0,0
fer0019400.png,9,0,0,0,0,0,0,1,0,0
fer0019401.png,1,2,1,3,1,0,1,0,1,0
fer0019402.png,1,0,6,0,0,0,3,0,0,0
fer0019403.png,0,0,9,0,0,0,1,0,0,0
fer0019404.png,7,0,1,1,0,0,0,0,1,0
fer0019405.png,10,0,0,0,0,0,0,0,0,0
fer0019406.png,6,1,0,0,0,0,0,0,3,0
fer0019407.png,0,0,0,10,0,0,0,0,0,0
fer0019408.png,2,0,0,0,3,1,0,1,3,0
fer0019409.png,3,0,0,6,0,0,0,0,1,0
fer0019410.png,3,0,0,6,0,0,0,1,0,0
fer0019411.png,0,1,0,9,0,0,0,0,0,0
fer0019412.png,2,7,0,1,0,0,0,0,0,0
fer0019413.png,6,0,0,0,4,0,0,0,0,0
fer0019414.png,0,9,0,0,0,1,0,0,0,0
fer0019415.png,0,10,0,0,0,0,0,0,0,0
fer0019416.png,7,0,0,3,0,0,0,0,0,0
fer0019417.png,0,10,0,0,0,0,0,0,0,0
fer0019418.png,3,1,0,3,0,0,0,0,3,0
fer0019419.png,0,0,3,0,2,0,0,1,4,0
fer0019420.png,9,0,0,1,0,0,0,0,0,0
fer0019421.png,3,0,0,7,0,0,0,0,0,0
fer0019422.png,0,10,0,0,0,0,0,0,0,0
fer0019423.png,0,0,0,0,10,0,0,0,0,0
fer0019424.png,1,0,1,0,0,0,3,0,5,0
fer0019425.png,3,0,4,1,0,1,1,0,0,0
fer0019426.png,0,0,0,0,7,2,1,0,0,0
fer0019427.png,5,0,0,3,0,0,0,0,2,0
fer0019428.png,0,10,0,0,0,0,0,0,0,0
fer0019429.png,7,0,1,0,0,0,1,0,1,0
fer0019430.png,4,0,0,1,2,1,0,1,1,0
fer0019431.png,0,10,0,0,0,0,0,0,0,0
fer0019432.png,0,0,7,0,0,0,3,0,0,0
fer0019433.png,8,0,0,1,0,0,0,0,1,0
fer0019434.png,0,0,3,1,0,0,5,0,1,0
fer0019435.png,0,0,0,2,7,0,0,0,1,0
fer0019436.png,4,0,0,5,0,0,0,0,1,0
fer0019437.png,4,0,1,1,1,0,0,0,3,0
fer0019438.png,0,0,0,8,1,1,0,0,0,0
fer0019439.png,2,2,0,6,0,0,0,0,0,0
fer0019440.png,1,0,0,9,0,0,0,0,0,0
fer0019441.png,1,7,1,0,0,0,0,0,1,0
fer0019442.png,1,9,0,0,0,0,0,0,0,0
fer0019443.png,0,10,0,0,0,0,0,0,0,0
fer0019444.png,2,4,0,4,0,0,0,0,0,0
fer0019445.png,2,0,0,2,0,0,0,1,5,0
fer0019446.png,0,10,0,0,0,0,0,0,0,0
fer0019447.png,7,0,0,0,0,0,0,0,3,0
fer0019448.png,1,4,5,0,0,0,0,0,0,0
fer0019449.png,1,8,1,0,0,0,0,0,0,0
fer0019450.png,0,0,0,1,7,1,0,1,0,0
fer0019451.png,8,0,0,2,0,0,0,0,0,0
fer0019452.png,0,0,1,0,8,0,1,0,0,0
fer0019453.png,0,0,0,1,9,0,0,0,0,0
fer0019454.png,0,0,0,8,0,0,0,0,2,0
fer0019455.png,8,1,0,0,0,0,0,0,1,0
fer0019456.png,1,0,0,9,0,0,0,0,0,0
fer0019457.png,0,0,9,0,0,0,1,0,0,0
fer0019458.png,5,0,0,3,0,0,0,1,1,0
fer0019459.png,0,9,0,0,0,0,0,0,1,0
fer0019460.png,4,0,0,5,0,0,0,0,1,0
fer0019461.png,4,0,1,1,0,1,1,1,1,0
fer0019462.png,1,0,0,0,0,0,0,9,0,0
fer0019463.png,0,0,0,2,2,0,3,1,2,0
fer0019464.png,0,10,0,0,0,0,0,0,0,0
fer0019465.png,0,10,0,0,0,0,0,0,0,0
fer0019466.png,9,0,0,1,0,0,0,0,0,0
fer0019467.png,0,3,3,1,3,0,0,0,0,0
fer0019468.png,8,0,0,0,1,0,0,0,1,0
fer0019469.png,0,0,10,0,0,0,0,0,0,0
fer0019470.png,0,1,0,7,0,0,0,0,2,0
fer0019471.png,9,0,0,0,0,0,0,0,1,0
fer0019472.png,8,0,0,1,0,0,0,0,1,0
fer0019473.png,2,0,0,8,0,0,0,0,0,0
fer0019474.png,0,10,0,0,0,0,0,0,0,0
fer0019475.png,9,0,0,0,0,0,0,0,1,0
fer0019476.png,1,0,0,0,8,0,0,0,1,0
fer0019477.png,2,0,0,8,0,0,0,0,0,0
fer0019478.png,3,0,0,3,1,0,0,0,3,0
fer0019479.png,2,8,0,0,0,0,0,0,0,0
fer0019480.png,1,9,0,0,0,0,0,0,0,0
fer0019481.png,0,0,0,10,0,0,0,0,0,0
fer0019482.png,2,8,0,0,0,0,0,0,0,0
fer0019483.png,9,0,0,0,0,0,0,0,1,0
fer0019484.png,1,9,0,0,0,0,0,0,0,0
fer0019485.png,0,0,0,10,0,0,0,0,0,0
fer0019486.png,1,9,0,0,0,0,0,0,0,0
fer0019487.png,0,10,0,0,0,0,0,0,0,0
fer0019488.png,3,0,6,0,0,0,0,0,1,0
fer0019489.png,0,10,0,0,0,0,0,0,0,0
fer0019490.png,8,0,0,2,0,0,0,0,0,0
fer0019491.png,4,0,0,0,6,0,0,0,0,0
fer0019492.png,8,0,0,1,0,0,0,1,0,0
fer0019493.png,0,0,0,5,2,2,0,0,1,0
fer0019494.png,5,0,0,4,0,0,0,0,1,0
fer0019495.png,8,0,1,0,0,0,0,0,1,0
fer0019496.png,0,10,0,0,0,0,0,0,0,0
fer0019497.png,0,10,0,0,0,0,0,0,0,0
fer0019498.png,2,5,0,1,0,0,0,0,2,0
fer0019499.png,1,9,0,0,0,0,0,0,0,0
fer0019500.png,3,0,3,4,0,0,0,0,0,0
fer0019501.png,3,0,0,1,5,0,0,0,1,0
fer0019502.png,2,0,5,1,0,0,0,1,1,0
fer0019503.png,1,0,8,0,0,0,1,0,0,0
fer0019504.png,3,0,0,1,5,0,0,0,1,0
fer0019505.png,0,10,0,0,0,0,0,0,0,0
fer0019506.png,0,0,4,0,1,1,0,2,2,0
fer0019507.png,0,1,0,0,6,1,1,0,1,0
fer0019508.png,0,6,4,0,0,0,0,0,0,0
fer0019509.png,0,0,0,0,9,0,0,0,1,0
fer0019510.png,8,0,0,0,0,0,0,1,1,0
fer0019511.png,0,9,0,0,0,0,0,1,0,0
fer0019512.png,0,10,0,0,0,0,0,0,0,0
fer0019513.png,2,7,0,0,0,0,0,0,1,0
fer0019514.png,10,0,0,0,0,0,0,0,0,0
fer0019515.png,4,0,0,5,0,0,0,0,1,0
fer0019516.png,0,1,6,0,1,0,2,0,0,0
fer0019517.png,9,0,0,1,0,0,0,0,0,0
fer0019518.png,0,10,0,0,0,0,0,0,0,0
fer0019519.png,7,0,0,1,1,0,0,0,1,0
fer0019520.png,0,7,3,0,0,0,0,0,0,0
fer0019521.png,9,0,0,1,0,0,0,0,0,0
fer0019522.png,1,0,0,0,8,0,1,0,0,0
fer0019523.png,0,0,0,10,0,0,0,0,0,0
fer0019524.png,0,1,2,4,1,0,1,0,1,0
fer0019525.png,8,1,0,0,0,0,0,0,1,0
fer0019526.png,6,3,0,0,0,0,0,0,1,0
fer0019527.png,9,0,0,0,0,0,0,0,1,0
fer0019528.png,5,0,0,0,1,1,1,0,2,0
fer0019529.png,5,0,0,1,3,0,0,0,1,0
fer0019530.png,6,0,0,4,0,0,0,0,0,0
fer0019531.png,6,1,0,0,0,0,0,0,3,0
fer0019532.png,9,0,0,0,0,0,0,0,1,0
fer0019533.png,4,0,2,2,0,1,0,0,1,0
fer0019534.png,3,0,0,0,5,1,0,1,0,0
fer0019535.png,1,1,0,3,0,1,0,0,4,0
fer0019536.png,0,0,1,1,5,2,0,1,0,0
fer0019537.png,1,0,0,9,0,0,0,0,0,0
fer0019538.png,0,10,0,0,0,0,0,0,0,0
fer0019539.png,3,7,0,0,0,0,0,0,0,0
fer0019540.png,10,0,0,0,0,0,0,0,0,0
fer0019541.png,4,0,0,4,0,0,0,1,1,0
fer0019542.png,0,10,0,0,0,0,0,0,0,0
fer0019543.png,5,0,1,4,0,0,0,0,0,0
fer0019544.png,2,0,7,0,0,0,1,0,0,0
fer0019545.png,8,0,0,1,1,0,0,0,0,0
fer0019546.png,0,10,0,0,0,0,0,0,0,0
fer0019547.png,0,10,0,0,0,0,0,0,0,0
fer0019548.png,9,0,0,0,0,0,0,0,1,0
fer0019549.png,0,0,1,1,6,0,0,0,2,0
fer0019550.png,1,9,0,0,0,0,0,0,0,0
fer0019551.png,1,0,8,0,0,0,1,0,0,0
fer0019552.png,0,10,0,0,0,0,0,0,0,0
fer0019553.png,0,0,0,0,9,1,0,0,0,0
fer0019554.png,0,10,0,0,0,0,0,0,0,0
fer0019555.png,5,0,1,1,0,0,0,1,2,0
fer0019556.png,8,0,0,0,0,0,0,0,2,0
fer0019557.png,0,0,0,8,1,0,1,0,0,0
fer0019558.png,2,0,0,1,0,5,0,2,0,0
fer0019559.png,7,3,0,0,0,0,0,0,0,0
fer0019560.png,3,0,3,1,0,0,1,0,2,0
fer0019561.png,7,1,0,1,0,0,0,1,0,0
fer0019562.png,3,0,0,5,0,1,0,0,1,0
fer0019563.png,0,10,0,0,0,0,0,0,0,0
fer0019564.png,0,10,0,0,0,0,0,0,0,0
fer0019565.png,8,0,0,1,0,0,0,0,1,0
fer0019566.png,0,10,0,0,0,0,0,0,0,0
fer0019567.png,1,0,0,7,0,0,0,0,2,0
fer0019568.png,8,0,0,0,0,1,0,0,1,0
fer0019569.png,8,0,0,1,0,0,0,0,1,0
fer0019570.png,2,7,0,0,0,0,0,0,1,0
fer0019571.png,3,0,0,4,1,2,0,0,0,0
fer0019572.png,0,0,0,10,0,0,0,0,0,0
fer0019573.png,0,0,0,8,1,0,1,0,0,0
fer0019574.png,0,10,0,0,0,0,0,0,0,0
fer0019575.png,8,0,0,2,0,0,0,0,0,0
fer0019576.png,0,8,1,0,0,0,1,0,0,0
fer0019577.png,2,0,0,6,0,0,1,0,1,0
fer0019578.png,6,1,1,2,0,0,0,0,0,0
fer0019579.png,9,0,0,0,0,0,0,1,0,0
fer0019580.png,0,0,8,0,0,0,2,0,0,0
fer0019581.png,0,1,0,0,7,0,1,0,1,0
fer0019582.png,1,0,0,0,4,4,0,1,0,0
fer0019583.png,6,1,0,1,0,0,0,1,1,0
fer0019584.png,8,0,0,1,0,0,0,0,1,0
fer0019585.png,0,10,0,0,0,0,0,0,0,0
fer0019586.png,1,3,6,0,0,0,0,0,0,0
fer0019588.png,9,0,0,1,0,0,0,0,0,0
fer0019589.png,2,0,0,7,0,0,0,0,1,0
fer0019590.png,0,0,6,0,0,0,3,0,1,0
fer0019591.png,2,0,0,7,1,0,0,0,0,0
fer0019592.png,3,6,0,0,0,0,0,1,0,0
fer0019593.png,4,1,3,0,0,1,0,0,1,0
fer0019594.png,4,5,0,0,0,0,0,0,1,0
fer0019595.png,0,10,0,0,0,0,0,0,0,0
fer0019596.png,8,1,0,0,0,0,0,0,1,0
fer0019597.png,1,0,9,0,0,0,0,0,0,0
fer0019598.png,2,0,0,2,0,1,0,0,5,0
fer0019599.png,0,0,9,0,0,0,0,0,1,0
fer0019600.png,0,0,0,4,1,0,2,0,3,0
fer0019601.png,0,9,1,0,0,0,0,0,0,0
fer0019602.png,1,2,3,0,2,0,0,0,2,0
fer0019603.png,0,0,0,10,0,0,0,0,0,0
fer0019604.png,0,0,0,0,8,2,0,0,0,0
fer0019605.png,7,0,1,2,0,0,0,0,0,0
fer0019606.png,0,10,0,0,0,0,0,0,0,0
fer0019607.png,0,0,0,0,8,1,0,0,1,0
fer0019608.png,0,8,2,0,0,0,0,0,0,0
fer0019609.png,1,0,9,0,0,0,0,0,0,0
fer0019610.png,1,0,0,0,0,0,2,2,5,0
fer0019611.png,2,0,1,0,4,0,0,1,2,0
fer0019612.png,0,0,0,7,0,0,0,0,3,0
fer0019613.png,0,0,1,0,7,0,0,0,2,0
fer0019614.png,1,3,5,0,0,0,0,0,1,0
fer0019615.png,0,6,4,0,0,0,0,0,0,0
fer0019616.png,7,0,0,1,1,0,0,0,1,0
fer0019617.png,0,7,0,1,0,0,0,0,2,0
fer0019618.png,0,0,4,1,0,0,5,0,0,0
fer0019619.png,4,0,1,1,0,0,2,0,2,0
fer0019620.png,6,1,0,1,0,2,0,0,0,0
fer0019621.png,0,10,0,0,0,0,0,0,0,0
fer0019622.png,0,6,3,0,0,0,1,0,0,0
fer0019623.png,5,0,0,2,0,0,0,2,1,0
fer0019624.png,9,0,0,1,0,0,0,0,0,0
fer0019625.png,9,0,0,0,0,0,0,1,0,0
fer0019626.png,0,10,0,0,0,0,0,0,0,0
fer0019627.png,6,2,0,1,0,0,0,0,1,0
fer0019628.png,0,9,0,0,0,1,0,0,0,0
fer0019629.png,0,10,0,0,0,0,0,0,0,0
fer0019630.png,0,0,2,0,6,0,0,0,2,0
fer0019631.png,8,0,0,1,0,0,0,0,1,0
fer0019632.png,8,0,0,1,0,0,0,1,0,0
fer0019633.png,1,0,1,6,0,0,2,0,0,0
fer0019634.png,5,0,0,0,2,1,0,0,2,0
fer0019635.png,7,0,1,1,0,0,0,0,1,0
fer0019636.png,8,0,0,1,0,0,0,1,0,0
fer0019637.png,0,0,1,0,8,0,1,0,0,0
fer0019638.png,8,0,0,2,0,0,0,0,0,0
fer0019639.png,5,0,3,0,0,0,0,1,1,0
fer0019640.png,1,0,6,1,0,0,0,0,2,0
fer0019641.png,8,1,0,0,0,0,0,0,1,0
fer0019642.png,2,0,0,6,0,1,1,0,0,0
fer0019643.png,3,0,0,3,0,0,1,3,0,0
fer0019644.png,0,10,0,0,0,0,0,0,0,0
fer0019645.png,0,10,0,0,0,0,0,0,0,0
fer0019646.png,8,1,0,0,0,0,0,0,1,0
fer0019647.png,3,0,0,2,1,1,0,2,1,0
fer0019648.png,0,10,0,0,0,0,0,0,0,0
fer0019649.png,0,10,0,0,0,0,0,0,0,0
fer0019650.png,7,0,0,2,0,0,0,0,1,0
fer0019651.png,6,0,0,4,0,0,0,0,0,0
fer0019652.png,0,5,5,0,0,0,0,0,0,0
fer0019653.png,0,0,0,0,7,1,2,0,0,0
fer0019654.png,0,10,0,0,0,0,0,0,0,0
fer0019655.png,4,0,0,6,0,0,0,0,0,0
fer0019656.png,0,10,0,0,0,0,0,0,0,0
fer0019657.png,6,0,0,3,0,0,0,0,1,0
fer0019658.png,0,10,0,0,0,0,0,0,0,0
fer0019659.png,0,10,0,0,0,0,0,0,0,0
fer0019660.png,0,10,0,0,0,0,0,0,0,0
fer0019661.png,1,0,0,6,0,0,0,0,3,0
fer0019662.png,1,7,0,0,0,0,0,0,2,0
fer0019663.png,3,0,6,0,0,0,0,0,1,0
fer0019664.png,10,0,0,0,0,0,0,0,0,0
fer0019665.png,2,0,0,5,1,0,0,0,2,0
fer0019666.png,1,9,0,0,0,0,0,0,0,0
fer0019667.png,1,1,6,0,0,0,0,0,2,0
fer0019668.png,0,10,0,0,0,0,0,0,0,0
fer0019669.png,2,0,7,0,0,0,0,0,1,0
fer0019670.png,0,0,9,0,0,0,1,0,0,0
fer0019671.png,2,7,0,0,0,0,0,0,1,0
fer0019672.png,1,9,0,0,0,0,0,0,0,0
fer0019673.png,0,5,5,0,0,0,0,0,0,0
fer0019674.png,8,0,0,1,0,0,0,0,1,0
fer0019675.png,0,10,0,0,0,0,0,0,0,0
fer0019676.png,0,9,1,0,0,0,0,0,0,0
fer0019677.png,0,9,0,0,0,0,0,1,0,0
fer0019678.png,5,4,0,0,0,0,0,0,1,0
fer0019679.png,0,0,8,0,0,0,2,0,0,0
fer0019680.png,7,0,1,0,0,1,1,0,0,0
fer0019681.png,0,1,0,1,6,0,2,0,0,0
fer0019682.png,3,0,4,1,0,0,0,0,2,0
fer0019683.png,0,0,0,8,0,2,0,0,0,0
fer0019684.png,8,0,0,1,0,0,0,0,1,0
fer0019685.png,1,0,0,8,0,0,0,0,1,0
fer0019686.png,0,0,0,0,5,3,1,1,0,0
fer0019687.png,2,0,0,5,0,0,1,0,2,0
fer0019688.png,3,7,0,0,0,0,0,0,0,0
fer0019689.png,0,0,0,1,8,0,0,0,1,0
fer0019690.png,7,0,0,2,0,0,0,0,1,0
fer0019691.png,9,0,0,0,0,0,0,0,1,0
fer0019692.png,1,0,0,1,6,1,0,0,1,0
fer0019693.png,2,7,0,0,0,0,0,1,0,0
fer0019694.png,1,0,8,0,0,0,0,0,1,0
fer0019695.png,0,3,0,1,5,0,1,0,0,0
fer0019696.png,0,10,0,0,0,0,0,0,0,0
fer0019697.png,1,9,0,0,0,0,0,0,0,0
fer0019698.png,0,0,2,0,7,0,1,0,0,0
fer0019699.png,2,0,1,5,0,0,1,0,1,0
fer0019700.png,0,1,0,0,8,1,0,0,0,0
fer0019701.png,7,1,0,2,0,0,0,0,0,0
fer0019702.png,10,0,0,0,0,0,0,0,0,0
fer0019703.png,4,0,0,5,0,0,0,0,1,0
fer0019704.png,1,0,8,0,0,0,0,0,1,0
fer0019705.png,3,0,6,0,0,0,0,1,0,0
fer0019706.png,0,10,0,0,0,0,0,0,0,0
fer0019707.png,9,1,0,0,0,0,0,0,0,0
fer0019708.png,10,0,0,0,0,0,0,0,0,0
fer0019709.png,0,0,0,10,0,0,0,0,0,0
fer0019710.png,2,8,0,0,0,0,0,0,0,0
fer0019711.png,0,0,9,0,0,0,0,0,1,0
fer0019712.png,0,0,7,0,0,0,3,0,0,0
fer0019713.png,4,0,0,5,0,0,0,0,1,0
fer0019714.png,0,0,3,0,5,0,1,0,1,0
fer0019715.png,1,0,0,1,7,1,0,0,0,0
fer0019716.png,0,0,10,0,0,0,0,0,0,0
fer0019717.png,0,10,0,0,0,0,0,0,0,0
fer0019718.png,1,0,0,8,0,0,0,0,1,0
fer0019719.png,0,0,0,0,0,2,0,8,0,0
fer0019720.png,0,6,3,0,0,0,0,0,1,0
fer0019721.png,0,10,0,0,0,0,0,0,0,0
fer0019722.png,0,10,0,0,0,0,0,0,0,0
fer0019723.png,2,0,5,0,0,0,2,0,1,0
fer0019724.png,5,0,0,3,0,0,0,1,1,0
fer0019725.png,2,4,0,0,3,0,0,0,1,0
fer0019726.png,4,1,5,0,0,0,0,0,0,0
fer0019727.png,9,1,0,0,0,0,0,0,0,0
fer0019728.png,7,0,0,2,0,0,0,1,0,0
fer0019729.png,0,10,0,0,0,0,0,0,0,0
fer0019730.png,0,0,9,0,0,0,0,0,1,0
fer0019731.png,0,10,0,0,0,0,0,0,0,0
fer0019732.png,0,10,0,0,0,0,0,0,0,0
fer0019733.png,0,10,0,0,0,0,0,0,0,0
fer0019734.png,8,0,0,0,0,0,0,0,2,0
fer0019735.png,0,1,9,0,0,0,0,0,0,0
fer0019736.png,6,3,0,0,0,0,0,0,1,0
fer0019737.png,0,0,0,0,5,2,0,0,3,0
fer0019738.png,0,9,0,0,0,0,0,0,1,0
fer0019739.png,0,0,0,0,8,0,0,1,1,0
fer0019740.png,0,9,1,0,0,0,0,0,0,0
fer0019741.png,9,0,0,1,0,0,0,0,0,0
fer0019742.png,1,8,0,0,0,0,0,0,1,0
fer0019743.png,6,3,0,0,0,0,0,0,1,0
fer0019744.png,0,3,7,0,0,0,0,0,0,0
fer0019745.png,2,0,1,3,2,1,0,0,1,0
fer0019746.png,7,0,0,1,0,0,0,1,1,0
fer0019747.png,5,0,0,4,0,0,0,0,1,0
fer0019748.png,9,0,0,0,0,0,0,0,1,0
fer0019749.png,3,0,0,1,0,0,0,5,1,0
fer0019750.png,2,0,0,2,1,2,0,2,1,0
fer0019751.png,4,0,0,0,3,0,0,0,3,0
fer0019752.png,1,8,0,1,0,0,0,0,0,0
fer0019753.png,5,0,1,4,0,0,0,0,0,0
fer0019754.png,3,1,0,4,0,1,0,1,0,0
fer0019755.png,7,0,0,1,1,0,0,0,1,0
fer0019756.png,0,0,1,0,2,5,1,1,0,0
fer0019757.png,1,0,0,4,0,0,0,1,4,0
fer0019758.png,0,10,0,0,0,0,0,0,0,0
fer0019759.png,8,0,0,0,2,0,0,0,0,0
fer0019760.png,2,0,0,6,1,0,0,0,1,0
fer0019761.png,1,9,0,0,0,0,0,0,0,0
fer0019762.png,2,0,0,0,2,5,0,0,1,0
fer0019763.png,2,0,0,6,0,0,0,0,2,0
fer0019764.png,10,0,0,0,0,0,0,0,0,0
fer0019765.png,5,0,0,2,0,0,0,1,2,0
fer0019766.png,0,9,0,0,0,0,0,0,1,0
fer0019767.png,0,10,0,0,0,0,0,0,0,0
fer0019768.png,9,0,0,0,1,0,0,0,0,0
fer0019769.png,8,0,0,0,0,0,1,0,1,0
fer0019770.png,0,0,0,9,0,0,0,0,1,0
fer0019771.png,6,1,1,0,0,0,0,1,1,0
fer0019772.png,2,0,0,8,0,0,0,0,0,0
fer0019773.png,4,0,0,4,0,0,0,0,2,0
fer0019774.png,1,0,0,9,0,0,0,0,0,0
fer0019775.png,2,0,0,7,0,0,0,0,1,0
fer0019776.png,0,0,0,10,0,0,0,0,0,0
fer0019777.png,0,0,5,0,1,0,4,0,0,0
fer0019778.png,5,0,0,4,0,0,0,0,1,0
fer0019779.png,0,0,9,0,0,0,1,0,0,0
fer0019780.png,2,0,0,3,1,2,0,2,0,0
fer0019781.png,0,1,0,2,6,0,0,0,1,0
fer0019782.png,0,0,0,0,10,0,0,0,0,0
fer0019783.png,9,0,0,1,0,0,0,0,0,0
fer0019784.png,0,0,1,0,6,1,1,0,1,0
fer0019785.png,1,4,3,0,0,0,0,0,2,0
fer0019786.png,0,10,0,0,0,0,0,0,0,0
fer0019787.png,1,0,0,9,0,0,0,0,0,0
fer0019788.png,0,10,0,0,0,0,0,0,0,0
fer0019789.png,1,0,1,5,0,0,3,0,0,0
fer0019790.png,0,0,2,3,2,1,2,0,0,0
fer0019791.png,1,0,0,7,0,0,1,0,1,0
fer0019792.png,9,0,0,0,0,0,0,0,1,0
fer0019793.png,3,1,2,1,0,1,0,0,2,0
fer0019794.png,1,9,0,0,0,0,0,0,0,0
fer0019795.png,8,0,1,0,0,0,0,0,1,0
fer0019796.png,8,0,0,2,0,0,0,0,0,0
fer0019797.png,1,0,0,8,0,0,0,0,1,0
fer0019798.png,0,0,9,0,0,0,1,0,0,0
fer0019799.png,0,10,0,0,0,0,0,0,0,0
fer0019800.png,0,0,0,10,0,0,0,0,0,0
fer0019801.png,7,0,0,1,1,0,0,0,1,0
fer0019802.png,9,0,0,0,0,0,0,0,1,0
fer0019803.png,2,0,4,0,0,0,4,0,0,0
fer0019804.png,3,0,0,7,0,0,0,0,0,0
fer0019805.png,8,1,0,1,0,0,0,0,0,0
fer0019806.png,1,0,0,8,0,0,0,0,1,0
fer0019807.png,2,0,0,1,0,0,0,5,2,0
fer0019808.png,0,10,0,0,0,0,0,0,0,0
fer0019809.png,0,10,0,0,0,0,0,0,0,0
fer0019810.png,7,0,0,0,2,0,0,0,1,0
fer0019811.png,0,1,6,0,1,0,1,0,1,0
fer0019812.png,9,0,0,0,0,0,0,0,1,0
fer0019813.png,3,0,0,7,0,0,0,0,0,0
fer0019814.png,0,0,4,0,0,0,6,0,0,0
fer0019815.png,1,0,0,1,2,3,0,2,1,0
fer0019816.png,8,0,0,2,0,0,0,0,0,0
fer0019817.png,7,0,0,1,0,0,0,0,2,0
fer0019818.png,4,6,0,0,0,0,0,0,0,0
fer0019819.png,4,5,0,0,0,0,0,0,1,0
fer0019820.png,8,0,0,0,0,0,0,0,2,0
fer0019821.png,2,0,1,4,1,0,0,0,2,0
fer0019822.png,1,0,0,7,0,0,0,0,2,0
fer0019823.png,0,1,3,0,4,0,2,0,0,0
fer0019824.png,0,10,0,0,0,0,0,0,0,0
fer0019825.png,0,0,0,0,8,1,0,0,1,0
fer0019826.png,0,0,0,0,6,3,0,0,1,0
fer0019827.png,8,0,0,0,1,1,0,0,0,0
fer0019828.png,4,0,0,1,3,0,0,1,1,0
fer0019829.png,5,0,0,1,3,0,0,1,0,0
fer0019830.png,0,9,0,1,0,0,0,0,0,0
fer0019831.png,8,1,0,1,0,0,0,0,0,0
fer0019832.png,0,10,0,0,0,0,0,0,0,0
fer0019833.png,4,0,3,0,0,0,1,0,2,0
fer0019834.png,0,10,0,0,0,0,0,0,0,0
fer0019835.png,9,0,0,0,0,0,0,0,1,0
fer0019836.png,0,0,5,0,0,0,3,0,2,0
fer0019837.png,0,0,9,0,0,0,0,0,1,0
fer0019838.png,1,9,0,0,0,0,0,0,0,0
fer0019839.png,8,0,0,0,1,0,0,0,1,0
fer0019840.png,2,0,7,0,0,0,1,0,0,0
fer0019841.png,0,10,0,0,0,0,0,0,0,0
fer0019842.png,8,0,0,2,0,0,0,0,0,0
fer0019843.png,0,10,0,0,0,0,0,0,0,0
fer0019844.png,10,0,0,0,0,0,0,0,0,0
fer0019845.png,1,0,1,7,1,0,0,0,0,0
fer0019846.png,3,0,2,0,4,0,0,0,1,0
fer0019847.png,9,0,0,0,0,0,0,0,1,0
fer0019848.png,1,9,0,0,0,0,0,0,0,0
fer0019849.png,6,1,0,2,0,0,0,0,1,0
fer0019850.png,10,0,0,0,0,0,0,0,0,0
fer0019851.png,0,10,0,0,0,0,0,0,0,0
fer0019852.png,1,0,7,0,0,0,1,0,1,0
fer0019853.png,4,0,3,0,1,0,0,0,2,0
fer0019854.png,7,0,0,1,0,0,0,1,1,0
fer0019855.png,1,0,1,0,7,0,1,0,0,0
fer0019856.png,0,0,0,0,1,3,0,6,0,0
fer0019857.png,0,0,0,3,5,0,1,0,1,0
fer0019858.png,5,1,0,1,0,0,0,1,2,0
fer0019859.png,0,9,1,0,0,0,0,0,0,0
fer0019860.png,4,0,0,0,4,0,0,1,1,0
fer0019861.png,2,0,0,8,0,0,0,0,0,0
fer0019862.png,0,10,0,0,0,0,0,0,0,0
fer0019863.png,0,10,0,0,0,0,0,0,0,0
fer0019864.png,0,0,8,0,1,0,1,0,0,0
fer0019865.png,2,0,0,8,0,0,0,0,0,0
fer0019866.png,0,0,0,10,0,0,0,0,0,0
fer0019867.png,0,10,0,0,0,0,0,0,0,0
fer0019868.png,5,5,0,0,0,0,0,0,0,0
fer0019869.png,0,1,9,0,0,0,0,0,0,0
fer0019870.png,3,0,1,0,1,1,0,2,2,0
fer0019871.png,6,3,0,1,0,0,0,0,0,0
fer0019872.png,0,0,0,0,10,0,0,0,0,0
fer0019873.png,0,1,1,0,7,0,1,0,0,0
fer0019874.png,0,0,0,5,2,0,0,0,3,0
fer0019875.png,2,0,0,2,0,1,0,4,1,0
fer0019876.png,0,10,0,0,0,0,0,0,0,0
fer0019877.png,0,0,7,0,0,0,3,0,0,0
fer0019878.png,0,1,7,1,0,0,0,0,1,0
fer0019879.png,0,10,0,0,0,0,0,0,0,0
fer0019880.png,0,0,0,9,0,0,0,0,1,0
fer0019881.png,1,0,5,0,0,0,1,0,3,0
fer0019882.png,0,10,0,0,0,0,0,0,0,0
fer0019883.png,5,0,0,2,2,1,0,0,0,0
fer0019884.png,10,0,0,0,0,0,0,0,0,0
fer0019885.png,3,0,3,0,0,0,0,0,4,0
fer0019886.png,8,1,0,0,0,0,0,0,1,0
fer0019887.png,2,0,1,0,5,1,0,0,1,0
fer0019888.png,8,0,0,1,0,0,0,1,0,0
fer0019889.png,1,9,0,0,0,0,0,0,0,0
fer0019890.png,9,0,0,1,0,0,0,0,0,0
fer0019891.png,10,0,0,0,0,0,0,0,0,0
fer0019892.png,0,10,0,0,0,0,0,0,0,0
fer0019893.png,2,7,0,0,0,0,0,0,1,0
fer0019894.png,8,0,0,2,0,0,0,0,0,0
fer0019895.png,7,0,0,1,2,0,0,0,0,0
fer0019896.png,4,6,0,0,0,0,0,0,0,0
fer0019897.png,3,0,0,7,0,0,0,0,0,0
fer0019898.png,1,0,8,0,0,0,0,0,1,0
fer0019899.png,8,0,0,0,0,0,0,0,2,0
fer0019900.png,7,0,1,1,1,0,0,0,0,0
fer0019901.png,0,10,0,0,0,0,0,0,0,0
fer0019902.png,8,0,0,0,0,0,0,0,2,0
fer0019903.png,0,0,0,2,8,0,0,0,0,0
fer0019904.png,2,0,0,6,0,0,0,0,2,0
fer0019905.png,1,9,0,0,0,0,0,0,0,0
fer0019906.png,0,7,2,0,0,0,0,0,1,0
fer0019907.png,0,9,0,0,0,0,0,0,1,0
fer0019908.png,0,2,1,0,0,0,7,0,0,0
fer0019909.png,9,0,0,1,0,0,0,0,0,0
fer0019910.png,0,2,2,0,1,0,4,0,1,0
fer0019911.png,1,9,0,0,0,0,0,0,0,0
fer0019912.png,7,0,0,2,0,0,0,0,1,0
fer0019913.png,1,1,0,7,0,0,0,0,1,0
fer0019914.png,0,10,0,0,0,0,0,0,0,0
fer0019915.png,9,0,0,0,0,1,0,0,0,0
fer0019916.png,5,0,0,0,4,0,0,0,1,0
fer0019917.png,0,9,1,0,0,0,0,0,0,0
fer0019918.png,8,0,0,1,1,0,0,0,0,0
fer0019919.png,10,0,0,0,0,0,0,0,0,0
fer0019920.png,0,10,0,0,0,0,0,0,0,0
fer0019921.png,0,0,10,0,0,0,0,0,0,0
fer0019922.png,9,0,0,0,0,0,0,0,1,0
fer0019923.png,0,0,9,0,0,1,0,0,0,0
fer0019924.png,1,0,0,6,0,1,0,0,2,0
fer0019925.png,5,0,0,5,0,0,0,0,0,0
fer0019926.png,0,10,0,0,0,0,0,0,0,0
fer0019927.png,1,0,9,0,0,0,0,0,0,0
fer0019928.png,10,0,0,0,0,0,0,0,0,0
fer0019929.png,1,0,1,1,1,0,5,0,1,0
fer0019930.png,0,10,0,0,0,0,0,0,0,0
fer0019931.png,0,10,0,0,0,0,0,0,0,0
fer0019932.png,7,0,0,2,0,0,0,0,1,0
fer0019933.png,4,5,0,0,0,0,0,0,1,0
fer0019934.png,0,0,10,0,0,0,0,0,0,0
fer0019935.png,4,5,0,1,0,0,0,0,0,0
fer0019936.png,0,9,0,0,0,0,0,0,1,0
fer0019937.png,8,0,1,1,0,0,0,0,0,0
fer0019938.png,0,10,0,0,0,0,0,0,0,0
fer0019939.png,7,0,0,3,0,0,0,0,0,0
fer0019940.png,0,0,0,0,10,0,0,0,0,0
fer0019941.png,0,10,0,0,0,0,0,0,0,0
fer0019942.png,2,8,0,0,0,0,0,0,0,0
fer0019943.png,6,2,0,0,0,0,0,2,0,0
fer0019944.png,3,0,0,7,0,0,0,0,0,0
fer0019945.png,0,10,0,0,0,0,0,0,0,0
fer0019947.png,0,0,8,0,0,0,2,0,0,0
fer0019948.png,3,0,0,4,0,0,0,0,3,0
fer0019949.png,0,10,0,0,0,0,0,0,0,0
fer0019950.png,0,2,0,8,0,0,0,0,0,0
fer0019951.png,0,10,0,0,0,0,0,0,0,0
fer0019952.png,0,0,9,1,0,0,0,0,0,0
fer0019953.png,0,0,0,0,7,0,3,0,0,0
fer0019954.png,0,6,0,0,0,0,0,0,4,0
fer0019955.png,1,0,7,0,0,0,2,0,0,0
fer0019956.png,9,0,0,1,0,0,0,0,0,0
fer0019957.png,8,0,0,1,0,0,0,0,1,0
fer0019958.png,0,0,0,10,0,0,0,0,0,0
fer0019959.png,6,0,0,1,0,0,0,1,2,0
fer0019960.png,6,2,0,2,0,0,0,0,0,0
fer0019961.png,1,8,1,0,0,0,0,0,0,0
fer0019962.png,0,2,8,0,0,0,0,0,0,0
fer0019963.png,9,0,0,0,0,0,0,1,0,0
fer0019964.png,1,0,6,0,1,0,2,0,0,0
fer0019965.png,6,0,0,3,0,0,0,0,1,0
fer0019966.png,1,0,0,2,2,1,0,1,3,0
fer0019967.png,0,0,9,0,0,0,1,0,0,0
fer0019968.png,8,1,0,0,0,0,0,0,0,1
fer0019969.png,0,0,8,0,0,0,0,1,1,0
fer0019970.png,0,7,1,1,1,0,0,0,0,0
fer0019971.png,0,1,0,1,3,2,1,1,1,0
fer0019972.png,1,9,0,0,0,0,0,0,0,0
fer0019973.png,3,0,3,0,0,0,1,0,3,0
fer0019974.png,0,10,0,0,0,0,0,0,0,0
fer0019975.png,9,0,0,0,1,0,0,0,0,0
fer0019976.png,3,0,0,1,1,0,0,3,2,0
fer0019977.png,8,0,0,2,0,0,0,0,0,0
fer0019978.png,9,0,0,1,0,0,0,0,0,0
fer0019979.png,1,0,0,6,0,0,0,0,3,0
fer0019980.png,0,0,0,0,8,0,1,0,1,0
fer0019981.png,0,9,1,0,0,0,0,0,0,0
fer0019982.png,1,0,0,3,4,0,1,0,1,0
fer0019983.png,3,0,0,3,2,2,0,0,0,0
fer0019984.png,2,0,1,1,5,0,0,0,1,0
fer0019985.png,9,0,0,0,0,0,0,0,1,0
fer0019986.png,5,0,0,1,0,1,0,1,2,0
fer0019987.png,5,0,0,3,1,0,0,0,1,0
fer0019988.png,0,10,0,0,0,0,0,0,0,0
fer0019989.png,3,7,0,0,0,0,0,0,0,0
fer0019990.png,0,10,0,0,0,0,0,0,0,0
fer0019991.png,9,0,0,0,0,0,0,0,1,0
fer0019992.png,0,10,0,0,0,0,0,0,0,0
fer0019993.png,3,1,0,5,0,0,0,1,0,0
fer0019994.png,9,0,0,0,0,0,0,0,1,0
fer0019995.png,9,0,0,1,0,0,0,0,0,0
fer0019996.png,1,0,0,6,0,0,0,0,3,0
fer0019997.png,0,10,0,0,0,0,0,0,0,0
fer0019998.png,0,10,0,0,0,0,0,0,0,0
fer0019999.png,0,0,1,0,9,0,0,0,0,0
fer0020000.png,6,0,0,0,1,0,0,1,2,0
fer0020001.png,0,0,0,6,1,3,0,0,0,0
fer0020002.png,5,0,0,5,0,0,0,0,0,0
fer0020003.png,0,9,0,0,0,0,0,0,1,0
fer0020004.png,0,1,2,1,5,0,0,0,1,0
fer0020005.png,2,0,0,2,5,0,0,0,1,0
fer0020006.png,7,0,1,0,0,0,0,0,2,0
fer0020007.png,7,0,0,1,0,0,0,1,1,0
fer0020008.png,0,9,1,0,0,0,0,0,0,0
fer0020009.png,0,10,0,0,0,0,0,0,0,0
fer0020010.png,1,7,0,1,0,0,0,0,1,0
fer0020011.png,0,3,0,3,0,0,1,0,3,0
fer0020012.png,5,0,0,2,3,0,0,0,0,0
fer0020013.png,0,0,7,0,0,0,2,0,1,0
fer0020014.png,9,0,0,0,0,0,0,0,1,0
fer0020015.png,0,10,0,0,0,0,0,0,0,0
fer0020016.png,0,6,3,0,0,0,1,0,0,0
fer0020017.png,2,0,3,0,0,0,0,1,4,0
fer0020018.png,8,1,0,1,0,0,0,0,0,0
fer0020019.png,0,0,0,0,9,0,0,0,1,0
fer0020020.png,1,0,0,0,5,2,0,0,2,0
fer0020021.png,0,0,0,10,0,0,0,0,0,0
fer0020022.png,0,0,0,10,0,0,0,0,0,0
fer0020023.png,0,10,0,0,0,0,0,0,0,0
fer0020024.png,10,0,0,0,0,0,0,0,0,0
fer0020025.png,3,0,0,5,0,0,0,1,1,0
fer0020026.png,1,2,7,0,0,0,0,0,0,0
fer0020027.png,0,0,8,0,0,0,2,0,0,0
fer0020028.png,1,9,0,0,0,0,0,0,0,0
fer0020029.png,8,0,0,1,0,0,0,0,1,0
fer0020030.png,0,10,0,0,0,0,0,0,0,0
fer0020031.png,0,9,1,0,0,0,0,0,0,0
fer0020032.png,0,3,1,0,2,0,2,0,2,0
fer0020033.png,0,0,10,0,0,0,0,0,0,0
fer0020034.png,1,9,0,0,0,0,0,0,0,0
fer0020035.png,7,0,0,1,0,0,0,0,2,0
fer0020036.png,5,3,0,1,0,0,0,1,0,0
fer0020037.png,0,0,5,0,0,0,5,0,0,0
fer0020038.png,8,0,0,1,0,0,0,0,1,0
fer0020039.png,10,0,0,0,0,0,0,0,0,0
fer0020040.png,1,9,0,0,0,0,0,0,0,0
fer0020041.png,6,0,2,0,1,0,0,0,1,0
fer0020042.png,1,0,1,6,1,0,0,0,1,0
fer0020043.png,0,0,3,1,1,1,4,0,0,0
fer0020044.png,0,9,1,0,0,0,0,0,0,0
fer0020045.png,0,10,0,0,0,0,0,0,0,0
fer0020046.png,1,0,0,1,5,0,0,1,2,0
fer0020047.png,5,0,0,3,0,0,0,1,1,0
fer0020048.png,1,0,3,1,0,0,3,0,2,0
fer0020049.png,1,1,0,7,0,0,0,0,1,0
fer0020050.png,0,0,10,0,0,0,0,0,0,0
fer0020051.png,9,0,0,0,0,1,0,0,0,0
fer0020052.png,1,0,0,0,2,5,0,1,1,0
fer0020053.png,4,0,0,6,0,0,0,0,0,0
fer0020054.png,10,0,0,0,0,0,0,0,0,0
fer0020055.png,9,1,0,0,0,0,0,0,0,0
fer0020056.png,1,9,0,0,0,0,0,0,0,0
fer0020057.png,4,0,0,6,0,0,0,0,0,0
fer0020058.png,1,1,0,6,0,0,0,0,2,0
fer0020059.png,0,0,5,0,2,0,3,0,0,0
fer0020060.png,0,10,0,0,0,0,0,0,0,0
fer0020061.png,1,0,8,0,0,0,0,0,1,0
fer0020062.png,2,0,6,0,0,0,0,0,2,0
fer0020063.png,0,10,0,0,0,0,0,0,0,0
fer0020064.png,8,0,0,0,0,0,0,0,2,0
fer0020065.png,6,0,0,2,0,0,0,0,2,0
fer0020066.png,0,1,1,1,0,1,1,3,2,0
fer0020067.png,1,7,1,1,0,0,0,0,0,0
fer0020068.png,7,0,0,2,0,0,0,0,1,0
fer0020069.png,0,10,0,0,0,0,0,0,0,0
fer0020070.png,3,0,1,2,1,0,2,0,1,0
fer0020071.png,0,10,0,0,0,0,0,0,0,0
fer0020072.png,6,0,2,1,0,0,0,1,0,0
fer0020073.png,1,1,0,2,1,1,0,0,4,0
fer0020074.png,0,10,0,0,0,0,0,0,0,0
fer0020075.png,0,10,0,0,0,0,0,0,0,0
fer0020076.png,0,6,2,0,1,0,1,0,0,0
fer0020077.png,0,8,1,0,0,0,0,0,1,0
fer0020078.png,0,10,0,0,0,0,0,0,0,0
fer0020079.png,0,1,1,1,6,0,0,0,1,0
fer0020080.png,0,10,0,0,0,0,0,0,0,0
fer0020081.png,0,0,1,9,0,0,0,0,0,0
fer0020082.png,1,0,0,8,0,0,0,0,1,0
fer0020083.png,2,1,1,5,0,0,1,0,0,0
fer0020084.png,5,0,1,2,0,0,0,1,1,0
fer0020085.png,1,5,2,1,1,0,0,0,0,0
fer0020086.png,1,0,0,5,0,2,0,2,0,0
fer0020087.png,1,8,0,0,0,0,0,0,1,0
fer0020088.png,2,0,7,0,0,0,0,0,1,0
fer0020089.png,1,9,0,0,0,0,0,0,0,0
fer0020090.png,0,0,4,0,1,0,5,0,0,0
fer0020091.png,0,10,0,0,0,0,0,0,0,0
fer0020092.png,0,8,0,0,1,0,0,0,1,0
fer0020093.png,0,0,10,0,0,0,0,0,0,0
fer0020094.png,1,0,6,1,0,0,0,0,2,0
fer0020095.png,0,0,10,0,0,0,0,0,0,0
fer0020096.png,5,0,0,3,0,0,1,1,0,0
fer0020097.png,5,0,5,0,0,0,0,0,0,0
fer0020098.png,10,0,0,0,0,0,0,0,0,0
fer0020099.png,8,0,0,1,0,0,0,0,1,0
fer0020100.png,1,8,0,0,0,0,0,0,1,0
fer0020101.png,1,2,0,7,0,0,0,0,0,0
fer0020102.png,8,0,0,1,0,0,0,0,1,0
fer0020103.png,10,0,0,0,0,0,0,0,0,0
fer0020104.png,2,6,0,0,0,0,0,0,2,0
fer0020105.png,9,0,0,0,0,0,0,1,0,0
fer0020106.png,6,4,0,0,0,0,0,0,0,0
fer0020107.png,7,0,0,2,0,0,0,0,1,0
fer0020108.png,2,0,0,8,0,0,0,0,0,0
fer0020109.png,10,0,0,0,0,0,0,0,0,0
fer0020110.png,5,0,0,4,0,0,0,0,1,0
fer0020111.png,0,0,9,0,0,0,1,0,0,0
fer0020112.png,0,0,7,0,0,0,3,0,0,0
fer0020113.png,8,0,0,0,1,0,0,0,1,0
fer0020114.png,1,9,0,0,0,0,0,0,0,0
fer0020115.png,5,0,1,4,0,0,0,0,0,0
fer0020116.png,0,0,10,0,0,0,0,0,0,0
fer0020117.png,4,0,0,2,4,0,0,0,0,0
fer0020118.png,0,10,0,0,0,0,0,0,0,0
fer0020119.png,1,0,0,8,0,0,0,0,1,0
fer0020120.png,1,0,0,8,0,0,0,1,0,0
fer0020121.png,9,0,0,0,1,0,0,0,0,0
fer0020122.png,6,0,0,1,0,1,0,1,1,0
fer0020123.png,9,0,0,0,0,0,0,0,1,0
fer0020124.png,2,0,5,1,0,0,0,0,2,0
fer0020125.png,0,10,0,0,0,0,0,0,0,0
fer0020126.png,0,10,0,0,0,0,0,0,0,0
fer0020127.png,3,7,0,0,0,0,0,0,0,0
fer0020128.png,10,0,0,0,0,0,0,0,0,0
fer0020129.png,1,0,8,0,0,1,0,0,0,0
fer0020130.png,1,6,2,0,0,0,0,0,1,0
fer0020131.png,0,0,4,1,0,0,5,0,0,0
fer0020132.png,0,1,2,0,5,0,2,0,0,0
fer0020133.png,2,4,0,2,0,0,0,0,2,0
fer0020134.png,8,0,0,0,0,0,0,1,1,0
fer0020135.png,3,0,0,0,6,1,0,0,0,0
fer0020136.png,0,10,0,0,0,0,0,0,0,0
fer0020137.png,2,3,2,0,1,0,1,1,0,0
fer0020138.png,10,0,0,0,0,0,0,0,0,0
fer0020139.png,1,9,0,0,0,0,0,0,0,0
fer0020140.png,4,0,0,6,0,0,0,0,0,0
fer0020141.png,0,0,0,10,0,0,0,0,0,0
fer0020142.png,8,0,0,2,0,0,0,0,0,0
fer0020143.png,1,0,6,0,2,0,1,0,0,0
fer0020144.png,1,0,0,7,0,0,0,0,2,0
fer0020145.png,0,10,0,0,0,0,0,0,0,0
fer0020146.png,8,0,0,1,0,0,0,0,1,0
fer0020147.png,9,0,0,0,0,0,0,0,1,0
fer0020148.png,8,2,0,0,0,0,0,0,0,0
fer0020149.png,0,0,0,0,10,0,0,0,0,0
fer0020150.png,0,10,0,0,0,0,0,0,0,0
fer0020151.png,6,0,0,2,0,0,0,2,0,0
fer0020152.png,1,3,0,6,0,0,0,0,0,0
fer0020153.png,10,0,0,0,0,0,0,0,0,0
fer0020154.png,0,0,8,0,0,0,1,0,1,0
fer0020155.png,0,7,2,1,0,0,0,0,0,0
fer0020156.png,1,8,1,0,0,0,0,0,0,0
fer0020157.png,0,10,0,0,0,0,0,0,0,0
fer0020158.png,0,0,10,0,0,0,0,0,0,0
fer0020159.png,1,0,0,9,0,0,0,0,0,0
fer0020160.png,1,0,6,0,0,0,3,0,0,0
fer0020161.png,2,0,7,0,0,0,0,0,1,0
fer0020162.png,1,9,0,0,0,0,0,0,0,0
fer0020163.png,1,0,0,5,1,0,0,0,3,0
fer0020164.png,3,0,6,0,0,0,1,0,0,0
fer0020165.png,3,7,0,0,0,0,0,0,0,0
fer0020166.png,0,1,0,9,0,0,0,0,0,0
fer0020167.png,0,10,0,0,0,0,0,0,0,0
fer0020168.png,0,10,0,0,0,0,0,0,0,0
fer0020169.png,2,0,0,2,4,1,0,0,1,0
fer0020170.png,0,9,0,0,0,0,0,0,1,0
fer0020171.png,8,0,0,0,2,0,0,0,0,0
fer0020172.png,0,0,5,3,0,0,0,0,2,0
fer0020173.png,1,0,0,4,3,0,1,0,1,0
fer0020174.png,1,9,0,0,0,0,0,0,0,0
fer0020175.png,6,0,0,0,4,0,0,0,0,0
fer0020176.png,0,10,0,0,0,0,0,0,0,0
fer0020177.png,0,10,0,0,0,0,0,0,0,0
fer0020178.png,8,0,0,1,1,0,0,0,0,0
fer0020179.png,1,0,8,0,0,0,0,0,1,0
fer0020180.png,1,0,0,7,0,0,0,0,2,0
fer0020181.png,3,1,0,6,0,0,0,0,0,0
fer0020182.png,0,0,0,10,0,0,0,0,0,0
fer0020183.png,2,8,0,0,0,0,0,0,0,0
fer0020184.png,10,0,0,0,0,0,0,0,0,0
fer0020185.png,0,0,0,1,7,2,0,0,0,0
fer0020186.png,0,10,0,0,0,0,0,0,0,0
fer0020187.png,0,10,0,0,0,0,0,0,0,0
fer0020188.png,1,9,0,0,0,0,0,0,0,0
fer0020189.png,1,0,8,0,0,0,1,0,0,0
fer0020190.png,0,10,0,0,0,0,0,0,0,0
fer0020191.png,7,3,0,0,0,0,0,0,0,0
fer0020192.png,3,0,4,1,2,0,0,0,0,0
fer0020193.png,6,0,0,3,0,0,0,0,1,0
fer0020194.png,7,2,0,0,0,0,0,0,1,0
fer0020195.png,0,10,0,0,0,0,0,0,0,0
fer0020196.png,4,0,0,5,0,0,0,0,1,0
fer0020197.png,4,0,0,4,0,1,1,0,0,0
fer0020198.png,9,0,0,0,0,0,0,0,1,0
fer0020199.png,4,0,0,3,1,1,0,0,1,0
fer0020200.png,0,10,0,0,0,0,0,0,0,0
fer0020201.png,0,9,0,0,0,0,0,0,1,0
fer0020202.png,0,0,0,4,0,1,2,1,2,0
fer0020203.png,0,0,7,0,0,0,3,0,0,0
fer0020204.png,3,0,0,0,6,0,0,1,0,0
fer0020205.png,7,0,0,2,0,0,0,0,1,0
fer0020206.png,0,10,0,0,0,0,0,0,0,0
fer0020207.png,4,1,0,0,1,2,0,1,1,0
fer0020208.png,6,0,0,1,1,0,0,0,2,0
fer0020209.png,6,0,1,2,0,0,0,0,1,0
fer0020210.png,0,0,9,0,0,0,0,0,1,0
fer0020211.png,1,8,0,0,0,0,0,0,1,0
fer0020212.png,0,0,0,0,9,0,0,0,1,0
fer0020213.png,1,2,0,0,1,0,5,0,1,0
fer0020214.png,2,0,0,1,7,0,0,0,0,0
fer0020215.png,0,10,0,0,0,0,0,0,0,0
fer0020216.png,0,10,0,0,0,0,0,0,0,0
fer0020217.png,9,0,0,0,0,0,0,0,1,0
fer0020218.png,2,7,0,0,0,0,0,0,1,0
fer0020219.png,6,0,1,1,0,0,0,2,0,0
fer0020220.png,6,0,0,2,0,0,0,0,2,0
fer0020221.png,4,0,0,5,0,0,0,0,1,0
fer0020222.png,7,1,0,0,0,0,0,1,1,0
fer0020223.png,0,10,0,0,0,0,0,0,0,0
fer0020224.png,0,10,0,0,0,0,0,0,0,0
fer0020225.png,0,0,0,2,0,0,8,0,0,0
fer0020226.png,2,6,1,0,0,0,0,0,1,0
fer0020227.png,2,8,0,0,0,0,0,0,0,0
fer0020228.png,6,0,0,1,2,0,0,1,0,0
fer0020229.png,2,0,3,0,0,0,5,0,0,0
fer0020230.png,3,1,0,6,0,0,0,0,0,0
fer0020231.png,0,10,0,0,0,0,0,0,0,0
fer0020232.png,4,0,0,3,1,0,0,0,2,0
fer0020233.png,0,10,0,0,0,0,0,0,0,0
fer0020234.png,5,4,1,0,0,0,0,0,0,0
fer0020235.png,1,0,8,0,1,0,0,0,0,0
fer0020236.png,7,0,1,2,0,0,0,0,0,0
fer0020237.png,9,0,0,0,0,0,0,1,0,0
fer0020238.png,0,0,0,0,10,0,0,0,0,0
fer0020239.png,4,4,0,2,0,0,0,0,0,0
fer0020240.png,6,3,0,0,0,0,0,0,1,0
fer0020241.png,0,0,8,0,0,0,1,0,1,0
fer0020242.png,0,0,0,5,4,0,0,0,1,0
fer0020243.png,5,0,2,0,0,0,2,0,1,0
fer0020244.png,1,7,0,0,0,0,0,0,2,0
fer0020245.png,6,2,0,0,1,0,0,1,0,0
fer0020246.png,2,0,5,0,3,0,0,0,0,0
fer0020247.png,6,0,1,1,0,0,2,0,0,0
fer0020248.png,0,0,9,0,0,0,0,0,1,0
fer0020249.png,2,0,0,6,0,1,0,0,1,0
fer0020250.png,0,1,9,0,0,0,0,0,0,0
fer0020251.png,1,0,0,0,7,1,0,0,1,0
fer0020252.png,1,6,0,3,0,0,0,0,0,0
fer0020253.png,3,0,1,0,0,0,5,0,1,0
fer0020254.png,1,0,0,9,0,0,0,0,0,0
fer0020255.png,7,0,0,0,0,0,0,1,2,0
fer0020256.png,4,0,0,3,2,0,0,0,1,0
fer0020257.png,1,9,0,0,0,0,0,0,0,0
fer0020258.png,1,1,8,0,0,0,0,0,0,0
fer0020259.png,0,0,8,0,0,0,2,0,0,0
fer0020260.png,4,0,0,0,4,0,0,0,1,1
fer0020261.png,8,0,0,2,0,0,0,0,0,0
fer0020262.png,1,8,0,0,0,0,0,0,1,0
fer0020263.png,2,7,0,0,0,0,0,0,1,0
fer0020264.png,1,0,7,0,0,0,0,0,2,0
fer0020265.png,10,0,0,0,0,0,0,0,0,0
fer0020266.png,1,9,0,0,0,0,0,0,0,0
fer0020267.png,0,0,7,0,0,0,3,0,0,0
fer0020268.png,0,0,0,0,7,2,1,0,0,0
fer0020269.png,0,0,0,10,0,0,0,0,0,0
fer0020270.png,0,0,0,9,1,0,0,0,0,0
fer0020271.png,8,0,0,1,0,0,0,1,0,0
fer0020272.png,4,0,2,1,0,0,1,0,2,0
fer0020273.png,2,0,0,1,0,0,0,7,0,0
fer0020274.png,4,0,0,5,0,0,0,0,1,0
fer0020275.png,7,0,0,2,1,0,0,0,0,0
fer0020276.png,0,0,0,0,4,2,2,0,2,0
fer0020277.png,3,0,2,0,1,1,0,0,3,0
fer0020278.png,0,1,7,0,2,0,0,0,0,0
fer0020279.png,3,0,2,0,3,1,0,0,1,0
fer0020280.png,1,0,0,6,0,0,2,0,0,1
fer0020281.png,9,0,0,1,0,0,0,0,0,0
fer0020282.png,0,10,0,0,0,0,0,0,0,0
fer0020283.png,3,0,0,2,3,0,0,0,2,0
fer0020284.png,10,0,0,0,0,0,0,0,0,0
fer0020285.png,10,0,0,0,0,0,0,0,0,0
fer0020286.png,6,0,0,1,1,0,0,0,2,0
fer0020287.png,1,0,0,9,0,0,0,0,0,0
fer0020288.png,0,0,0,10,0,0,0,0,0,0
fer0020289.png,0,10,0,0,0,0,0,0,0,0
fer0020290.png,0,0,1,6,3,0,0,0,0,0
fer0020291.png,0,1,2,0,1,0,5,0,1,0
fer0020292.png,5,4,0,0,1,0,0,0,0,0
fer0020293.png,10,0,0,0,0,0,0,0,0,0
fer0020294.png,0,10,0,0,0,0,0,0,0,0
fer0020295.png,10,0,0,0,0,0,0,0,0,0
fer0020296.png,7,0,0,2,0,0,0,0,1,0
fer0020297.png,2,0,0,6,0,1,0,0,1,0
fer0020298.png,1,3,6,0,0,0,0,0,0,0
fer0020299.png,9,0,0,0,1,0,0,0,0,0
fer0020300.png,1,9,0,0,0,0,0,0,0,0
fer0020301.png,0,0,0,0,8,1,0,0,1,0
fer0020302.png,0,10,0,0,0,0,0,0,0,0
fer0020303.png,0,10,0,0,0,0,0,0,0,0
fer0020304.png,10,0,0,0,0,0,0,0,0,0
fer0020305.png,0,0,0,8,0,0,0,0,2,0
fer0020306.png,7,0,0,1,0,0,0,0,2,0
fer0020307.png,5,1,1,2,0,0,0,1,0,0
fer0020308.png,6,2,0,1,0,0,0,1,0,0
fer0020309.png,0,6,0,0,4,0,0,0,0,0
fer0020310.png,1,0,0,8,1,0,0,0,0,0
fer0020311.png,1,1,7,0,0,0,0,0,1,0
fer0020312.png,2,0,4,0,0,0,1,0,3,0
fer0020313.png,0,10,0,0,0,0,0,0,0,0
fer0020314.png,2,0,0,8,0,0,0,0,0,0
fer0020315.png,0,1,9,0,0,0,0,0,0,0
fer0020316.png,1,1,1,2,1,0,0,0,4,0
fer0020317.png,8,0,1,0,1,0,0,0,0,0
fer0020318.png,0,10,0,0,0,0,0,0,0,0
fer0020319.png,1,7,0,0,1,0,0,0,1,0
fer0020320.png,7,0,0,0,2,0,0,0,1,0
fer0020321.png,1,0,8,0,0,0,1,0,0,0
fer0020322.png,3,0,0,3,4,0,0,0,0,0
fer0020323.png,9,0,0,0,0,0,0,0,1,0
fer0020324.png,0,10,0,0,0,0,0,0,0,0
fer0020325.png,0,9,1,0,0,0,0,0,0,0
fer0020326.png,0,10,0,0,0,0,0,0,0,0
fer0020327.png,2,8,0,0,0,0,0,0,0,0
fer0020328.png,0,3,6,0,1,0,0,0,0,0
fer0020329.png,3,0,1,1,0,0,1,1,3,0
fer0020330.png,1,0,1,1,0,0,7,0,0,0
fer0020331.png,9,0,0,0,0,0,0,0,1,0
fer0020332.png,0,0,0,0,7,2,0,1,0,0
fer0020333.png,1,0,2,0,4,0,1,0,2,0
fer0020334.png,1,8,0,0,0,0,0,0,1,0
fer0020335.png,0,0,9,1,0,0,0,0,0,0
fer0020336.png,0,1,7,0,0,0,1,0,1,0
fer0020337.png,9,0,0,0,0,0,0,0,1,0
fer0020338.png,0,9,0,0,0,0,0,0,1,0
fer0020339.png,8,0,0,0,1,1,0,0,0,0
fer0020340.png,8,0,0,0,0,0,1,0,1,0
fer0020341.png,7,0,0,2,0,0,0,0,1,0
fer0020342.png,7,0,0,1,0,0,0,2,0,0
fer0020343.png,3,0,0,5,0,0,1,0,1,0
fer0020344.png,0,0,2,1,0,0,6,0,1,0
fer0020345.png,0,0,0,10,0,0,0,0,0,0
fer0020346.png,1,0,5,0,0,0,3,1,0,0
fer0020347.png,1,9,0,0,0,0,0,0,0,0
fer0020348.png,3,1,1,2,0,1,1,0,1,0
fer0020349.png,0,9,0,0,0,0,0,0,1,0
fer0020350.png,3,0,0,5,1,0,0,0,1,0
fer0020351.png,0,1,1,0,5,0,1,0,2,0
fer0020352.png,7,0,0,1,1,0,0,0,1,0
fer0020353.png,4,0,0,3,1,0,0,1,1,0
fer0020354.png,2,7,0,1,0,0,0,0,0,0
fer0020355.png,0,0,8,0,0,0,0,0,2,0
fer0020356.png,5,0,0,3,0,0,0,1,1,0
fer0020357.png,8,0,0,1,1,0,0,0,0,0
fer0020358.png,3,0,0,1,0,1,0,0,5,0
fer0020359.png,6,1,0,1,0,0,0,0,2,0
fer0020360.png,1,9,0,0,0,0,0,0,0,0
fer0020361.png,0,0,6,0,0,0,3,0,1,0
fer0020362.png,1,3,4,0,0,0,0,0,2,0
fer0020363.png,0,10,0,0,0,0,0,0,0,0
fer0020364.png,9,0,0,1,0,0,0,0,0,0
fer0020365.png,0,3,0,0,0,0,0,0,6,1
fer0020366.png,0,10,0,0,0,0,0,0,0,0
fer0020367.png,2,0,8,0,0,0,0,0,0,0
fer0020368.png,1,0,0,0,9,0,0,0,0,0
fer0020369.png,2,0,0,2,0,4,0,1,1,0
fer0020370.png,0,10,0,0,0,0,0,0,0,0
fer0020371.png,6,3,0,0,0,0,0,0,1,0
fer0020372.png,0,0,4,0,3,0,1,0,2,0
fer0020373.png,0,0,0,7,3,0,0,0,0,0
fer0020374.png,2,0,5,0,0,0,2,0,1,0
fer0020375.png,0,3,2,0,4,0,0,0,1,0
fer0020376.png,0,10,0,0,0,0,0,0,0,0
fer0020377.png,9,0,0,0,0,0,0,0,1,0
fer0020378.png,0,10,0,0,0,0,0,0,0,0
fer0020379.png,1,0,0,7,0,0,0,0,2,0
fer0020380.png,10,0,0,0,0,0,0,0,0,0
fer0020381.png,0,0,0,0,10,0,0,0,0,0
fer0020382.png,8,0,0,1,0,0,0,0,1,0
fer0020383.png,0,9,1,0,0,0,0,0,0,0
fer0020384.png,0,0,0,0,7,1,0,0,2,0
fer0020385.png,8,0,0,1,0,0,0,0,1,0
fer0020386.png,0,10,0,0,0,0,0,0,0,0
fer0020387.png,0,0,5,0,0,0,5,0,0,0
fer0020388.png,8,0,0,2,0,0,0,0,0,0
fer0020389.png,4,1,0,3,0,0,0,0,2,0
fer0020390.png,7,0,0,1,0,0,0,0,2,0
fer0020391.png,0,0,0,10,0,0,0,0,0,0
fer0020392.png,4,4,1,0,0,0,0,0,1,0
fer0020393.png,0,10,0,0,0,0,0,0,0,0
fer0020394.png,0,0,0,10,0,0,0,0,0,0
fer0020395.png,0,0,10,0,0,0,0,0,0,0
fer0020396.png,5,0,0,4,0,0,0,0,1,0
fer0020397.png,0,1,9,0,0,0,0,0,0,0
fer0020398.png,0,0,4,0,0,0,6,0,0,0
fer0020399.png,6,0,0,1,0,0,0,0,3,0
fer0020400.png,6,0,1,1,0,0,0,0,2,0
fer0020401.png,0,0,1,0,7,0,1,0,1,0
fer0020402.png,0,0,4,0,0,0,6,0,0,0
fer0020403.png,5,0,0,1,0,2,0,1,1,0
fer0020404.png,3,7,0,0,0,0,0,0,0,0
fer0020405.png,9,0,0,1,0,0,0,0,0,0
fer0020406.png,5,0,0,0,2,0,0,1,2,0
fer0020407.png,0,0,9,0,0,0,0,0,1,0
fer0020408.png,0,10,0,0,0,0,0,0,0,0
fer0020409.png,1,0,0,0,0,0,9,0,0,0
fer0020410.png,6,0,1,1,0,0,0,0,2,0
fer0020411.png,5,0,0,3,1,0,0,0,1,0
fer0020412.png,0,0,10,0,0,0,0,0,0,0
fer0020413.png,0,10,0,0,0,0,0,0,0,0
fer0020414.png,1,0,0,9,0,0,0,0,0,0
fer0020415.png,1,0,7,0,0,0,0,0,2,0
fer0020416.png,5,0,0,3,0,0,0,1,1,0
fer0020417.png,5,0,0,3,1,0,0,0,1,0
fer0020418.png,0,0,0,0,9,1,0,0,0,0
fer0020419.png,1,0,2,0,0,0,7,0,0,0
fer0020420.png,8,0,0,2,0,0,0,0,0,0
fer0020421.png,0,0,2,0,2,0,6,0,0,0
fer0020422.png,1,2,6,0,0,0,0,0,1,0
fer0020423.png,1,0,0,0,7,2,0,0,0,0
fer0020424.png,4,0,0,3,1,0,0,0,2,0
fer0020425.png,5,0,0,0,5,0,0,0,0,0
fer0020426.png,0,0,0,0,8,2,0,0,0,0
fer0020427.png,0,10,0,0,0,0,0,0,0,0
fer0020428.png,3,1,0,4,0,1,0,0,1,0
fer0020429.png,7,0,0,2,0,0,0,0,1,0
fer0020430.png,8,0,0,1,0,0,0,0,1,0
fer0020431.png,0,0,0,4,2,0,1,0,3,0
fer0020432.png,0,0,8,0,0,0,2,0,0,0
fer0020433.png,1,0,0,0,4,2,1,1,1,0
fer0020434.png,1,0,0,0,2,0,0,7,0,0
fer0020435.png,0,10,0,0,0,0,0,0,0,0
fer0020436.png,9,0,0,0,0,0,0,1,0,0
fer0020437.png,7,0,1,0,0,0,0,0,2,0
fer0020438.png,1,9,0,0,0,0,0,0,0,0
fer0020439.png,0,6,2,0,0,0,0,0,2,0
fer0020440.png,0,0,0,0,8,0,0,0,2,0
fer0020441.png,4,0,1,3,0,0,0,1,1,0
fer0020442.png,0,0,0,9,1,0,0,0,0,0
fer0020443.png,5,0,0,3,0,0,0,0,2,0
fer0020444.png,5,1,0,3,0,0,0,0,1,0
fer0020445.png,8,0,0,1,0,0,0,0,1,0
fer0020446.png,2,0,0,5,0,0,0,0,3,0
fer0020447.png,0,10,0,0,0,0,0,0,0,0
fer0020448.png,0,8,0,0,2,0,0,0,0,0
fer0020449.png,8,1,0,0,0,0,0,0,1,0
fer0020450.png,1,8,0,0,0,0,0,0,1,0
fer0020451.png,7,0,0,3,0,0,0,0,0,0
fer0020452.png,0,0,0,9,0,0,0,0,1,0
fer0020453.png,2,0,0,1,6,0,0,0,1,0
fer0020454.png,0,10,0,0,0,0,0,0,0,0
fer0020455.png,0,9,1,0,0,0,0,0,0,0
fer0020456.png,5,0,2,1,0,0,0,1,1,0
fer0020457.png,7,1,0,0,0,0,0,0,2,0
fer0020458.png,6,3,0,0,0,0,0,1,0,0
fer0020459.png,10,0,0,0,0,0,0,0,0,0
fer0020460.png,0,2,8,0,0,0,0,0,0,0
fer0020461.png,3,0,3,1,0,0,1,0,2,0
fer0020462.png,9,0,0,0,0,0,0,0,1,0
fer0020463.png,0,0,8,1,0,0,0,0,1,0
fer0020464.png,8,0,0,0,0,0,0,1,1,0
fer0020465.png,3,0,0,6,0,1,0,0,0,0
fer0020466.png,0,10,0,0,0,0,0,0,0,0
fer0020467.png,0,10,0,0,0,0,0,0,0,0
fer0020468.png,0,2,6,0,1,0,0,0,1,0
fer0020469.png,8,0,0,2,0,0,0,0,0,0
fer0020470.png,4,0,0,6,0,0,0,0,0,0
fer0020471.png,0,10,0,0,0,0,0,0,0,0
fer0020472.png,9,0,0,0,0,0,0,0,1,0
fer0020473.png,0,10,0,0,0,0,0,0,0,0
fer0020474.png,3,4,0,1,0,1,0,0,1,0
fer0020475.png,0,10,0,0,0,0,0,0,0,0
fer0020476.png,1,0,7,0,0,0,1,0,1,0
fer0020477.png,0,10,0,0,0,0,0,0,0,0
fer0020478.png,3,0,0,3,1,0,1,0,2,0
fer0020479.png,0,0,0,5,3,0,0,0,2,0
fer0020480.png,3,0,1,1,3,0,0,0,2,0
fer0020481.png,0,10,0,0,0,0,0,0,0,0
fer0020482.png,7,0,0,0,0,0,0,1,2,0
fer0020483.png,6,0,0,4,0,0,0,0,0,0
fer0020484.png,6,0,0,4,0,0,0,0,0,0
fer0020485.png,0,0,7,0,0,0,3,0,0,0
fer0020486.png,5,1,0,3,1,0,0,0,0,0
fer0020487.png,2,0,1,1,5,0,0,0,1,0
fer0020488.png,1,0,0,1,0,0,3,2,3,0
fer0020489.png,0,0,0,6,0,0,4,0,0,0
fer0020490.png,2,0,3,1,0,0,1,0,3,0
fer0020491.png,0,10,0,0,0,0,0,0,0,0
fer0020492.png,0,1,0,0,8,0,0,0,1,0
fer0020493.png,0,0,1,2,0,0,7,0,0,0
fer0020494.png,1,0,7,0,0,0,0,0,2,0
fer0020495.png,0,10,0,0,0,0,0,0,0,0
fer0020496.png,10,0,0,0,0,0,0,0,0,0
fer0020497.png,5,0,0,3,0,0,0,1,1,0
fer0020498.png,7,0,0,1,0,0,0,0,2,0
fer0020499.png,0,8,0,2,0,0,0,0,0,0
fer0020500.png,0,10,0,0,0,0,0,0,0,0
fer0020501.png,2,7,0,0,0,0,0,0,1,0
fer0020502.png,10,0,0,0,0,0,0,0,0,0
fer0020503.png,0,0,9,0,0,0,1,0,0,0
fer0020504.png,4,1,2,0,0,0,0,1,2,0
fer0020505.png,0,0,6,0,1,0,3,0,0,0
fer0020506.png,9,0,0,0,0,0,0,0,1,0
fer0020507.png,0,0,0,0,10,0,0,0,0,0
fer0020508.png,5,0,0,1,0,0,1,0,3,0
fer0020509.png,0,10,0,0,0,0,0,0,0,0
fer0020510.png,0,8,2,0,0,0,0,0,0,0
fer0020511.png,7,0,0,3,0,0,0,0,0,0
fer0020512.png,0,10,0,0,0,0,0,0,0,0
fer0020513.png,8,0,0,1,0,0,0,0,1,0
fer0020514.png,0,9,0,0,1,0,0,0,0,0
fer0020515.png,1,9,0,0,0,0,0,0,0,0
fer0020516.png,0,9,0,0,0,0,0,0,1,0
fer0020517.png,4,0,5,0,0,0,1,0,0,0
fer0020518.png,7,0,0,3,0,0,0,0,0,0
fer0020519.png,8,0,2,0,0,0,0,0,0,0
fer0020520.png,6,4,0,0,0,0,0,0,0,0
fer0020521.png,0,2,4,0,2,0,2,0,0,0
fer0020522.png,1,9,0,0,0,0,0,0,0,0
fer0020523.png,0,0,8,0,0,0,1,0,1,0
fer0020524.png,0,10,0,0,0,0,0,0,0,0
fer0020525.png,9,0,0,0,0,0,0,0,1,0
fer0020526.png,1,0,0,9,0,0,0,0,0,0
fer0020527.png,0,0,3,2,0,0,4,0,1,0
fer0020528.png,0,10,0,0,0,0,0,0,0,0
fer0020529.png,7,0,0,0,2,0,0,0,1,0
fer0020530.png,0,0,0,0,9,1,0,0,0,0
fer0020531.png,1,9,0,0,0,0,0,0,0,0
fer0020532.png,1,0,9,0,0,0,0,0,0,0
fer0020533.png,0,0,7,0,0,0,3,0,0,0
fer0020534.png,0,0,0,1,9,0,0,0,0,0
fer0020535.png,0,0,9,0,1,0,0,0,0,0
fer0020536.png,9,0,0,1,0,0,0,0,0,0
fer0020537.png,10,0,0,0,0,0,0,0,0,0
fer0020538.png,2,8,0,0,0,0,0,0,0,0
fer0020539.png,0,9,1,0,0,0,0,0,0,0
fer0020540.png,4,0,0,5,0,0,0,0,1,0
fer0020541.png,5,0,2,0,0,0,0,0,3,0
fer0020542.png,0,0,0,4,2,0,4,0,0,0
fer0020543.png,0,10,0,0,0,0,0,0,0,0
fer0020544.png,1,9,0,0,0,0,0,0,0,0
fer0020545.png,1,0,8,0,0,0,1,0,0,0
fer0020546.png,0,0,0,0,9,0,0,0,1,0
fer0020547.png,0,10,0,0,0,0,0,0,0,0
fer0020548.png,0,0,9,0,0,0,1,0,0,0
fer0020549.png,5,0,0,2,0,0,0,0,3,0
fer0020550.png,8,0,2,0,0,0,0,0,0,0
fer0020551.png,3,0,5,0,0,0,0,0,2,0
fer0020552.png,5,0,0,0,2,2,0,0,1,0
fer0020553.png,0,10,0,0,0,0,0,0,0,0
fer0020554.png,0,10,0,0,0,0,0,0,0,0
fer0020555.png,0,7,0,2,0,0,0,0,1,0
fer0020556.png,3,0,0,3,3,0,0,0,1,0
fer0020557.png,1,0,0,9,0,0,0,0,0,0
fer0020558.png,5,0,0,2,2,0,0,0,1,0
fer0020559.png,3,6,1,0,0,0,0,0,0,0
fer0020560.png,2,8,0,0,0,0,0,0,0,0
fer0020561.png,0,10,0,0,0,0,0,0,0,0
fer0020562.png,0,0,9,0,0,0,1,0,0,0
fer0020563.png,6,0,2,2,0,0,0,0,0,0
fer0020564.png,0,10,0,0,0,0,0,0,0,0
fer0020565.png,9,0,0,1,0,0,0,0,0,0
fer0020566.png,5,0,0,4,0,0,0,0,1,0
fer0020567.png,0,10,0,0,0,0,0,0,0,0
fer0020568.png,0,0,1,2,1,0,5,0,1,0
fer0020569.png,8,0,0,0,1,0,0,0,1,0
fer0020570.png,4,0,0,1,0,0,0,1,4,0
fer0020571.png,0,9,0,1,0,0,0,0,0,0
fer0020572.png,0,0,10,0,0,0,0,0,0,0
fer0020573.png,2,0,2,0,1,1,0,1,3,0
fer0020574.png,0,10,0,0,0,0,0,0,0,0
fer0020575.png,2,0,0,3,1,1,0,0,3,0
fer0020576.png,0,4,0,0,5,1,0,0,0,0
fer0020577.png,2,1,0,0,4,1,0,1,1,0
fer0020578.png,1,0,1,1,0,2,1,2,2,0
fer0020579.png,6,0,0,4,0,0,0,0,0,0
fer0020580.png,6,0,0,1,0,0,0,2,1,0
fer0020581.png,0,10,0,0,0,0,0,0,0,0
fer0020582.png,0,0,0,0,9,1,0,0,0,0
fer0020583.png,0,0,0,0,9,0,1,0,0,0
fer0020584.png,0,0,2,0,0,0,8,0,0,0
fer0020585.png,8,0,0,1,0,0,0,0,1,0
fer0020586.png,1,9,0,0,0,0,0,0,0,0
fer0020587.png,0,0,5,0,3,0,1,0,1,0
fer0020588.png,1,0,0,0,1,6,0,1,1,0
fer0020589.png,7,0,1,0,0,0,0,1,1,0
fer0020590.png,8,0,0,2,0,0,0,0,0,0
fer0020591.png,0,2,0,0,6,0,1,0,1,0
fer0020592.png,10,0,0,0,0,0,0,0,0,0
fer0020593.png,0,10,0,0,0,0,0,0,0,0
fer0020594.png,1,2,6,0,0,0,0,0,1,0
fer0020595.png,0,10,0,0,0,0,0,0,0,0
fer0020596.png,0,9,0,0,0,0,0,0,1,0
fer0020597.png,0,0,1,8,1,0,0,0,0,0
fer0020598.png,1,1,0,8,0,0,0,0,0,0
fer0020599.png,0,0,7,0,0,0,3,0,0,0
fer0020600.png,0,0,1,0,8,0,0,0,1,0
fer0020601.png,0,0,0,2,4,1,0,0,3,0
fer0020602.png,0,10,0,0,0,0,0,0,0,0
fer0020603.png,7,0,1,1,0,0,0,0,1,0
fer0020604.png,2,0,0,6,2,0,0,0,0,0
fer0020605.png,1,9,0,0,0,0,0,0,0,0
fer0020606.png,0,0,0,8,0,0,0,0,2,0
fer0020607.png,8,2,0,0,0,0,0,0,0,0
fer0020608.png,1,0,0,8,0,0,0,0,1,0
fer0020609.png,6,0,0,2,1,0,1,0,0,0
fer0020610.png,0,10,0,0,0,0,0,0,0,0
fer0020611.png,0,1,1,0,6,0,0,0,1,1
fer0020612.png,4,0,1,1,0,0,1,0,3,0
fer0020613.png,9,0,0,0,0,0,0,0,1,0
fer0020614.png,0,10,0,0,0,0,0,0,0,0
fer0020615.png,0,3,0,3,4,0,0,0,0,0
fer0020616.png,2,0,4,0,0,1,3,0,0,0
fer0020617.png,0,10,0,0,0,0,0,0,0,0
fer0020618.png,7,0,0,0,2,0,0,1,0,0
fer0020619.png,6,0,0,0,1,0,0,1,2,0
fer0020620.png,7,0,0,3,0,0,0,0,0,0
fer0020621.png,0,0,0,0,7,2,0,1,0,0
fer0020622.png,0,9,1,0,0,0,0,0,0,0
fer0020623.png,5,5,0,0,0,0,0,0,0,0
fer0020624.png,1,0,1,4,0,0,2,0,2,0
fer0020625.png,0,10,0,0,0,0,0,0,0,0
fer0020626.png,0,0,0,10,0,0,0,0,0,0
fer0020627.png,1,9,0,0,0,0,0,0,0,0
fer0020628.png,3,0,0,4,0,0,0,2,1,0
fer0020629.png,3,0,2,1,0,0,4,0,0,0
fer0020630.png,10,0,0,0,0,0,0,0,0,0
fer0020631.png,0,10,0,0,0,0,0,0,0,0
fer0020632.png,0,10,0,0,0,0,0,0,0,0
fer0020633.png,0,9,1,0,0,0,0,0,0,0
fer0020634.png,0,0,0,0,10,0,0,0,0,0
fer0020635.png,2,0,0,8,0,0,0,0,0,0
fer0020636.png,1,9,0,0,0,0,0,0,0,0
fer0020637.png,0,5,1,0,2,0,1,0,1,0
fer0020638.png,7,2,0,0,0,0,0,0,1,0
fer0020639.png,0,0,8,0,1,0,1,0,0,0
fer0020640.png,0,0,10,0,0,0,0,0,0,0
fer0020641.png,8,0,0,1,0,0,0,1,0,0
fer0020642.png,4,0,0,5,0,0,0,0,1,0
fer0020643.png,5,0,4,0,0,0,0,0,1,0
fer0020644.png,2,0,0,7,0,0,1,0,0,0
fer0020645.png,0,0,2,1,0,0,6,0,1,0
fer0020646.png,1,0,0,7,0,0,0,0,2,0
fer0020647.png,0,10,0,0,0,0,0,0,0,0
fer0020648.png,1,0,0,5,0,0,0,0,4,0
fer0020649.png,1,0,5,0,0,0,4,0,0,0
fer0020650.png,0,10,0,0,0,0,0,0,0,0
fer0020651.png,1,0,0,2,4,2,0,0,1,0
fer0020652.png,1,0,0,7,0,0,0,0,2,0
fer0020653.png,6,0,0,0,0,0,0,3,1,0
fer0020654.png,1,1,0,0,5,3,0,0,0,0
fer0020655.png,1,0,8,0,0,0,1,0,0,0
fer0020656.png,7,0,0,1,0,0,0,0,2,0
fer0020657.png,0,10,0,0,0,0,0,0,0,0
fer0020658.png,1,0,3,1,3,0,1,0,1,0
fer0020659.png,0,10,0,0,0,0,0,0,0,0
fer0020660.png,6,0,1,0,0,0,0,0,3,0
fer0020661.png,1,1,0,4,0,1,1,1,1,0
fer0020662.png,3,0,0,5,0,0,0,1,1,0
fer0020663.png,3,0,6,0,0,0,0,0,1,0
fer0020664.png,2,7,0,0,0,0,0,0,1,0
fer0020665.png,2,7,0,0,0,0,0,1,0,0
fer0020666.png,8,0,1,0,0,0,0,0,1,0
fer0020667.png,0,1,0,9,0,0,0,0,0,0
fer0020668.png,9,0,1,0,0,0,0,0,0,0
fer0020669.png,0,9,0,0,0,0,0,0,1,0
fer0020670.png,0,2,8,0,0,0,0,0,0,0
fer0020671.png,8,0,0,2,0,0,0,0,0,0
fer0020672.png,0,0,1,2,0,0,7,0,0,0
fer0020673.png,0,0,0,1,6,2,0,1,0,0
fer0020674.png,0,10,0,0,0,0,0,0,0,0
fer0020675.png,9,1,0,0,0,0,0,0,0,0
fer0020676.png,7,0,0,0,0,0,0,0,3,0
fer0020677.png,0,0,0,7,0,0,0,0,3,0
fer0020678.png,0,9,1,0,0,0,0,0,0,0
fer0020679.png,0,10,0,0,0,0,0,0,0,0
fer0020680.png,1,9,0,0,0,0,0,0,0,0
fer0020681.png,0,0,0,0,8,2,0,0,0,0
fer0020682.png,0,10,0,0,0,0,0,0,0,0
fer0020683.png,0,0,0,0,9,0,1,0,0,0
fer0020684.png,5,0,0,4,0,0,0,0,1,0
fer0020685.png,5,2,0,0,0,0,0,0,3,0
fer0020686.png,0,0,3,0,6,0,0,0,1,0
fer0020687.png,6,0,1,2,0,0,0,0,1,0
fer0020688.png,1,0,0,0,9,0,0,0,0,0
fer0020689.png,6,0,0,4,0,0,0,0,0,0
fer0020690.png,3,0,0,0,6,0,0,0,1,0
fer0020691.png,0,10,0,0,0,0,0,0,0,0
fer0020692.png,0,10,0,0,0,0,0,0,0,0
fer0020693.png,1,0,0,0,5,2,1,0,1,0
fer0020694.png,0,10,0,0,0,0,0,0,0,0
fer0020695.png,1,0,0,5,2,1,0,0,1,0
fer0020696.png,0,9,1,0,0,0,0,0,0,0
fer0020697.png,7,0,0,3,0,0,0,0,0,0
fer0020698.png,1,0,0,9,0,0,0,0,0,0
fer0020699.png,0,9,0,1,0,0,0,0,0,0
fer0020700.png,1,1,5,0,0,0,0,0,3,0
fer0020701.png,0,0,8,0,0,0,1,0,1,0
fer0020702.png,5,0,0,1,1,0,0,2,1,0
fer0020703.png,1,9,0,0,0,0,0,0,0,0
fer0020704.png,0,0,9,0,0,0,1,0,0,0
fer0020705.png,9,0,0,0,0,0,0,0,1,0
fer0020706.png,4,0,0,2,2,1,0,0,1,0
fer0020707.png,0,0,2,0,1,1,0,1,5,0
fer0020708.png,3,0,0,1,0,3,0,0,3,0
fer0020709.png,4,0,0,5,0,0,0,1,0,0
fer0020710.png,0,10,0,0,0,0,0,0,0,0
fer0020711.png,1,6,3,0,0,0,0,0,0,0
fer0020712.png,3,0,0,3,0,1,0,0,3,0
fer0020713.png,1,8,0,0,0,0,0,1,0,0
fer0020714.png,0,0,9,0,0,0,1,0,0,0
fer0020715.png,8,2,0,0,0,0,0,0,0,0
fer0020716.png,3,7,0,0,0,0,0,0,0,0
fer0020717.png,8,0,0,0,0,0,0,0,2,0
fer0020718.png,6,0,0,3,0,0,0,0,1,0
fer0020719.png,5,0,2,0,0,0,0,0,3,0
fer0020720.png,0,1,1,2,0,1,0,0,5,0
fer0020721.png,0,0,10,0,0,0,0,0,0,0
fer0020722.png,0,0,10,0,0,0,0,0,0,0
fer0020723.png,0,0,6,0,1,0,3,0,0,0
fer0020724.png,0,10,0,0,0,0,0,0,0,0
fer0020725.png,0,10,0,0,0,0,0,0,0,0
fer0020726.png,0,10,0,0,0,0,0,0,0,0
fer0020727.png,0,7,3,0,0,0,0,0,0,0
fer0020728.png,6,0,0,1,2,0,0,0,1,0
fer0020729.png,10,0,0,0,0,0,0,0,0,0
fer0020730.png,1,0,0,9,0,0,0,0,0,0
fer0020731.png,2,0,4,2,1,0,0,0,1,0
fer0020732.png,9,0,0,0,0,0,0,0,1,0
fer0020733.png,1,0,5,2,0,0,2,0,0,0
fer0020734.png,6,3,0,0,0,0,0,0,1,0
fer0020735.png,9,0,0,1,0,0,0,0,0,0
fer0020736.png,7,0,3,0,0,0,0,0,0,0
fer0020737.png,4,0,0,5,0,0,0,1,0,0
fer0020738.png,2,2,3,0,0,0,0,0,3,0
fer0020739.png,0,10,0,0,0,0,0,0,0,0
fer0020740.png,8,0,0,0,0,1,0,0,1,0
fer0020741.png,2,0,8,0,0,0,0,0,0,0
fer0020742.png,0,1,0,2,6,1,0,0,0,0
fer0020743.png,0,0,4,0,4,0,2,0,0,0
fer0020744.png,9,0,0,0,0,0,1,0,0,0
fer0020745.png,0,1,0,0,6,0,1,0,2,0
fer0020746.png,0,0,0,10,0,0,0,0,0,0
fer0020747.png,0,10,0,0,0,0,0,0,0,0
fer0020748.png,0,10,0,0,0,0,0,0,0,0
fer0020749.png,7,0,0,0,0,0,0,3,0,0
fer0020750.png,7,2,0,1,0,0,0,0,0,0
fer0020751.png,2,0,2,2,0,0,4,0,0,0
fer0020752.png,6,0,0,4,0,0,0,0,0,0
fer0020753.png,8,1,0,0,0,0,0,0,1,0
fer0020754.png,1,0,3,2,0,0,3,0,1,0
fer0020755.png,0,0,0,0,9,1,0,0,0,0
fer0020756.png,0,4,5,0,0,0,0,0,1,0
fer0020757.png,9,0,0,0,0,0,0,0,1,0
fer0020758.png,0,10,0,0,0,0,0,0,0,0
fer0020759.png,9,1,0,0,0,0,0,0,0,0
fer0020760.png,1,0,0,5,1,1,0,0,2,0
fer0020761.png,10,0,0,0,0,0,0,0,0,0
fer0020762.png,3,0,6,0,0,0,0,0,1,0
fer0020763.png,0,10,0,0,0,0,0,0,0,0
fer0020764.png,1,0,2,0,7,0,0,0,0,0
fer0020765.png,6,3,0,0,0,0,0,0,1,0
fer0020766.png,6,0,0,0,4,0,0,0,0,0
fer0020767.png,0,10,0,0,0,0,0,0,0,0
fer0020768.png,1,0,8,0,0,0,1,0,0,0
fer0020769.png,6,0,1,1,0,0,0,0,2,0
fer0020770.png,6,0,0,1,0,0,1,1,1,0
fer0020771.png,10,0,0,0,0,0,0,0,0,0
fer0020772.png,8,0,0,1,0,0,0,0,1,0
fer0020773.png,1,0,0,0,1,3,0,3,2,0
fer0020774.png,8,0,0,0,0,0,0,1,1,0
fer0020775.png,0,10,0,0,0,0,0,0,0,0
fer0020776.png,5,0,0,3,1,0,0,0,1,0
fer0020777.png,4,0,0,4,1,0,0,0,1,0
fer0020778.png,0,0,0,0,9,0,1,0,0,0
fer0020779.png,7,0,0,2,0,0,0,0,1,0
fer0020780.png,0,4,5,0,1,0,0,0,0,0
fer0020781.png,6,0,0,4,0,0,0,0,0,0
fer0020782.png,1,9,0,0,0,0,0,0,0,0
fer0020783.png,4,0,6,0,0,0,0,0,0,0
fer0020784.png,0,9,0,0,0,0,0,0,1,0
fer0020785.png,7,0,0,2,0,0,0,0,1,0
fer0020786.png,0,0,9,0,0,0,0,0,1,0
fer0020787.png,10,0,0,0,0,0,0,0,0,0
fer0020788.png,7,2,0,0,0,0,0,0,1,0
fer0020789.png,0,0,5,1,0,0,4,0,0,0
fer0020790.png,5,0,0,3,0,0,1,0,1,0
fer0020791.png,0,10,0,0,0,0,0,0,0,0
fer0020792.png,3,0,0,6,0,0,0,0,1,0
fer0020793.png,0,10,0,0,0,0,0,0,0,0
fer0020794.png,0,9,0,0,0,0,0,0,1,0
fer0020795.png,0,0,0,4,0,1,0,5,0,0
fer0020796.png,0,10,0,0,0,0,0,0,0,0
fer0020797.png,4,0,0,5,0,0,0,0,1,0
fer0020798.png,8,0,0,1,0,0,0,0,1,0
fer0020799.png,3,0,0,1,1,3,0,0,2,0
fer0020800.png,8,0,0,2,0,0,0,0,0,0
fer0020801.png,1,0,8,0,0,0,0,0,1,0
fer0020802.png,6,0,0,3,0,0,0,0,1,0
fer0020803.png,0,10,0,0,0,0,0,0,0,0
fer0020804.png,1,0,0,4,3,0,0,0,2,0
fer0020805.png,5,0,0,5,0,0,0,0,0,0
fer0020806.png,6,3,0,0,0,0,0,0,1,0
fer0020807.png,1,9,0,0,0,0,0,0,0,0
fer0020808.png,0,10,0,0,0,0,0,0,0,0
fer0020809.png,3,0,0,6,0,0,0,0,1,0
fer0020810.png,0,0,9,0,0,0,0,0,1,0
fer0020811.png,1,9,0,0,0,0,0,0,0,0
fer0020812.png,2,7,0,0,0,0,0,0,1,0
fer0020813.png,9,0,0,0,0,0,0,0,1,0
fer0020814.png,0,0,10,0,0,0,0,0,0,0
fer0020815.png,0,10,0,0,0,0,0,0,0,0
fer0020816.png,1,0,0,8,0,0,1,0,0,0
fer0020817.png,0,5,1,0,2,0,0,0,2,0
fer0020818.png,1,0,5,1,0,1,2,0,0,0
fer0020819.png,8,0,0,1,0,0,0,0,1,0
fer0020820.png,9,1,0,0,0,0,0,0,0,0
fer0020821.png,10,0,0,0,0,0,0,0,0,0
fer0020822.png,2,0,0,7,0,0,0,0,1,0
fer0020823.png,0,0,0,1,8,0,0,0,1,0
fer0020824.png,7,1,0,2,0,0,0,0,0,0
fer0020825.png,0,0,2,0,0,1,6,0,1,0
fer0020826.png,0,0,4,0,5,0,0,0,1,0
fer0020827.png,1,9,0,0,0,0,0,0,0,0
fer0020828.png,0,0,9,0,0,0,0,0,1,0
fer0020829.png,1,0,0,0,9,0,0,0,0,0
fer0020830.png,0,10,0,0,0,0,0,0,0,0
fer0020831.png,0,0,2,0,7,0,0,0,1,0
fer0020832.png,0,0,10,0,0,0,0,0,0,0
fer0020833.png,2,0,0,2,4,0,0,0,2,0
fer0020834.png,0,0,1,0,9,0,0,0,0,0
fer0020835.png,0,9,0,0,0,0,0,0,1,0
fer0020836.png,7,0,0,2,0,0,0,1,0,0
fer0020837.png,1,0,0,8,0,0,1,0,0,0
fer0020838.png,8,0,0,0,0,0,0,0,2,0
fer0020839.png,6,0,0,1,1,0,0,0,1,1
fer0020840.png,1,9,0,0,0,0,0,0,0,0
fer0020841.png,2,0,1,7,0,0,0,0,0,0
fer0020842.png,10,0,0,0,0,0,0,0,0,0
fer0020843.png,2,0,0,0,8,0,0,0,0,0
fer0020844.png,0,10,0,0,0,0,0,0,0,0
fer0020845.png,1,0,8,0,0,0,0,0,1,0
fer0020846.png,1,0,8,1,0,0,0,0,0,0
fer0020847.png,8,0,0,1,0,0,0,0,1,0
fer0020848.png,1,0,0,8,0,0,1,0,0,0
fer0020849.png,4,0,0,3,0,0,0,1,2,0
fer0020850.png,1,0,0,0,1,4,0,4,0,0
fer0020851.png,1,0,4,0,3,0,1,0,1,0
fer0020852.png,0,0,0,10,0,0,0,0,0,0
fer0020853.png,7,0,0,0,3,0,0,0,0,0
fer0020854.png,5,0,0,5,0,0,0,0,0,0
fer0020855.png,0,10,0,0,0,0,0,0,0,0
fer0020856.png,0,10,0,0,0,0,0,0,0,0
fer0020857.png,3,0,0,6,0,0,0,0,1,0
fer0020858.png,4,0,0,0,6,0,0,0,0,0
fer0020859.png,8,0,0,0,0,0,0,1,1,0
fer0020860.png,5,0,0,3,1,0,0,0,1,0
fer0020861.png,3,0,0,0,1,0,0,2,4,0
fer0020862.png,5,0,0,3,0,0,0,0,2,0
fer0020863.png,0,0,1,0,9,0,0,0,0,0
fer0020864.png,1,9,0,0,0,0,0,0,0,0
fer0020865.png,0,10,0,0,0,0,0,0,0,0
fer0020866.png,8,2,0,0,0,0,0,0,0,0
fer0020867.png,1,1,0,0,0,0,0,8,0,0
fer0020868.png,0,0,0,10,0,0,0,0,0,0
fer0020869.png,9,0,0,1,0,0,0,0,0,0
fer0020870.png,2,0,4,1,2,1,0,0,0,0
fer0020871.png,0,9,0,0,1,0,0,0,0,0
fer0020872.png,1,0,0,0,9,0,0,0,0,0
fer0020873.png,3,0,0,6,0,0,0,0,1,0
fer0020874.png,1,0,0,9,0,0,0,0,0,0
fer0020875.png,0,0,8,0,0,0,2,0,0,0
fer0020876.png,0,10,0,0,0,0,0,0,0,0
fer0020877.png,0,1,9,0,0,0,0,0,0,0
fer0020878.png,0,0,6,0,0,0,4,0,0,0
fer0020879.png,7,0,0,2,0,0,0,0,1,0
fer0020880.png,1,5,3,0,0,0,0,0,1,0
fer0020881.png,0,0,8,1,0,0,0,0,1,0
fer0020882.png,1,0,0,1,8,0,0,0,0,0
fer0020883.png,9,1,0,0,0,0,0,0,0,0
fer0020884.png,0,8,0,1,0,0,0,0,1,0
fer0020885.png,6,2,0,1,0,0,0,0,1,0
fer0020886.png,8,0,0,1,0,0,0,0,1,0
fer0020887.png,0,10,0,0,0,0,0,0,0,0
fer0020888.png,1,0,0,0,7,1,0,0,1,0
fer0020889.png,1,0,0,0,9,0,0,0,0,0
fer0020890.png,0,10,0,0,0,0,0,0,0,0
fer0020891.png,0,10,0,0,0,0,0,0,0,0
fer0020892.png,0,10,0,0,0,0,0,0,0,0
fer0020893.png,2,0,7,0,0,0,0,0,1,0
fer0020894.png,7,0,0,3,0,0,0,0,0,0
fer0020895.png,0,10,0,0,0,0,0,0,0,0
fer0020896.png,0,0,9,0,0,0,0,0,1,0
fer0020897.png,9,0,0,1,0,0,0,0,0,0
fer0020898.png,0,10,0,0,0,0,0,0,0,0
fer0020899.png,0,0,9,0,0,0,0,0,1,0
fer0020900.png,0,0,0,2,0,1,7,0,0,0
fer0020901.png,0,0,8,0,0,0,2,0,0,0
fer0020902.png,7,0,0,1,1,0,0,0,1,0
fer0020903.png,3,0,1,6,0,0,0,0,0,0
fer0020904.png,0,10,0,0,0,0,0,0,0,0
fer0020905.png,5,0,0,2,2,1,0,0,0,0
fer0020906.png,0,1,3,0,1,0,0,0,5,0
fer0020907.png,3,0,0,5,0,0,0,0,2,0
fer0020908.png,0,0,7,0,2,0,1,0,0,0
fer0020909.png,0,10,0,0,0,0,0,0,0,0
fer0020910.png,7,0,0,0,1,1,0,1,0,0
fer0020911.png,7,0,0,1,1,0,0,0,1,0
fer0020912.png,0,10,0,0,0,0,0,0,0,0
fer0020913.png,1,0,3,0,4,1,1,0,0,0
fer0020914.png,6,1,0,0,1,0,0,0,2,0
fer0020915.png,1,9,0,0,0,0,0,0,0,0
fer0020916.png,6,0,0,4,0,0,0,0,0,0
fer0020917.png,7,0,0,3,0,0,0,0,0,0
fer0020918.png,0,0,1,5,2,0,2,0,0,0
fer0020919.png,0,10,0,0,0,0,0,0,0,0
fer0020920.png,4,0,4,0,0,0,0,1,1,0
fer0020921.png,0,10,0,0,0,0,0,0,0,0
fer0020922.png,1,0,0,7,0,0,0,0,2,0
fer0020923.png,1,0,0,0,8,0,1,0,0,0
fer0020924.png,6,0,0,0,2,0,0,1,1,0
fer0020925.png,0,0,0,6,0,0,0,0,4,0
fer0020926.png,9,0,0,0,0,0,0,0,1,0
fer0020927.png,0,0,0,5,0,0,2,1,2,0
fer0020928.png,0,0,6,0,0,0,4,0,0,0
fer0020929.png,1,1,3,0,2,0,3,0,0,0
fer0020930.png,2,6,0,0,0,0,0,1,1,0
fer0020931.png,0,0,8,0,0,0,2,0,0,0
fer0020932.png,5,0,0,4,0,0,1,0,0,0
fer0020933.png,0,0,9,0,0,0,1,0,0,0
fer0020934.png,0,10,0,0,0,0,0,0,0,0
fer0020935.png,0,0,9,0,0,1,0,0,0,0
fer0020936.png,0,0,8,0,0,0,1,0,1,0
fer0020937.png,8,0,2,0,0,0,0,0,0,0
fer0020938.png,6,0,0,4,0,0,0,0,0,0
fer0020939.png,7,0,0,2,0,1,0,0,0,0
fer0020940.png,3,7,0,0,0,0,0,0,0,0
fer0020941.png,9,0,0,0,0,0,0,0,1,0
fer0020942.png,1,1,8,0,0,0,0,0,0,0
fer0020943.png,0,0,0,0,8,1,0,0,1,0
fer0020944.png,2,0,0,5,0,0,2,0,1,0
fer0020945.png,1,0,0,0,0,0,9,0,0,0
fer0020946.png,0,0,8,1,0,0,1,0,0,0
fer0020947.png,5,0,0,5,0,0,0,0,0,0
fer0020948.png,5,0,0,1,3,0,0,1,0,0
fer0020949.png,3,0,0,3,0,0,0,1,3,0
fer0020950.png,10,0,0,0,0,0,0,0,0,0
fer0020951.png,4,0,0,5,0,0,0,0,1,0
fer0020952.png,0,10,0,0,0,0,0,0,0,0
fer0020953.png,1,9,0,0,0,0,0,0,0,0
fer0020954.png,7,0,0,0,2,0,0,0,1,0
fer0020955.png,1,0,8,0,0,0,1,0,0,0
fer0020956.png,3,0,3,1,0,1,1,0,1,0
fer0020957.png,8,0,0,1,0,0,0,0,1,0
fer0020958.png,9,0,0,0,0,0,0,0,1,0
fer0020959.png,0,0,1,1,8,0,0,0,0,0
fer0020960.png,5,0,2,0,1,2,0,0,0,0
fer0020961.png,0,10,0,0,0,0,0,0,0,0
fer0020962.png,0,0,4,0,5,0,1,0,0,0
fer0020963.png,5,0,0,3,0,0,0,1,1,0
fer0020964.png,4,0,0,3,0,1,0,0,2,0
fer0020965.png,0,9,0,0,0,0,0,0,1,0
fer0020966.png,0,0,0,6,0,1,3,0,0,0
fer0020967.png,2,0,0,1,6,0,0,1,0,0
fer0020968.png,2,0,0,5,0,0,0,2,1,0
fer0020969.png,10,0,0,0,0,0,0,0,0,0
fer0020970.png,1,9,0,0,0,0,0,0,0,0
fer0020971.png,9,0,0,1,0,0,0,0,0,0
fer0020972.png,0,0,0,0,9,0,1,0,0,0
fer0020973.png,0,9,0,0,0,0,0,1,0,0
fer0020974.png,9,0,0,0,1,0,0,0,0,0
fer0020975.png,0,0,3,0,5,0,2,0,0,0
fer0020976.png,9,1,0,0,0,0,0,0,0,0
fer0020977.png,8,0,0,1,0,1,0,0,0,0
fer0020978.png,0,0,7,0,0,0,2,0,1,0
fer0020979.png,0,10,0,0,0,0,0,0,0,0
fer0020980.png,1,0,0,6,0,0,0,0,3,0
fer0020981.png,6,0,0,2,0,1,0,1,0,0
fer0020982.png,5,0,0,3,2,0,0,0,0,0
fer0020983.png,1,0,0,4,1,1,0,0,3,0
fer0020984.png,0,0,1,1,7,0,1,0,0,0
fer0020985.png,0,10,0,0,0,0,0,0,0,0
fer0020986.png,2,0,0,7,0,0,0,0,1,0
fer0020987.png,1,0,0,0,7,2,0,0,0,0
fer0020988.png,0,5,4,0,0,0,0,0,1,0
fer0020989.png,7,0,1,2,0,0,0,0,0,0
fer0020990.png,3,0,4,0,0,0,0,0,3,0
fer0020991.png,8,0,0,0,1,0,0,0,1,0
fer0020992.png,1,0,0,0,5,0,0,1,3,0
fer0020993.png,0,0,0,9,0,0,1,0,0,0
fer0020994.png,0,10,0,0,0,0,0,0,0,0
fer0020995.png,0,9,1,0,0,0,0,0,0,0
fer0020996.png,7,0,1,1,0,1,0,0,0,0
fer0020997.png,6,0,0,2,0,0,0,0,2,0
fer0020998.png,5,0,0,4,0,0,0,0,1,0
fer0020999.png,4,4,0,0,0,0,0,1,1,0
fer0021000.png,0,1,9,0,0,0,0,0,0,0
fer0021001.png,0,10,0,0,0,0,0,0,0,0
fer0021002.png,8,0,0,2,0,0,0,0,0,0
fer0021003.png,6,0,2,0,0,0,1,0,1,0
fer0021004.png,2,7,0,0,0,0,0,0,1,0
fer0021005.png,3,1,0,6,0,0,0,0,0,0
fer0021006.png,5,0,0,4,0,0,0,0,1,0
fer0021007.png,2,0,0,3,4,0,0,0,1,0
fer0021008.png,9,0,0,0,0,0,0,0,1,0
fer0021009.png,7,0,1,0,0,0,0,0,2,0
fer0021010.png,0,0,1,0,6,0,3,0,0,0
fer0021011.png,10,0,0,0,0,0,0,0,0,0
fer0021012.png,1,0,0,9,0,0,0,0,0,0
fer0021013.png,0,8,2,0,0,0,0,0,0,0
fer0021014.png,1,3,2,1,1,0,2,0,0,0
fer0021015.png,0,3,0,1,5,0,0,0,1,0
fer0021016.png,1,2,3,0,1,0,3,0,0,0
fer0021017.png,1,4,1,0,0,0,4,0,0,0
fer0021018.png,0,1,9,0,0,0,0,0,0,0
fer0021019.png,7,0,0,2,0,0,0,0,1,0
fer0021020.png,0,0,7,0,0,0,3,0,0,0
fer0021021.png,4,0,1,4,0,0,0,0,1,0
fer0021022.png,7,0,1,1,0,0,0,1,0,0
fer0021023.png,1,0,7,0,0,0,1,0,1,0
fer0021024.png,4,0,1,0,2,0,0,2,1,0
fer0021025.png,5,1,0,0,2,0,0,0,2,0
fer0021026.png,0,10,0,0,0,0,0,0,0,0
fer0021027.png,8,0,0,0,1,0,0,0,1,0
fer0021028.png,3,5,0,1,0,0,0,0,1,0
fer0021029.png,0,10,0,0,0,0,0,0,0,0
fer0021030.png,8,0,0,1,0,0,0,0,1,0
fer0021031.png,0,10,0,0,0,0,0,0,0,0
fer0021032.png,0,9,0,0,0,0,0,0,1,0
fer0021033.png,0,10,0,0,0,0,0,0,0,0
fer0021034.png,5,1,0,2,0,0,0,0,2,0
fer0021035.png,0,10,0,0,0,0,0,0,0,0
fer0021036.png,0,0,3,0,1,0,5,0,1,0
fer0021037.png,1,0,0,9,0,0,0,0,0,0
fer0021038.png,9,0,0,0,0,0,0,0,1,0
fer0021039.png,5,0,0,3,0,0,0,0,2,0
fer0021040.png,0,0,0,2,4,2,2,0,0,0
fer0021041.png,0,0,0,0,10,0,0,0,0,0
fer0021042.png,2,5,2,0,0,0,0,0,1,0
fer0021043.png,0,10,0,0,0,0,0,0,0,0
fer0021044.png,0,10,0,0,0,0,0,0,0,0
fer0021045.png,6,0,0,3,1,0,0,0,0,0
fer0021046.png,0,0,1,0,1,0,6,1,1,0
fer0021047.png,2,0,0,3,3,0,0,1,1,0
fer0021048.png,0,0,8,0,2,0,0,0,0,0
fer0021049.png,6,0,2,0,0,0,1,0,1,0
fer0021050.png,9,1,0,0,0,0,0,0,0,0
fer0021051.png,5,0,0,2,3,0,0,0,0,0
fer0021052.png,2,0,7,0,0,0,1,0,0,0
fer0021053.png,7,0,0,0,2,0,0,0,1,0
fer0021054.png,0,10,0,0,0,0,0,0,0,0
fer0021055.png,7,0,0,2,0,0,0,0,1,0
fer0021056.png,0,10,0,0,0,0,0,0,0,0
fer0021057.png,1,0,2,0,6,0,0,0,1,0
fer0021058.png,0,10,0,0,0,0,0,0,0,0
fer0021059.png,3,7,0,0,0,0,0,0,0,0
fer0021060.png,3,0,3,3,0,0,0,0,1,0
fer0021061.png,0,10,0,0,0,0,0,0,0,0
fer0021062.png,2,0,0,4,0,0,0,0,4,0
fer0021063.png,9,1,0,0,0,0,0,0,0,0
fer0021064.png,0,0,3,0,0,0,6,1,0,0
fer0021065.png,0,8,0,0,0,0,0,0,2,0
fer0021066.png,0,9,1,0,0,0,0,0,0,0
fer0021067.png,9,1,0,0,0,0,0,0,0,0
fer0021068.png,3,0,1,6,0,0,0,0,0,0
fer0021069.png,1,0,9,0,0,0,0,0,0,0
fer0021070.png,3,0,0,3,1,1,0,1,1,0
fer0021071.png,0,8,1,0,1,0,0,0,0,0
fer0021072.png,5,2,0,2,0,0,0,0,1,0
fer0021073.png,1,8,0,0,0,0,0,0,1,0
fer0021074.png,0,10,0,0,0,0,0,0,0,0
fer0021075.png,0,1,9,0,0,0,0,0,0,0
fer0021076.png,3,0,0,7,0,0,0,0,0,0
fer0021077.png,0,0,0,0,8,0,1,0,1,0
fer0021078.png,0,10,0,0,0,0,0,0,0,0
fer0021079.png,1,9,0,0,0,0,0,0,0,0
fer0021080.png,0,0,0,2,4,1,1,0,2,0
fer0021081.png,2,0,0,0,8,0,0,0,0,0
fer0021082.png,6,0,0,1,2,0,0,1,0,0
fer0021083.png,0,0,3,0,0,0,5,0,2,0
fer0021084.png,4,5,0,1,0,0,0,0,0,0
fer0021085.png,1,0,0,4,4,0,0,0,1,0
fer0021086.png,0,0,9,0,0,0,1,0,0,0
fer0021087.png,0,0,8,0,0,0,1,0,1,0
fer0021088.png,4,0,0,4,0,0,0,0,2,0
fer0021089.png,0,10,0,0,0,0,0,0,0,0
fer0021090.png,1,0,0,8,0,0,0,0,1,0
fer0021091.png,0,1,0,0,7,1,0,1,0,0
fer0021092.png,7,0,0,2,0,0,0,0,1,0
fer0021093.png,7,0,2,0,0,0,0,0,1,0
fer0021094.png,1,0,9,0,0,0,0,0,0,0
fer0021095.png,5,4,0,0,0,0,0,0,1,0
fer0021096.png,8,0,0,1,0,0,0,0,1,0
fer0021097.png,1,2,6,0,0,0,0,0,1,0
fer0021098.png,0,10,0,0,0,0,0,0,0,0
fer0021099.png,0,4,5,0,0,0,0,0,1,0
fer0021100.png,1,1,8,0,0,0,0,0,0,0
fer0021101.png,1,4,1,0,0,0,0,0,4,0
fer0021102.png,8,0,0,2,0,0,0,0,0,0
fer0021103.png,0,0,0,9,0,1,0,0,0,0
fer0021104.png,8,0,0,1,0,0,0,0,1,0
fer0021105.png,9,0,0,0,0,0,0,0,1,0
fer0021106.png,7,0,0,0,0,0,0,0,3,0
fer0021107.png,1,1,0,0,7,0,1,0,0,0
fer0021108.png,1,9,0,0,0,0,0,0,0,0
fer0021109.png,4,5,0,0,0,1,0,0,0,0
fer0021110.png,3,0,0,5,0,0,0,0,2,0
fer0021111.png,1,6,0,1,0,0,0,0,2,0
fer0021112.png,7,0,1,0,0,0,0,0,2,0
fer0021113.png,10,0,0,0,0,0,0,0,0,0
fer0021114.png,0,0,0,0,8,1,0,1,0,0
fer0021115.png,10,0,0,0,0,0,0,0,0,0
fer0021116.png,9,0,0,1,0,0,0,0,0,0
fer0021117.png,0,0,1,0,9,0,0,0,0,0
fer0021118.png,2,0,1,1,1,1,4,0,0,0
fer0021119.png,0,0,2,0,8,0,0,0,0,0
fer0021120.png,0,2,6,1,0,0,1,0,0,0
fer0021121.png,7,2,0,0,0,0,0,0,1,0
fer0021122.png,1,0,0,1,4,1,0,2,1,0
fer0021123.png,1,9,0,0,0,0,0,0,0,0
fer0021124.png,0,10,0,0,0,0,0,0,0,0
fer0021125.png,1,0,8,0,0,0,1,0,0,0
fer0021126.png,2,6,0,0,0,0,0,0,2,0
fer0021127.png,2,0,0,6,1,1,0,0,0,0
fer0021128.png,0,0,0,10,0,0,0,0,0,0
fer0021129.png,0,0,0,0,10,0,0,0,0,0
fer0021130.png,7,0,1,1,0,0,0,0,1,0
fer0021131.png,0,10,0,0,0,0,0,0,0,0
fer0021132.png,1,0,1,1,0,0,0,5,2,0
fer0021133.png,2,0,0,1,1,5,0,1,0,0
fer0021134.png,2,0,0,2,0,0,0,0,6,0
fer0021135.png,0,0,6,0,1,0,1,0,2,0
fer0021136.png,10,0,0,0,0,0,0,0,0,0
fer0021137.png,4,1,0,4,0,0,0,1,0,0
fer0021138.png,0,0,8,1,0,0,1,0,0,0
fer0021139.png,1,8,1,0,0,0,0,0,0,0
fer0021140.png,3,1,4,0,0,0,0,0,2,0
fer0021141.png,8,2,0,0,0,0,0,0,0,0
fer0021142.png,7,0,0,0,1,0,0,0,2,0
fer0021143.png,3,4,0,0,0,0,0,3,0,0
fer0021144.png,9,0,0,0,0,0,0,0,1,0
fer0021145.png,4,0,0,5,1,0,0,0,0,0
fer0021146.png,2,7,0,0,0,0,0,0,1,0
fer0021147.png,9,0,0,1,0,0,0,0,0,0
fer0021148.png,0,10,0,0,0,0,0,0,0,0
fer0021149.png,1,0,8,0,0,0,0,0,1,0
fer0021150.png,6,0,0,0,1,1,0,1,1,0
fer0021151.png,8,0,0,1,0,0,0,0,1,0
fer0021152.png,6,0,0,0,0,0,1,1,2,0
fer0021153.png,0,0,0,8,2,0,0,0,0,0
fer0021154.png,0,10,0,0,0,0,0,0,0,0
fer0021155.png,0,10,0,0,0,0,0,0,0,0
fer0021156.png,8,0,0,0,0,1,0,0,1,0
fer0021157.png,7,0,0,1,0,0,0,2,0,0
fer0021158.png,0,10,0,0,0,0,0,0,0,0
fer0021159.png,7,0,0,0,1,0,0,1,1,0
fer0021160.png,0,0,0,8,0,0,0,0,2,0
fer0021161.png,7,0,0,3,0,0,0,0,0,0
fer0021162.png,0,1,1,0,5,0,0,0,3,0
fer0021163.png,0,0,8,0,0,0,2,0,0,0
fer0021164.png,2,8,0,0,0,0,0,0,0,0
fer0021165.png,9,0,0,0,0,1,0,0,0,0
fer0021166.png,8,1,0,0,0,1,0,0,0,0
fer0021167.png,1,0,0,7,1,0,0,1,0,0
fer0021168.png,8,0,0,2,0,0,0,0,0,0
fer0021169.png,0,10,0,0,0,0,0,0,0,0
fer0021170.png,0,0,0,0,3,6,0,0,1,0
fer0021171.png,5,4,0,0,0,0,0,0,1,0
fer0021172.png,2,0,0,6,0,0,0,0,2,0
fer0021173.png,1,0,5,0,0,0,3,0,1,0
fer0021174.png,2,8,0,0,0,0,0,0,0,0
fer0021175.png,0,10,0,0,0,0,0,0,0,0
fer0021176.png,1,0,0,7,0,1,0,0,1,0
fer0021177.png,0,10,0,0,0,0,0,0,0,0
fer0021178.png,2,1,0,1,4,0,0,0,2,0
fer0021179.png,0,8,2,0,0,0,0,0,0,0
fer0021180.png,0,1,0,5,0,1,0,0,3,0
fer0021181.png,6,3,0,1,0,0,0,0,0,0
fer0021182.png,7,1,2,0,0,0,0,0,0,0
fer0021183.png,0,10,0,0,0,0,0,0,0,0
fer0021184.png,0,10,0,0,0,0,0,0,0,0
fer0021185.png,0,0,10,0,0,0,0,0,0,0
fer0021186.png,9,0,0,0,0,0,0,0,1,0
fer0021187.png,0,0,9,0,0,0,1,0,0,0
fer0021188.png,0,5,2,0,0,0,0,0,3,0
fer0021189.png,9,0,0,0,0,0,0,0,1,0
fer0021190.png,5,0,0,1,0,0,1,0,3,0
fer0021191.png,0,10,0,0,0,0,0,0,0,0
fer0021192.png,1,0,0,3,4,0,0,0,2,0
fer0021193.png,2,7,0,0,0,0,0,0,1,0
fer0021194.png,1,0,8,0,0,0,0,0,1,0
fer0021195.png,7,0,0,0,1,0,0,1,1,0
fer0021196.png,0,0,0,9,1,0,0,0,0,0
fer0021197.png,0,10,0,0,0,0,0,0,0,0
fer0021198.png,1,9,0,0,0,0,0,0,0,0
fer0021199.png,0,0,7,0,0,0,1,0,2,0
fer0021200.png,8,0,0,0,1,0,0,0,1,0
fer0021201.png,1,0,0,9,0,0,0,0,0,0
fer0021202.png,0,10,0,0,0,0,0,0,0,0
fer0021203.png,9,0,0,1,0,0,0,0,0,0
fer0021204.png,7,0,0,2,0,0,0,0,1,0
fer0021205.png,0,0,3,0,4,0,2,0,1,0
fer0021206.png,0,0,0,10,0,0,0,0,0,0
fer0021207.png,0,0,0,10,0,0,0,0,0,0
fer0021208.png,4,6,0,0,0,0,0,0,0,0
fer0021209.png,0,10,0,0,0,0,0,0,0,0
fer0021210.png,1,0,1,1,0,0,5,0,2,0
fer0021211.png,8,0,0,1,0,0,0,0,1,0
fer0021212.png,4,0,1,4,0,0,0,0,1,0
fer0021213.png,0,10,0,0,0,0,0,0,0,0
fer0021214.png,3,0,0,4,0,0,0,3,0,0
fer0021215.png,0,0,0,1,4,0,4,0,1,0
fer0021216.png,1,9,0,0,0,0,0,0,0,0
fer0021217.png,6,0,1,0,0,0,0,1,2,0
fer0021218.png,4,0,0,3,0,0,0,2,1,0
fer0021219.png,9,0,0,0,1,0,0,0,0,0
fer0021220.png,10,0,0,0,0,0,0,0,0,0
fer0021221.png,2,0,0,8,0,0,0,0,0,0
fer0021222.png,9,0,1,0,0,0,0,0,0,0
fer0021223.png,3,0,0,1,4,0,0,1,1,0
fer0021224.png,0,10,0,0,0,0,0,0,0,0
fer0021225.png,1,7,0,0,0,0,0,1,1,0
fer0021226.png,0,0,4,1,0,0,5,0,0,0
fer0021227.png,0,9,0,0,0,0,0,0,1,0
fer0021228.png,6,0,3,0,0,0,0,0,1,0
fer0021229.png,2,0,5,0,2,0,1,0,0,0
fer0021230.png,7,0,0,2,0,0,0,0,1,0
fer0021231.png,6,0,0,3,0,0,0,0,1,0
fer0021232.png,6,0,0,0,4,0,0,0,0,0
fer0021233.png,2,0,7,0,0,0,0,0,1,0
fer0021234.png,8,0,0,1,0,0,0,1,0,0
fer0021235.png,0,10,0,0,0,0,0,0,0,0
fer0021236.png,4,0,0,6,0,0,0,0,0,0
fer0021237.png,1,8,0,0,0,0,0,0,0,1
fer0021238.png,1,9,0,0,0,0,0,0,0,0
fer0021239.png,2,0,0,6,0,0,0,0,2,0
fer0021240.png,0,0,0,10,0,0,0,0,0,0
fer0021241.png,0,0,0,0,10,0,0,0,0,0
fer0021242.png,0,0,0,8,2,0,0,0,0,0
fer0021243.png,0,10,0,0,0,0,0,0,0,0
fer0021244.png,7,0,0,3,0,0,0,0,0,0
fer0021245.png,1,1,7,0,0,0,0,0,1,0
fer0021246.png,7,0,0,1,1,0,0,1,0,0
fer0021247.png,3,1,4,0,1,0,0,0,1,0
fer0021248.png,1,9,0,0,0,0,0,0,0,0
fer0021249.png,1,9,0,0,0,0,0,0,0,0
fer0021250.png,0,0,2,0,6,1,0,0,1,0
fer0021251.png,0,10,0,0,0,0,0,0,0,0
fer0021252.png,0,10,0,0,0,0,0,0,0,0
fer0021253.png,9,0,0,0,0,0,0,0,1,0
fer0021254.png,0,3,6,0,0,0,0,0,1,0
fer0021255.png,0,0,0,0,10,0,0,0,0,0
fer0021256.png,0,0,0,0,9,0,1,0,0,0
fer0021257.png,8,0,0,1,0,0,0,0,1,0
fer0021258.png,4,0,0,5,0,0,0,0,1,0
fer0021259.png,0,9,1,0,0,0,0,0,0,0
fer0021260.png,7,0,0,1,1,0,0,0,1,0
fer0021261.png,1,5,4,0,0,0,0,0,0,0
fer0021262.png,0,10,0,0,0,0,0,0,0,0
fer0021263.png,4,0,0,2,0,0,2,2,0,0
fer0021264.png,8,0,0,2,0,0,0,0,0,0
fer0021265.png,8,2,0,0,0,0,0,0,0,0
fer0021267.png,1,0,4,0,4,0,0,0,1,0
fer0021268.png,0,0,0,10,0,0,0,0,0,0
fer0021269.png,0,10,0,0,0,0,0,0,0,0
fer0021270.png,2,0,0,6,0,0,0,0,2,0
fer0021271.png,3,4,2,0,0,0,0,0,1,0
fer0021272.png,10,0,0,0,0,0,0,0,0,0
fer0021273.png,0,0,0,7,0,0,0,0,3,0
fer0021274.png,0,1,0,9,0,0,0,0,0,0
fer0021275.png,0,10,0,0,0,0,0,0,0,0
fer0021276.png,1,7,0,0,1,0,0,0,1,0
fer0021277.png,5,2,0,2,0,0,0,0,1,0
fer0021278.png,8,2,0,0,0,0,0,0,0,0
fer0021279.png,3,0,0,6,0,0,0,0,1,0
fer0021280.png,0,9,0,0,1,0,0,0,0,0
fer0021281.png,0,10,0,0,0,0,0,0,0,0
fer0021282.png,7,0,0,2,0,0,0,0,1,0
fer0021283.png,9,0,0,1,0,0,0,0,0,0
fer0021284.png,0,8,1,0,0,0,0,1,0,0
fer0021285.png,6,0,0,4,0,0,0,0,0,0
fer0021286.png,0,10,0,0,0,0,0,0,0,0
fer0021287.png,0,10,0,0,0,0,0,0,0,0
fer0021288.png,0,0,10,0,0,0,0,0,0,0
fer0021289.png,0,0,9,0,0,0,1,0,0,0
fer0021290.png,1,9,0,0,0,0,0,0,0,0
fer0021291.png,1,0,0,6,2,0,0,0,1,0
fer0021292.png,0,0,10,0,0,0,0,0,0,0
fer0021293.png,3,0,0,0,1,2,0,1,3,0
fer0021294.png,0,10,0,0,0,0,0,0,0,0
fer0021295.png,2,2,4,0,1,0,1,0,0,0
fer0021296.png,0,10,0,0,0,0,0,0,0,0
fer0021297.png,8,0,0,1,0,0,0,1,0,0
fer0021298.png,6,0,0,4,0,0,0,0,0,0
fer0021299.png,3,0,0,2,1,0,0,2,2,0
fer0021300.png,0,0,10,0,0,0,0,0,0,0
fer0021301.png,1,0,5,0,0,0,1,0,3,0
fer0021302.png,2,0,0,7,1,0,0,0,0,0
fer0021303.png,2,0,0,6,0,0,0,1,1,0
fer0021304.png,1,3,0,5,0,0,0,0,1,0
fer0021305.png,1,0,7,1,0,0,0,0,1,0
fer0021306.png,4,0,1,1,0,1,0,0,3,0
fer0021307.png,0,10,0,0,0,0,0,0,0,0
fer0021308.png,2,0,7,0,0,0,1,0,0,0
fer0021309.png,1,8,0,0,0,0,0,0,1,0
fer0021310.png,10,0,0,0,0,0,0,0,0,0
fer0021311.png,0,4,5,0,0,0,0,0,1,0
fer0021312.png,0,0,9,0,0,0,0,0,1,0
fer0021313.png,0,2,4,0,0,0,4,0,0,0
fer0021314.png,0,0,9,0,0,0,1,0,0,0
fer0021315.png,4,6,0,0,0,0,0,0,0,0
fer0021316.png,2,0,0,0,6,1,0,0,1,0
fer0021317.png,0,0,0,9,0,0,1,0,0,0
fer0021318.png,0,0,0,2,6,0,1,0,1,0
fer0021319.png,5,0,0,3,0,0,0,0,2,0
fer0021320.png,7,0,0,1,0,0,0,0,2,0
fer0021321.png,0,9,0,0,0,0,0,0,1,0
fer0021322.png,0,10,0,0,0,0,0,0,0,0
fer0021323.png,10,0,0,0,0,0,0,0,0,0
fer0021324.png,6,0,1,1,0,0,0,0,2,0
fer0021325.png,0,10,0,0,0,0,0,0,0,0
fer0021326.png,1,0,2,1,0,0,5,0,1,0
fer0021327.png,0,0,9,0,0,0,0,0,1,0
fer0021328.png,2,0,7,0,0,0,1,0,0,0
fer0021329.png,7,0,0,0,1,0,0,0,2,0
fer0021330.png,0,10,0,0,0,0,0,0,0,0
fer0021331.png,0,10,0,0,0,0,0,0,0,0
fer0021332.png,9,0,0,1,0,0,0,0,0,0
fer0021333.png,3,0,2,0,0,0,3,0,2,0
fer0021334.png,1,0,0,9,0,0,0,0,0,0
fer0021335.png,0,8,2,0,0,0,0,0,0,0
fer0021336.png,6,0,0,1,1,0,0,0,2,0
fer0021337.png,0,10,0,0,0,0,0,0,0,0
fer0021338.png,4,0,3,0,2,0,0,0,1,0
fer0021339.png,8,0,0,1,0,0,0,0,1,0
fer0021340.png,0,9,0,0,0,0,0,0,1,0
fer0021341.png,0,10,0,0,0,0,0,0,0,0
fer0021342.png,0,0,1,0,7,0,0,0,2,0
fer0021343.png,9,0,1,0,0,0,0,0,0,0
fer0021344.png,1,0,6,0,0,0,0,0,3,0
fer0021345.png,8,0,0,1,0,0,0,0,1,0
fer0021346.png,0,0,9,0,0,0,0,0,1,0
fer0021347.png,2,2,0,5,0,0,0,0,1,0
fer0021348.png,4,0,0,6,0,0,0,0,0,0
fer0021349.png,9,0,0,0,0,0,0,0,1,0
fer0021350.png,2,7,0,0,0,0,0,0,1,0
fer0021351.png,6,0,0,2,0,0,0,0,2,0
fer0021352.png,0,10,0,0,0,0,0,0,0,0
fer0021353.png,0,10,0,0,0,0,0,0,0,0
fer0021354.png,0,0,9,0,0,0,0,0,1,0
fer0021355.png,1,0,0,7,0,0,0,0,2,0
fer0021356.png,8,0,0,1,1,0,0,0,0,0
fer0021357.png,0,0,9,0,0,0,1,0,0,0
fer0021358.png,0,10,0,0,0,0,0,0,0,0
fer0021359.png,4,0,1,1,0,1,1,0,2,0
fer0021360.png,2,0,0,8,0,0,0,0,0,0
fer0021361.png,0,0,0,10,0,0,0,0,0,0
fer0021362.png,0,10,0,0,0,0,0,0,0,0
fer0021363.png,1,0,6,0,0,0,3,0,0,0
fer0021364.png,8,0,0,1,0,0,0,0,1,0
fer0021365.png,0,10,0,0,0,0,0,0,0,0
fer0021366.png,3,0,1,4,0,0,0,2,0,0
fer0021367.png,8,0,0,2,0,0,0,0,0,0
fer0021368.png,0,0,0,8,1,0,0,0,1,0
fer0021369.png,2,0,0,1,2,3,0,1,1,0
fer0021370.png,8,0,0,1,0,0,0,0,1,0
fer0021371.png,2,7,0,0,0,0,0,0,1,0
fer0021372.png,0,10,0,0,0,0,0,0,0,0
fer0021373.png,0,0,1,9,0,0,0,0,0,0
fer0021374.png,1,0,0,9,0,0,0,0,0,0
fer0021375.png,5,0,0,1,0,0,0,0,2,2
fer0021376.png,4,0,0,2,1,1,0,0,2,0
fer0021377.png,0,10,0,0,0,0,0,0,0,0
fer0021378.png,0,10,0,0,0,0,0,0,0,0
fer0021379.png,0,10,0,0,0,0,0,0,0,0
fer0021380.png,4,0,0,5,0,0,0,0,1,0
fer0021381.png,1,0,0,9,0,0,0,0,0,0
fer0021382.png,0,10,0,0,0,0,0,0,0,0
fer0021383.png,10,0,0,0,0,0,0,0,0,0
fer0021384.png,1,9,0,0,0,0,0,0,0,0
fer0021385.png,0,0,5,0,0,0,0,1,4,0
fer0021386.png,0,10,0,0,0,0,0,0,0,0
fer0021387.png,2,8,0,0,0,0,0,0,0,0
fer0021388.png,2,0,3,2,0,0,3,0,0,0
fer0021389.png,0,0,8,0,0,0,2,0,0,0
fer0021390.png,0,0,8,1,0,0,1,0,0,0
fer0021391.png,1,0,0,1,6,1,0,1,0,0
fer0021392.png,1,0,9,0,0,0,0,0,0,0
fer0021393.png,0,0,1,0,8,0,0,0,1,0
fer0021394.png,6,0,0,1,0,0,0,1,2,0
fer0021395.png,0,10,0,0,0,0,0,0,0,0
fer0021396.png,3,7,0,0,0,0,0,0,0,0
fer0021397.png,9,0,1,0,0,0,0,0,0,0
fer0021398.png,5,2,0,0,0,0,0,0,3,0
fer0021399.png,2,0,1,5,0,1,0,1,0,0
fer0021400.png,3,0,6,0,0,0,0,0,1,0
fer0021401.png,4,3,0,2,0,0,0,1,0,0
fer0021402.png,0,10,0,0,0,0,0,0,0,0
fer0021403.png,10,0,0,0,0,0,0,0,0,0
fer0021404.png,2,0,0,4,1,0,0,0,3,0
fer0021405.png,1,0,0,0,8,0,0,0,1,0
fer0021406.png,0,10,0,0,0,0,0,0,0,0
fer0021407.png,1,0,9,0,0,0,0,0,0,0
fer0021408.png,0,0,6,0,0,0,4,0,0,0
fer0021409.png,5,0,0,0,4,0,0,0,1,0
fer0021410.png,0,0,0,7,1,0,2,0,0,0
fer0021411.png,9,0,0,0,1,0,0,0,0,0
fer0021412.png,0,0,2,1,7,0,0,0,0,0
fer0021413.png,0,0,0,10,0,0,0,0,0,0
fer0021414.png,0,0,7,0,0,0,3,0,0,0
fer0021415.png,0,9,0,0,0,0,0,0,1,0
fer0021416.png,8,0,0,2,0,0,0,0,0,0
fer0021417.png,0,0,8,0,0,0,1,0,1,0
fer0021418.png,0,0,0,0,9,0,0,0,1,0
fer0021419.png,1,9,0,0,0,0,0,0,0,0
fer0021420.png,5,4,0,0,0,0,0,1,0,0
fer0021421.png,7,0,0,3,0,0,0,0,0,0
fer0021422.png,8,0,0,0,0,1,0,0,1,0
fer0021423.png,0,0,0,10,0,0,0,0,0,0
fer0021424.png,9,0,0,1,0,0,0,0,0,0
fer0021425.png,10,0,0,0,0,0,0,0,0,0
fer0021426.png,4,0,0,5,0,0,0,0,1,0
fer0021427.png,4,4,0,1,0,0,0,0,1,0
fer0021428.png,2,0,0,8,0,0,0,0,0,0
fer0021429.png,0,9,1,0,0,0,0,0,0,0
fer0021430.png,9,0,0,1,0,0,0,0,0,0
fer0021431.png,0,0,1,1,0,0,8,0,0,0
fer0021432.png,8,0,0,1,0,0,0,0,1,0
fer0021433.png,0,10,0,0,0,0,0,0,0,0
fer0021434.png,0,10,0,0,0,0,0,0,0,0
fer0021435.png,8,0,0,0,1,0,0,1,0,0
fer0021436.png,0,0,0,8,0,1,1,0,0,0
fer0021437.png,4,0,0,5,0,0,0,1,0,0
fer0021438.png,5,0,0,4,0,0,0,0,1,0
fer0021439.png,2,0,0,1,0,0,0,6,1,0
fer0021440.png,0,9,0,0,0,0,0,0,1,0
fer0021441.png,9,0,0,1,0,0,0,0,0,0
fer0021442.png,9,0,0,0,0,0,0,0,1,0
fer0021443.png,0,0,0,0,3,5,0,2,0,0
fer0021444.png,7,0,0,0,2,0,0,0,1,0
fer0021445.png,0,2,0,0,7,0,0,0,1,0
fer0021446.png,5,0,0,3,0,0,0,0,2,0
fer0021447.png,3,7,0,0,0,0,0,0,0,0
fer0021448.png,9,0,0,1,0,0,0,0,0,0
fer0021449.png,2,0,0,4,4,0,0,0,0,0
fer0021450.png,7,0,0,1,0,0,0,0,2,0
fer0021451.png,2,0,0,0,7,0,0,0,1,0
fer0021452.png,10,0,0,0,0,0,0,0,0,0
fer0021453.png,3,1,5,0,0,0,0,0,1,0
fer0021454.png,6,0,0,0,1,0,0,2,1,0
fer0021455.png,0,0,0,0,8,1,0,1,0,0
fer0021456.png,10,0,0,0,0,0,0,0,0,0
fer0021457.png,2,0,0,2,6,0,0,0,0,0
fer0021458.png,4,2,1,0,0,1,0,0,2,0
fer0021459.png,0,10,0,0,0,0,0,0,0,0
fer0021460.png,0,8,2,0,0,0,0,0,0,0
fer0021461.png,2,0,0,8,0,0,0,0,0,0
fer0021462.png,1,0,9,0,0,0,0,0,0,0
fer0021463.png,0,0,10,0,0,0,0,0,0,0
fer0021464.png,0,9,0,0,1,0,0,0,0,0
fer0021465.png,2,0,0,5,1,0,0,0,2,0
fer0021466.png,1,0,1,0,7,0,0,0,1,0
fer0021467.png,0,8,2,0,0,0,0,0,0,0
fer0021468.png,1,0,8,0,0,0,1,0,0,0
fer0021469.png,3,0,0,4,0,0,0,0,3,0
fer0021470.png,0,10,0,0,0,0,0,0,0,0
fer0021471.png,1,0,0,1,6,2,0,0,0,0
fer0021472.png,0,0,4,0,0,0,5,0,1,0
fer0021473.png,1,9,0,0,0,0,0,0,0,0
fer0021474.png,6,1,0,0,0,0,0,0,3,0
fer0021475.png,0,10,0,0,0,0,0,0,0,0
fer0021476.png,6,0,0,2,0,0,0,0,2,0
fer0021477.png,5,0,0,3,0,0,0,0,2,0
fer0021478.png,7,0,1,2,0,0,0,0,0,0
fer0021479.png,10,0,0,0,0,0,0,0,0,0
fer0021480.png,0,9,0,0,0,0,0,0,1,0
fer0021481.png,2,0,4,1,0,0,0,0,3,0
fer0021482.png,1,0,5,0,0,0,4,0,0,0
fer0021483.png,0,7,3,0,0,0,0,0,0,0
fer0021484.png,2,8,0,0,0,0,0,0,0,0
fer0021485.png,2,0,0,5,0,0,0,1,2,0
fer0021486.png,5,1,0,2,0,0,0,0,2,0
fer0021487.png,9,0,0,0,0,0,0,0,1,0
fer0021488.png,0,10,0,0,0,0,0,0,0,0
fer0021489.png,0,10,0,0,0,0,0,0,0,0
fer0021490.png,4,0,0,2,3,1,0,0,0,0
fer0021491.png,0,0,9,0,0,0,1,0,0,0
fer0021492.png,1,0,0,8,0,0,0,0,1,0
fer0021493.png,8,1,0,0,0,0,0,0,1,0
fer0021494.png,0,9,0,0,0,0,0,0,1,0
fer0021495.png,7,0,0,2,0,0,0,0,0,1
fer0021496.png,0,7,3,0,0,0,0,0,0,0
fer0021497.png,6,3,0,0,0,0,0,0,1,0
fer0021498.png,0,0,0,8,0,0,0,0,2,0
fer0021499.png,0,0,7,0,0,0,3,0,0,0
fer0021500.png,10,0,0,0,0,0,0,0,0,0
fer0021501.png,7,0,1,0,0,0,2,0,0,0
fer0021502.png,5,0,0,1,0,0,1,0,3,0
fer0021503.png,7,0,0,0,0,0,0,2,1,0
fer0021504.png,0,0,8,0,0,0,2,0,0,0
fer0021505.png,3,0,0,5,0,0,2,0,0,0
fer0021506.png,0,10,0,0,0,0,0,0,0,0
fer0021507.png,0,9,1,0,0,0,0,0,0,0
fer0021508.png,0,10,0,0,0,0,0,0,0,0
fer0021509.png,0,9,0,0,0,0,0,0,1,0
fer0021510.png,0,0,0,2,0,0,7,0,1,0
fer0021511.png,9,0,0,0,1,0,0,0,0,0
fer0021512.png,2,0,0,6,1,1,0,0,0,0
fer0021513.png,1,0,3,0,3,0,0,0,3,0
fer0021514.png,9,0,0,0,0,0,0,0,1,0
fer0021515.png,0,0,0,0,1,0,9,0,0,0
fer0021516.png,2,0,4,1,0,0,2,0,1,0
fer0021517.png,0,0,2,0,4,4,0,0,0,0
fer0021518.png,0,0,5,0,0,0,5,0,0,0
fer0021519.png,2,0,0,0,5,0,0,0,3,0
fer0021520.png,0,8,0,0,0,0,0,0,2,0
fer0021521.png,0,0,8,0,0,0,2,0,0,0
fer0021522.png,0,3,3,0,3,0,0,0,1,0
fer0021523.png,9,0,0,1,0,0,0,0,0,0
fer0021524.png,0,0,7,0,0,0,3,0,0,0
fer0021525.png,0,10,0,0,0,0,0,0,0,0
fer0021526.png,0,0,0,0,9,1,0,0,0,0
fer0021527.png,4,0,0,6,0,0,0,0,0,0
fer0021528.png,0,10,0,0,0,0,0,0,0,0
fer0021529.png,3,0,0,6,0,0,0,0,1,0
fer0021530.png,1,0,0,1,8,0,0,0,0,0
fer0021531.png,10,0,0,0,0,0,0,0,0,0
fer0021532.png,9,0,0,1,0,0,0,0,0,0
fer0021533.png,0,0,10,0,0,0,0,0,0,0
fer0021534.png,0,10,0,0,0,0,0,0,0,0
fer0021535.png,7,0,0,2,0,0,0,0,1,0
fer0021536.png,0,10,0,0,0,0,0,0,0,0
fer0021537.png,7,0,0,1,2,0,0,0,0,0
fer0021538.png,2,8,0,0,0,0,0,0,0,0
fer0021539.png,0,10,0,0,0,0,0,0,0,0
fer0021540.png,8,0,0,2,0,0,0,0,0,0
fer0021541.png,0,10,0,0,0,0,0,0,0,0
fer0021542.png,0,0,1,0,9,0,0,0,0,0
fer0021543.png,3,0,5,2,0,0,0,0,0,0
fer0021544.png,1,0,4,1,0,0,4,0,0,0
fer0021545.png,1,0,0,2,0,0,5,0,2,0
fer0021546.png,3,0,4,2,0,0,1,0,0,0
fer0021547.png,0,0,2,1,5,0,2,0,0,0
fer0021548.png,0,10,0,0,0,0,0,0,0,0
fer0021549.png,1,0,6,0,0,0,2,0,1,0
fer0021550.png,0,0,0,7,0,1,1,0,1,0
fer0021551.png,0,10,0,0,0,0,0,0,0,0
fer0021552.png,0,0,1,3,0,0,6,0,0,0
fer0021553.png,0,10,0,0,0,0,0,0,0,0
fer0021554.png,2,0,0,1,2,0,2,0,3,0
fer0021555.png,2,0,2,0,5,0,0,0,1,0
fer0021556.png,5,0,0,2,0,0,0,0,3,0
fer0021557.png,9,0,0,0,0,0,0,0,1,0
fer0021558.png,0,10,0,0,0,0,0,0,0,0
fer0021559.png,1,0,0,0,4,0,0,2,3,0
fer0021560.png,0,10,0,0,0,0,0,0,0,0
fer0021561.png,0,0,1,0,9,0,0,0,0,0
fer0021562.png,0,1,0,0,2,2,0,4,1,0
fer0021563.png,0,10,0,0,0,0,0,0,0,0
fer0021564.png,0,10,0,0,0,0,0,0,0,0
fer0021565.png,0,10,0,0,0,0,0,0,0,0
fer0021566.png,0,0,0,3,0,0,7,0,0,0
fer0021567.png,5,0,0,3,0,0,0,0,2,0
fer0021568.png,0,1,0,0,9,0,0,0,0,0
fer0021569.png,1,8,0,0,0,0,0,0,1,0
fer0021570.png,10,0,0,0,0,0,0,0,0,0
fer0021571.png,0,10,0,0,0,0,0,0,0,0
fer0021572.png,0,0,0,0,10,0,0,0,0,0
fer0021573.png,6,0,0,3,0,0,0,0,1,0
fer0021574.png,1,9,0,0,0,0,0,0,0,0
fer0021575.png,1,1,6,0,0,0,1,0,1,0
fer0021576.png,6,0,0,0,2,0,0,2,0,0
fer0021577.png,9,0,0,1,0,0,0,0,0,0
fer0021578.png,5,0,0,1,2,0,0,0,2,0
fer0021579.png,0,0,7,0,0,0,2,0,1,0
fer0021580.png,2,8,0,0,0,0,0,0,0,0
fer0021581.png,1,0,0,7,0,0,0,0,2,0
fer0021582.png,0,1,1,0,7,0,0,0,1,0
fer0021583.png,7,3,0,0,0,0,0,0,0,0
fer0021584.png,8,1,0,0,0,0,0,0,1,0
fer0021585.png,4,0,0,1,5,0,0,0,0,0
fer0021586.png,0,7,1,1,0,0,0,0,1,0
fer0021587.png,0,0,7,0,0,0,3,0,0,0
fer0021588.png,0,0,9,0,0,0,0,0,1,0
fer0021589.png,0,0,5,0,0,0,5,0,0,0
fer0021590.png,1,5,0,1,1,0,1,0,1,0
fer0021591.png,9,0,0,1,0,0,0,0,0,0
fer0021592.png,0,0,0,0,8,0,2,0,0,0
fer0021593.png,3,2,0,4,0,0,0,0,1,0
fer0021594.png,7,2,0,0,0,0,0,0,1,0
fer0021595.png,1,9,0,0,0,0,0,0,0,0
fer0021596.png,0,0,9,0,0,0,1,0,0,0
fer0021597.png,7,0,0,1,1,0,0,0,1,0
fer0021598.png,0,1,6,0,1,0,1,0,1,0
fer0021599.png,0,0,10,0,0,0,0,0,0,0
fer0021600.png,5,1,0,3,0,0,0,0,1,0
fer0021601.png,4,0,0,1,0,0,0,1,4,0
fer0021602.png,0,10,0,0,0,0,0,0,0,0
fer0021603.png,5,0,0,4,0,0,0,0,1,0
fer0021604.png,10,0,0,0,0,0,0,0,0,0
fer0021605.png,1,8,0,0,0,0,0,0,1,0
fer0021606.png,1,0,9,0,0,0,0,0,0,0
fer0021607.png,0,0,10,0,0,0,0,0,0,0
fer0021608.png,0,0,8,0,0,0,2,0,0,0
fer0021609.png,0,10,0,0,0,0,0,0,0,0
fer0021610.png,0,10,0,0,0,0,0,0,0,0
fer0021611.png,2,0,0,8,0,0,0,0,0,0
fer0021612.png,2,0,0,7,0,0,0,1,0,0
fer0021613.png,0,0,3,3,2,0,1,0,1,0
fer0021614.png,0,0,0,1,0,8,0,0,1,0
fer0021615.png,0,9,1,0,0,0,0,0,0,0
fer0021616.png,5,0,0,3,1,0,0,0,1,0
fer0021617.png,0,10,0,0,0,0,0,0,0,0
fer0021618.png,2,0,0,1,3,0,0,1,3,0
fer0021619.png,4,2,0,0,2,0,0,1,1,0
fer0021620.png,3,0,0,2,0,1,0,2,2,0
fer0021621.png,9,0,0,0,0,0,0,0,1,0
fer0021622.png,1,9,0,0,0,0,0,0,0,0
fer0021623.png,4,5,0,0,0,0,0,0,1,0
fer0021624.png,8,0,0,2,0,0,0,0,0,0
fer0021625.png,1,0,0,0,4,3,0,2,0,0
fer0021626.png,9,0,0,0,0,0,0,0,1,0
fer0021627.png,3,0,0,3,1,0,0,0,3,0
fer0021628.png,0,7,3,0,0,0,0,0,0,0
fer0021629.png,3,0,1,5,0,0,0,0,1,0
fer0021630.png,9,0,0,0,0,0,0,1,0,0
fer0021631.png,3,6,0,0,0,0,0,0,1,0
fer0021632.png,0,0,1,0,2,0,6,0,1,0
fer0021633.png,8,1,1,0,0,0,0,0,0,0
fer0021634.png,8,0,0,2,0,0,0,0,0,0
fer0021635.png,1,2,6,0,0,0,0,0,1,0
fer0021636.png,1,0,0,2,0,0,7,0,0,0
fer0021637.png,3,0,0,4,2,0,0,0,1,0
fer0021638.png,2,8,0,0,0,0,0,0,0,0
fer0021639.png,4,0,0,2,2,0,0,0,2,0
fer0021640.png,2,7,1,0,0,0,0,0,0,0
fer0021641.png,6,1,0,0,1,0,0,1,1,0
fer0021642.png,0,1,0,8,0,0,0,0,1,0
fer0021643.png,0,0,2,0,3,0,4,0,1,0
fer0021644.png,0,0,0,0,9,0,0,0,1,0
fer0021645.png,0,9,1,0,0,0,0,0,0,0
fer0021646.png,7,0,0,1,1,0,0,0,1,0
fer0021647.png,0,0,0,8,0,2,0,0,0,0
fer0021648.png,0,10,0,0,0,0,0,0,0,0
fer0021649.png,0,1,2,1,5,0,0,0,1,0
fer0021650.png,2,0,4,2,0,1,1,0,0,0
fer0021651.png,0,0,8,0,0,0,0,0,2,0
fer0021652.png,8,0,0,1,0,0,0,0,1,0
fer0021653.png,9,0,0,1,0,0,0,0,0,0
fer0021654.png,0,8,0,0,0,0,0,1,1,0
fer0021655.png,0,9,1,0,0,0,0,0,0,0
fer0021656.png,3,0,0,6,0,0,0,0,1,0
fer0021657.png,1,9,0,0,0,0,0,0,0,0
fer0021658.png,5,0,0,3,0,0,0,0,2,0
fer0021659.png,0,10,0,0,0,0,0,0,0,0
fer0021660.png,0,0,1,1,1,0,5,0,2,0
fer0021661.png,3,0,1,2,0,0,0,1,3,0
fer0021662.png,7,0,0,2,0,0,0,0,1,0
fer0021663.png,2,0,0,7,0,0,0,0,1,0
fer0021664.png,10,0,0,0,0,0,0,0,0,0
fer0021665.png,0,0,8,0,0,0,2,0,0,0
fer0021666.png,3,0,0,6,0,0,0,0,1,0
fer0021667.png,0,0,2,4,0,1,0,1,2,0
fer0021668.png,0,10,0,0,0,0,0,0,0,0
fer0021669.png,1,1,4,0,3,0,1,0,0,0
fer0021670.png,9,0,0,1,0,0,0,0,0,0
fer0021671.png,9,1,0,0,0,0,0,0,0,0
fer0021672.png,5,0,0,1,1,0,0,1,2,0
fer0021673.png,1,0,8,0,0,0,1,0,0,0
fer0021674.png,0,0,0,0,9,0,1,0,0,0
fer0021675.png,5,2,0,0,0,0,0,2,1,0
fer0021676.png,6,0,0,0,1,0,0,2,1,0
fer0021677.png,7,0,0,0,0,0,0,0,3,0
fer0021678.png,0,10,0,0,0,0,0,0,0,0
fer0021679.png,7,0,0,2,1,0,0,0,0,0
fer0021680.png,4,0,0,5,0,0,0,0,1,0
fer0021681.png,0,0,7,0,0,0,3,0,0,0
fer0021682.png,8,0,0,1,1,0,0,0,0,0
fer0021683.png,0,0,9,0,0,0,1,0,0,0
fer0021684.png,0,10,0,0,0,0,0,0,0,0
fer0021685.png,6,0,0,2,1,0,0,0,1,0
fer0021686.png,0,0,9,0,0,0,1,0,0,0
fer0021687.png,10,0,0,0,0,0,0,0,0,0
fer0021688.png,0,0,2,5,1,0,2,0,0,0
fer0021689.png,4,0,0,3,3,0,0,0,0,0
fer0021690.png,2,0,0,0,2,6,0,0,0,0
fer0021691.png,1,0,0,0,8,0,1,0,0,0
fer0021692.png,0,0,0,9,0,0,0,0,1,0
fer0021693.png,2,0,2,3,0,1,1,0,1,0
fer0021694.png,8,0,0,2,0,0,0,0,0,0
fer0021695.png,1,9,0,0,0,0,0,0,0,0
fer0021696.png,1,9,0,0,0,0,0,0,0,0
fer0021697.png,0,10,0,0,0,0,0,0,0,0
fer0021698.png,6,0,0,3,0,0,1,0,0,0
fer0021699.png,0,10,0,0,0,0,0,0,0,0
fer0021700.png,8,0,0,1,1,0,0,0,0,0
fer0021701.png,0,0,1,1,6,1,0,0,1,0
fer0021702.png,3,3,0,4,0,0,0,0,0,0
fer0021703.png,6,0,0,3,0,0,0,0,1,0
fer0021704.png,0,0,7,0,0,0,3,0,0,0
fer0021705.png,2,0,0,3,1,4,0,0,0,0
fer0021706.png,0,10,0,0,0,0,0,0,0,0
fer0021707.png,7,0,0,2,0,0,0,0,1,0
fer0021708.png,0,0,0,10,0,0,0,0,0,0
fer0021709.png,8,0,0,0,1,0,0,0,1,0
fer0021710.png,1,7,0,0,0,0,0,2,0,0
fer0021711.png,2,0,0,0,2,5,0,0,1,0
fer0021712.png,9,0,0,1,0,0,0,0,0,0
fer0021713.png,0,3,1,0,4,0,0,0,2,0
fer0021714.png,1,3,6,0,0,0,0,0,0,0
fer0021715.png,6,0,0,2,0,0,0,0,2,0
fer0021716.png,7,0,0,0,0,0,0,0,3,0
fer0021717.png,3,0,1,4,0,0,0,0,2,0
fer0021718.png,4,0,0,5,0,0,1,0,0,0
fer0021719.png,0,0,0,9,1,0,0,0,0,0
fer0021720.png,9,0,0,0,0,0,0,0,1,0
fer0021721.png,10,0,0,0,0,0,0,0,0,0
fer0021722.png,1,9,0,0,0,0,0,0,0,0
fer0021723.png,0,0,1,0,8,0,0,0,1,0
fer0021724.png,0,10,0,0,0,0,0,0,0,0
fer0021725.png,0,0,0,0,10,0,0,0,0,0
fer0021726.png,0,0,10,0,0,0,0,0,0,0
fer0021727.png,1,1,8,0,0,0,0,0,0,0
fer0021728.png,0,0,0,0,9,1,0,0,0,0
fer0021729.png,4,6,0,0,0,0,0,0,0,0
fer0021730.png,0,10,0,0,0,0,0,0,0,0
fer0021731.png,0,1,4,0,0,0,0,0,5,0
fer0021732.png,6,0,0,1,0,0,0,0,3,0
fer0021733.png,0,10,0,0,0,0,0,0,0,0
fer0021734.png,0,10,0,0,0,0,0,0,0,0
fer0021735.png,6,0,0,3,0,0,0,0,1,0
fer0021736.png,6,2,0,1,0,0,0,0,1,0
fer0021737.png,7,1,0,1,0,0,0,0,1,0
fer0021739.png,2,1,0,3,4,0,0,0,0,0
fer0021740.png,10,0,0,0,0,0,0,0,0,0
fer0021741.png,0,8,0,1,0,0,0,0,1,0
fer0021742.png,0,10,0,0,0,0,0,0,0,0
fer0021743.png,0,1,9,0,0,0,0,0,0,0
fer0021744.png,1,0,7,0,0,0,1,0,1,0
fer0021745.png,1,1,0,1,2,5,0,0,0,0
fer0021746.png,0,0,9,0,0,0,1,0,0,0
fer0021747.png,9,1,0,0,0,0,0,0,0,0
fer0021748.png,4,5,0,0,0,0,0,0,1,0
fer0021749.png,0,10,0,0,0,0,0,0,0,0
fer0021750.png,1,0,3,0,0,0,5,0,1,0
fer0021751.png,1,0,3,3,0,0,2,0,1,0
fer0021752.png,0,0,2,0,8,0,0,0,0,0
fer0021753.png,0,0,5,0,1,0,4,0,0,0
fer0021754.png,9,0,0,1,0,0,0,0,0,0
fer0021755.png,8,2,0,0,0,0,0,0,0,0
fer0021756.png,10,0,0,0,0,0,0,0,0,0
fer0021757.png,7,0,0,1,1,0,0,0,1,0
fer0021758.png,10,0,0,0,0,0,0,0,0,0
fer0021759.png,7,3,0,0,0,0,0,0,0,0
fer0021760.png,2,0,2,4,0,0,0,0,2,0
fer0021761.png,5,0,0,4,0,0,0,0,1,0
fer0021762.png,2,0,1,1,3,0,1,0,2,0
fer0021763.png,0,0,10,0,0,0,0,0,0,0
fer0021764.png,0,10,0,0,0,0,0,0,0,0
fer0021765.png,3,0,0,4,1,0,1,0,1,0
fer0021766.png,1,0,7,0,0,0,1,0,1,0
fer0021767.png,8,0,1,0,0,0,0,1,0,0
fer0021768.png,2,0,0,4,0,1,0,3,0,0
fer0021769.png,2,0,5,0,0,0,2,0,1,0
fer0021770.png,8,1,0,0,0,0,0,1,0,0
fer0021771.png,3,0,3,1,1,0,1,0,1,0
fer0021772.png,3,0,0,7,0,0,0,0,0,0
fer0021773.png,10,0,0,0,0,0,0,0,0,0
fer0021774.png,5,0,0,4,0,0,0,0,1,0
fer0021775.png,1,0,0,9,0,0,0,0,0,0
fer0021776.png,5,5,0,0,0,0,0,0,0,0
fer0021777.png,9,0,0,0,0,0,0,1,0,0
fer0021778.png,1,0,8,0,0,0,1,0,0,0
fer0021779.png,0,0,8,0,0,0,1,0,1,0
fer0021780.png,0,10,0,0,0,0,0,0,0,0
fer0021781.png,5,1,0,0,0,2,0,0,2,0
fer0021782.png,5,0,2,2,0,0,0,0,1,0
fer0021783.png,2,0,5,0,0,0,1,0,2,0
fer0021784.png,0,9,1,0,0,0,0,0,0,0
fer0021785.png,0,0,2,0,0,0,5,1,2,0
fer0021786.png,0,9,0,0,0,0,0,1,0,0
fer0021787.png,6,0,0,4,0,0,0,0,0,0
fer0021788.png,2,0,6,0,1,0,0,0,1,0
fer0021789.png,0,0,7,1,0,0,2,0,0,0
fer0021790.png,4,0,0,2,0,0,0,1,3,0
fer0021791.png,0,8,1,1,0,0,0,0,0,0
fer0021792.png,8,0,0,0,1,0,0,0,1,0
fer0021793.png,0,10,0,0,0,0,0,0,0,0
fer0021794.png,7,0,0,3,0,0,0,0,0,0
fer0021795.png,0,10,0,0,0,0,0,0,0,0
fer0021796.png,0,0,0,6,0,4,0,0,0,0
fer0021797.png,7,0,1,1,0,0,0,0,1,0
fer0021798.png,0,0,7,1,0,0,0,0,2,0
fer0021799.png,2,0,0,0,4,1,0,1,2,0
fer0021800.png,5,0,0,1,4,0,0,0,0,0
fer0021801.png,2,0,8,0,0,0,0,0,0,0
fer0021802.png,5,0,0,5,0,0,0,0,0,0
fer0021803.png,5,0,0,0,1,0,0,4,0,0
fer0021804.png,0,1,7,0,0,0,2,0,0,0
fer0021805.png,7,0,0,0,1,1,0,0,1,0
fer0021806.png,0,10,0,0,0,0,0,0,0,0
fer0021807.png,7,1,0,0,0,0,0,1,1,0
fer0021808.png,6,0,0,1,2,0,0,0,1,0
fer0021809.png,9,0,0,0,1,0,0,0,0,0
fer0021810.png,1,0,0,0,7,1,0,0,1,0
fer0021811.png,1,7,1,0,0,0,0,0,1,0
fer0021812.png,1,0,9,0,0,0,0,0,0,0
fer0021813.png,0,0,9,0,0,0,1,0,0,0
fer0021814.png,0,9,1,0,0,0,0,0,0,0
fer0021815.png,9,0,0,0,0,0,0,0,1,0
fer0021816.png,10,0,0,0,0,0,0,0,0,0
fer0021817.png,0,9,1,0,0,0,0,0,0,0
fer0021818.png,1,9,0,0,0,0,0,0,0,0
fer0021819.png,8,0,0,1,0,0,0,0,1,0
fer0021820.png,7,0,0,1,0,0,0,1,1,0
fer0021821.png,3,7,0,0,0,0,0,0,0,0
fer0021822.png,4,0,0,5,0,0,0,0,1,0
fer0021823.png,1,0,0,1,0,0,8,0,0,0
fer0021824.png,0,0,4,3,0,0,3,0,0,0
fer0021825.png,8,0,0,0,2,0,0,0,0,0
fer0021826.png,0,10,0,0,0,0,0,0,0,0
fer0021827.png,6,0,0,1,0,0,0,1,2,0
fer0021828.png,8,0,0,2,0,0,0,0,0,0
fer0021829.png,1,9,0,0,0,0,0,0,0,0
fer0021830.png,2,0,0,3,2,0,0,0,3,0
fer0021831.png,0,7,2,0,0,0,0,0,1,0
fer0021832.png,0,0,7,0,0,0,3,0,0,0
fer0021833.png,4,3,0,1,0,0,0,1,1,0
fer0021834.png,7,0,0,2,0,0,0,0,1,0
fer0021835.png,0,1,9,0,0,0,0,0,0,0
fer0021836.png,7,0,0,2,0,0,0,0,1,0
fer0021837.png,0,5,5,0,0,0,0,0,0,0
fer0021838.png,8,0,0,2,0,0,0,0,0,0
fer0021839.png,6,0,0,0,0,1,0,1,2,0
fer0021840.png,0,0,9,0,0,1,0,0,0,0
fer0021841.png,0,0,10,0,0,0,0,0,0,0
fer0021842.png,4,0,0,4,2,0,0,0,0,0
fer0021843.png,3,0,0,5,1,0,0,0,1,0
fer0021844.png,1,9,0,0,0,0,0,0,0,0
fer0021845.png,0,0,9,0,0,0,1,0,0,0
fer0021846.png,0,0,7,0,0,0,2,0,1,0
fer0021847.png,0,10,0,0,0,0,0,0,0,0
fer0021848.png,6,0,0,4,0,0,0,0,0,0
fer0021849.png,1,4,4,0,0,0,0,0,1,0
fer0021850.png,6,0,0,2,0,0,0,0,2,0
fer0021851.png,1,0,8,0,0,0,1,0,0,0
fer0021852.png,1,9,0,0,0,0,0,0,0,0
fer0021853.png,0,10,0,0,0,0,0,0,0,0
fer0021854.png,9,0,0,0,0,0,0,1,0,0
fer0021855.png,5,0,1,0,0,0,1,1,2,0
fer0021856.png,7,0,0,3,0,0,0,0,0,0
fer0021857.png,9,0,0,0,0,0,0,0,1,0
fer0021858.png,5,0,0,4,0,0,1,0,0,0
fer0021859.png,10,0,0,0,0,0,0,0,0,0
fer0021860.png,8,0,0,0,0,0,0,0,2,0
fer0021861.png,3,0,0,0,6,0,1,0,0,0
fer0021862.png,1,0,0,7,2,0,0,0,0,0
fer0021863.png,0,0,2,1,4,0,2,0,1,0
fer0021864.png,4,0,0,0,3,0,0,0,3,0
fer0021865.png,10,0,0,0,0,0,0,0,0,0
fer0021866.png,8,2,0,0,0,0,0,0,0,0
fer0021867.png,7,1,0,0,0,0,0,1,1,0
fer0021868.png,4,1,0,5,0,0,0,0,0,0
fer0021869.png,1,0,9,0,0,0,0,0,0,0
fer0021870.png,0,10,0,0,0,0,0,0,0,0
fer0021871.png,8,0,0,0,0,0,0,0,2,0
fer0021872.png,4,6,0,0,0,0,0,0,0,0
fer0021873.png,0,10,0,0,0,0,0,0,0,0
fer0021874.png,5,0,0,4,0,0,1,0,0,0
fer0021875.png,0,10,0,0,0,0,0,0,0,0
fer0021876.png,4,1,0,4,0,1,0,0,0,0
fer0021877.png,4,0,0,1,4,0,0,1,0,0
fer0021878.png,1,9,0,0,0,0,0,0,0,0
fer0021879.png,0,0,10,0,0,0,0,0,0,0
fer0021880.png,0,10,0,0,0,0,0,0,0,0
fer0021881.png,0,10,0,0,0,0,0,0,0,0
fer0021882.png,3,7,0,0,0,0,0,0,0,0
fer0021883.png,0,10,0,0,0,0,0,0,0,0
fer0021884.png,1,9,0,0,0,0,0,0,0,0
fer0021885.png,9,0,0,0,0,0,0,0,1,0
fer0021886.png,0,10,0,0,0,0,0,0,0,0
fer0021887.png,0,9,0,0,0,0,0,0,1,0
fer0021888.png,4,0,0,5,0,0,0,0,1,0
fer0021889.png,2,0,0,6,0,0,0,0,2,0
fer0021890.png,2,0,7,0,0,0,1,0,0,0
fer0021891.png,1,9,0,0,0,0,0,0,0,0
fer0021892.png,3,5,1,0,0,0,0,0,1,0
fer0021893.png,8,0,0,2,0,0,0,0,0,0
fer0021894.png,0,5,0,0,0,0,2,0,3,0
fer0021895.png,0,0,9,0,0,0,1,0,0,0
fer0021896.png,6,0,0,4,0,0,0,0,0,0
fer0021897.png,4,0,0,6,0,0,0,0,0,0
fer0021898.png,0,0,2,0,0,0,6,0,2,0
fer0021899.png,4,2,0,1,0,0,0,3,0,0
fer0021900.png,7,1,0,0,0,0,0,2,0,0
fer0021901.png,6,0,1,0,0,0,0,1,2,0
fer0021902.png,5,0,0,4,0,0,0,1,0,0
fer0021903.png,0,9,0,0,1,0,0,0,0,0
fer0021904.png,3,0,0,4,0,0,0,0,3,0
fer0021905.png,4,6,0,0,0,0,0,0,0,0
fer0021906.png,9,0,0,0,0,0,0,0,1,0
fer0021907.png,4,0,1,2,1,0,0,0,2,0
fer0021908.png,0,2,0,0,7,0,0,0,1,0
fer0021909.png,2,7,0,0,1,0,0,0,0,0
fer0021910.png,2,6,0,0,1,0,0,0,1,0
fer0021911.png,5,0,0,5,0,0,0,0,0,0
fer0021912.png,8,0,0,0,0,0,0,1,1,0
fer0021913.png,1,0,9,0,0,0,0,0,0,0
fer0021914.png,4,0,0,5,0,0,0,0,1,0
fer0021915.png,2,0,0,7,0,0,0,0,1,0
fer0021916.png,3,0,0,6,0,0,0,0,1,0
fer0021917.png,1,2,7,0,0,0,0,0,0,0
fer0021918.png,0,1,9,0,0,0,0,0,0,0
fer0021919.png,0,0,9,0,0,0,1,0,0,0
fer0021920.png,0,0,1,1,5,2,1,0,0,0
fer0021921.png,0,9,0,0,0,0,0,0,1,0
fer0021922.png,0,0,0,9,1,0,0,0,0,0
fer0021923.png,0,10,0,0,0,0,0,0,0,0
fer0021924.png,1,0,0,8,1,0,0,0,0,0
fer0021925.png,3,7,0,0,0,0,0,0,0,0
fer0021926.png,1,9,0,0,0,0,0,0,0,0
fer0021927.png,9,0,0,1,0,0,0,0,0,0
fer0021928.png,8,2,0,0,0,0,0,0,0,0
fer0021929.png,3,0,0,5,0,0,0,0,2,0
fer0021930.png,8,0,0,0,0,0,0,1,0,1
fer0021931.png,0,0,10,0,0,0,0,0,0,0
fer0021932.png,3,0,0,7,0,0,0,0,0,0
fer0021933.png,9,0,0,1,0,0,0,0,0,0
fer0021934.png,7,0,0,2,0,0,0,0,1,0
fer0021935.png,0,5,5,0,0,0,0,0,0,0
fer0021936.png,5,5,0,0,0,0,0,0,0,0
fer0021937.png,6,0,0,3,0,0,0,0,1,0
fer0021938.png,6,0,0,1,2,0,0,0,1,0
fer0021939.png,1,0,8,0,0,0,0,0,1,0
fer0021940.png,10,0,0,0,0,0,0,0,0,0
fer0021941.png,0,0,0,1,3,0,3,2,1,0
fer0021942.png,0,0,9,0,0,0,0,0,1,0
fer0021943.png,2,0,0,3,4,0,0,0,1,0
fer0021944.png,2,1,0,6,0,0,0,0,1,0
fer0021945.png,5,0,2,1,0,0,1,1,0,0
fer0021946.png,0,9,0,1,0,0,0,0,0,0
fer0021947.png,2,1,0,4,0,1,0,2,0,0
fer0021948.png,3,0,1,6,0,0,0,0,0,0
fer0021949.png,6,1,0,1,0,0,0,1,1,0
fer0021950.png,7,0,1,0,0,0,0,0,2,0
fer0021951.png,5,0,2,1,1,0,0,0,1,0
fer0021952.png,8,0,0,2,0,0,0,0,0,0
fer0021953.png,1,0,7,0,0,0,1,0,1,0
fer0021954.png,1,0,7,1,0,0,1,0,0,0
fer0021955.png,6,0,0,4,0,0,0,0,0,0
fer0021956.png,2,0,4,0,0,0,4,0,0,0
fer0021957.png,0,0,0,0,9,0,0,0,1,0
fer0021958.png,1,6,0,1,0,0,1,0,1,0
fer0021959.png,1,0,2,3,1,2,0,0,1,0
fer0021960.png,4,0,1,0,2,0,0,0,3,0
fer0021961.png,1,0,5,0,2,1,0,0,1,0
fer0021962.png,0,10,0,0,0,0,0,0,0,0
fer0021963.png,0,0,8,0,0,0,1,0,1,0
fer0021964.png,8,0,0,0,0,1,0,0,1,0
fer0021965.png,0,10,0,0,0,0,0,0,0,0
fer0021966.png,5,0,0,5,0,0,0,0,0,0
fer0021967.png,4,0,0,4,0,0,0,1,1,0
fer0021968.png,1,0,0,2,4,0,0,0,3,0
fer0021969.png,4,0,4,0,0,0,0,0,2,0
fer0021970.png,0,0,5,0,0,0,3,0,2,0
fer0021971.png,0,10,0,0,0,0,0,0,0,0
fer0021972.png,7,0,0,1,0,0,0,1,1,0
fer0021973.png,3,0,0,5,0,0,1,0,1,0
fer0021974.png,1,0,0,0,7,0,0,2,0,0
fer0021975.png,0,0,1,4,1,0,0,0,4,0
fer0021976.png,3,0,0,6,0,0,0,0,1,0
fer0021977.png,6,0,0,1,1,0,0,1,1,0
fer0021978.png,0,8,1,0,1,0,0,0,0,0
fer0021979.png,3,0,0,1,4,0,0,1,1,0
fer0021980.png,9,0,0,1,0,0,0,0,0,0
fer0021981.png,0,0,0,5,0,1,4,0,0,0
fer0021982.png,7,0,0,0,0,0,0,1,2,0
fer0021983.png,0,10,0,0,0,0,0,0,0,0
fer0021984.png,4,0,0,3,2,0,0,0,1,0
fer0021985.png,4,4,0,1,1,0,0,0,0,0
fer0021986.png,3,0,0,3,1,1,0,1,1,0
fer0021987.png,1,0,9,0,0,0,0,0,0,0
fer0021988.png,0,10,0,0,0,0,0,0,0,0
fer0021989.png,3,0,3,1,0,0,2,0,1,0
fer0021990.png,5,0,0,1,4,0,0,0,0,0
fer0021991.png,2,8,0,0,0,0,0,0,0,0
fer0021992.png,0,0,9,0,0,0,1,0,0,0
fer0021993.png,0,0,3,1,4,0,1,0,1,0
fer0021994.png,1,0,9,0,0,0,0,0,0,0
fer0021995.png,9,0,0,0,0,0,0,0,1,0
fer0021996.png,4,0,0,1,4,0,0,0,1,0
fer0021997.png,8,0,0,0,2,0,0,0,0,0
fer0021998.png,9,0,0,1,0,0,0,0,0,0
fer0021999.png,0,0,0,4,0,3,0,3,0,0
fer0022000.png,3,5,2,0,0,0,0,0,0,0
fer0022001.png,5,0,0,0,5,0,0,0,0,0
fer0022002.png,1,9,0,0,0,0,0,0,0,0
fer0022003.png,2,0,3,2,0,0,2,0,1,0
fer0022004.png,1,9,0,0,0,0,0,0,0,0
fer0022005.png,2,7,0,0,0,0,0,0,1,0
fer0022006.png,7,0,0,2,0,0,0,0,1,0
fer0022008.png,5,3,1,0,0,0,0,0,1,0
fer0022009.png,3,0,0,3,3,0,0,0,1,0
fer0022010.png,3,0,6,0,0,0,0,0,1,0
fer0022011.png,6,0,0,1,2,0,0,1,0,0
fer0022012.png,1,0,0,0,9,0,0,0,0,0
fer0022013.png,1,0,0,8,0,0,0,0,1,0
fer0022014.png,0,0,7,0,0,0,2,0,1,0
fer0022015.png,7,0,0,2,0,0,0,0,1,0
fer0022016.png,1,0,0,1,7,1,0,0,0,0
fer0022017.png,2,0,0,8,0,0,0,0,0,0
fer0022018.png,0,0,1,0,9,0,0,0,0,0
fer0022019.png,10,0,0,0,0,0,0,0,0,0
fer0022020.png,8,0,0,0,0,0,0,1,1,0
fer0022021.png,2,0,0,5,2,0,0,0,1,0
fer0022022.png,0,0,1,0,7,0,1,0,1,0
fer0022023.png,1,0,2,0,7,0,0,0,0,0
fer0022024.png,0,10,0,0,0,0,0,0,0,0
fer0022025.png,0,9,0,0,0,0,0,0,1,0
fer0022026.png,6,0,0,0,3,0,0,0,1,0
fer0022027.png,8,2,0,0,0,0,0,0,0,0
fer0022028.png,0,9,1,0,0,0,0,0,0,0
fer0022029.png,9,0,0,0,0,0,0,0,1,0
fer0022030.png,10,0,0,0,0,0,0,0,0,0
fer0022031.png,0,0,7,2,0,0,1,0,0,0
fer0022032.png,9,0,0,0,0,0,0,0,1,0
fer0022033.png,0,0,0,1,3,1,1,4,0,0
fer0022034.png,5,0,0,5,0,0,0,0,0,0
fer0022035.png,8,2,0,0,0,0,0,0,0,0
fer0022036.png,0,0,1,1,4,0,1,0,3,0
fer0022037.png,4,0,0,1,2,0,0,0,3,0
fer0022038.png,2,1,0,5,0,0,0,0,2,0
fer0022039.png,3,7,0,0,0,0,0,0,0,0
fer0022040.png,0,0,0,0,9,0,0,0,1,0
fer0022041.png,0,10,0,0,0,0,0,0,0,0
fer0022042.png,2,0,7,0,0,0,0,1,0,0
fer0022043.png,1,0,0,8,0,0,0,0,1,0
fer0022044.png,8,0,0,1,0,0,0,0,1,0
fer0022045.png,6,0,0,1,1,1,0,1,0,0
fer0022046.png,0,0,0,10,0,0,0,0,0,0
fer0022047.png,8,0,0,2,0,0,0,0,0,0
fer0022048.png,1,1,0,8,0,0,0,0,0,0
fer0022049.png,6,0,0,1,1,0,0,0,2,0
fer0022050.png,0,0,10,0,0,0,0,0,0,0
fer0022051.png,0,0,8,0,1,0,0,0,1,0
fer0022052.png,3,2,0,1,0,0,1,2,1,0
fer0022053.png,0,10,0,0,0,0,0,0,0,0
fer0022054.png,0,10,0,0,0,0,0,0,0,0
fer0022055.png,6,3,0,0,0,0,0,0,1,0
fer0022056.png,0,10,0,0,0,0,0,0,0,0
fer0022057.png,2,0,0,1,7,0,0,0,0,0
fer0022058.png,1,8,0,0,0,0,0,0,1,0
fer0022059.png,0,10,0,0,0,0,0,0,0,0
fer0022060.png,10,0,0,0,0,0,0,0,0,0
fer0022061.png,7,0,0,3,0,0,0,0,0,0
fer0022062.png,2,0,0,0,5,3,0,0,0,0
fer0022063.png,0,10,0,0,0,0,0,0,0,0
fer0022064.png,0,10,0,0,0,0,0,0,0,0
fer0022065.png,2,0,1,2,0,1,0,2,2,0
fer0022066.png,9,0,0,1,0,0,0,0,0,0
fer0022067.png,8,0,0,0,0,0,0,0,2,0
fer0022068.png,0,0,10,0,0,0,0,0,0,0
fer0022069.png,3,0,0,6,0,0,0,0,1,0
fer0022070.png,0,0,8,0,0,0,0,0,2,0
fer0022071.png,3,0,4,0,0,0,1,0,2,0
fer0022072.png,2,0,5,1,0,0,0,1,1,0
fer0022073.png,0,8,1,0,0,0,0,0,1,0
fer0022074.png,0,2,1,0,0,0,6,0,1,0
fer0022075.png,0,0,8,0,0,0,2,0,0,0
fer0022076.png,0,0,10,0,0,0,0,0,0,0
fer0022077.png,0,10,0,0,0,0,0,0,0,0
fer0022078.png,1,9,0,0,0,0,0,0,0,0
fer0022079.png,0,0,8,0,0,0,2,0,0,0
fer0022080.png,6,0,0,3,0,0,0,0,1,0
fer0022081.png,1,0,4,2,0,0,1,0,2,0
fer0022082.png,0,9,0,0,0,0,0,0,1,0
fer0022083.png,0,10,0,0,0,0,0,0,0,0
fer0022084.png,0,10,0,0,0,0,0,0,0,0
fer0022085.png,1,0,0,9,0,0,0,0,0,0
fer0022086.png,0,10,0,0,0,0,0,0,0,0
fer0022087.png,1,1,0,0,7,0,0,0,1,0
fer0022088.png,6,0,0,0,0,0,0,0,4,0
fer0022089.png,5,0,0,0,0,1,0,3,1,0
fer0022090.png,0,0,0,1,6,2,0,0,1,0
fer0022091.png,1,0,0,3,0,0,0,2,4,0
fer0022092.png,0,0,2,0,8,0,0,0,0,0
fer0022093.png,3,0,0,7,0,0,0,0,0,0
fer0022094.png,0,10,0,0,0,0,0,0,0,0
fer0022095.png,4,0,0,6,0,0,0,0,0,0
fer0022096.png,0,9,1,0,0,0,0,0,0,0
fer0022097.png,8,0,0,0,0,1,0,0,1,0
fer0022098.png,0,10,0,0,0,0,0,0,0,0
fer0022099.png,0,0,0,0,10,0,0,0,0,0
fer0022100.png,2,0,0,8,0,0,0,0,0,0
fer0022101.png,0,1,2,0,5,0,0,0,2,0
fer0022102.png,0,9,0,0,0,1,0,0,0,0
fer0022103.png,0,0,10,0,0,0,0,0,0,0
fer0022104.png,0,10,0,0,0,0,0,0,0,0
fer0022105.png,7,0,0,1,0,0,0,1,1,0
fer0022106.png,0,3,7,0,0,0,0,0,0,0
fer0022107.png,3,0,0,6,0,0,0,0,1,0
fer0022108.png,2,0,0,4,1,0,0,0,3,0
fer0022109.png,4,0,0,1,1,0,0,4,0,0
fer0022110.png,3,0,0,4,0,0,3,0,0,0
fer0022111.png,8,1,0,0,0,0,0,0,1,0
fer0022112.png,0,9,0,0,0,0,0,0,1,0
fer0022113.png,9,0,0,1,0,0,0,0,0,0
fer0022114.png,5,0,0,0,0,0,1,1,3,0
fer0022115.png,7,0,0,0,1,0,0,0,2,0
fer0022116.png,0,10,0,0,0,0,0,0,0,0
fer0022117.png,9,0,0,0,0,0,0,1,0,0
fer0022118.png,2,0,0,8,0,0,0,0,0,0
fer0022119.png,0,0,0,0,9,0,1,0,0,0
fer0022120.png,0,0,0,10,0,0,0,0,0,0
fer0022121.png,0,3,0,0,3,3,0,0,1,0
fer0022122.png,2,4,2,0,1,0,0,0,1,0
fer0022123.png,1,9,0,0,0,0,0,0,0,0
fer0022124.png,8,1,0,0,0,0,0,0,1,0
fer0022125.png,3,0,0,6,0,0,0,0,1,0
fer0022126.png,0,0,0,8,0,0,0,0,2,0
fer0022127.png,5,0,1,1,0,0,0,0,3,0
fer0022128.png,1,0,0,0,8,0,0,0,1,0
fer0022129.png,1,0,4,0,4,0,0,0,1,0
fer0022130.png,8,0,0,1,0,0,0,0,1,0
fer0022131.png,1,1,2,0,6,0,0,0,0,0
fer0022132.png,0,10,0,0,0,0,0,0,0,0
fer0022133.png,2,0,5,0,0,0,1,0,2,0
fer0022134.png,9,0,0,1,0,0,0,0,0,0
fer0022135.png,2,8,0,0,0,0,0,0,0,0
fer0022136.png,1,0,0,8,0,0,0,0,1,0
fer0022137.png,4,0,0,4,0,1,1,0,0,0
fer0022138.png,0,9,0,0,0,0,0,0,1,0
fer0022139.png,0,5,3,0,1,0,0,0,1,0
fer0022140.png,1,0,0,0,0,9,0,0,0,0
fer0022141.png,5,0,0,2,0,2,0,0,1,0
fer0022142.png,10,0,0,0,0,0,0,0,0,0
fer0022143.png,4,0,0,4,0,1,1,0,0,0
fer0022144.png,1,7,0,1,0,0,0,1,0,0
fer0022145.png,0,10,0,0,0,0,0,0,0,0
fer0022146.png,1,2,0,1,4,0,0,0,2,0
fer0022147.png,1,0,8,0,0,0,1,0,0,0
fer0022148.png,5,1,0,4,0,0,0,0,0,0
fer0022149.png,1,0,0,9,0,0,0,0,0,0
fer0022150.png,0,10,0,0,0,0,0,0,0,0
fer0022151.png,0,10,0,0,0,0,0,0,0,0
fer0022152.png,8,0,0,1,0,0,0,0,1,0
fer0022153.png,0,10,0,0,0,0,0,0,0,0
fer0022154.png,0,10,0,0,0,0,0,0,0,0
fer0022155.png,2,0,0,0,6,0,0,1,1,0
fer0022156.png,3,0,0,5,1,0,0,1,0,0
fer0022157.png,0,10,0,0,0,0,0,0,0,0
fer0022158.png,5,0,0,5,0,0,0,0,0,0
fer0022159.png,0,10,0,0,0,0,0,0,0,0
fer0022160.png,1,0,0,1,5,0,0,0,2,1
fer0022161.png,4,0,0,1,3,0,0,0,2,0
fer0022162.png,0,0,0,9,0,0,1,0,0,0
fer0022163.png,0,9,0,1,0,0,0,0,0,0
fer0022164.png,3,1,0,5,0,0,1,0,0,0
fer0022165.png,1,0,0,9,0,0,0,0,0,0
fer0022166.png,0,10,0,0,0,0,0,0,0,0
fer0022167.png,5,0,0,5,0,0,0,0,0,0
fer0022168.png,0,10,0,0,0,0,0,0,0,0
fer0022169.png,2,0,0,0,8,0,0,0,0,0
fer0022170.png,7,0,0,2,0,0,0,0,1,0
fer0022171.png,1,1,0,0,0,0,0,7,1,0
fer0022172.png,7,0,0,2,1,0,0,0,0,0
fer0022173.png,0,0,7,0,0,0,3,0,0,0
fer0022174.png,6,0,0,4,0,0,0,0,0,0
fer0022175.png,0,10,0,0,0,0,0,0,0,0
fer0022176.png,2,0,0,0,0,1,0,5,2,0
fer0022177.png,1,0,0,0,3,6,0,0,0,0
fer0022178.png,0,10,0,0,0,0,0,0,0,0
fer0022179.png,7,0,1,0,0,0,0,0,2,0
fer0022180.png,0,0,0,10,0,0,0,0,0,0
fer0022181.png,3,0,0,4,0,0,1,0,2,0
fer0022182.png,5,0,0,5,0,0,0,0,0,0
fer0022183.png,3,0,0,6,0,0,0,0,1,0
fer0022184.png,7,0,0,2,0,0,0,0,1,0
fer0022185.png,5,0,0,4,0,0,0,0,1,0
fer0022186.png,5,0,5,0,0,0,0,0,0,0
fer0022187.png,0,10,0,0,0,0,0,0,0,0
fer0022188.png,3,0,0,4,0,0,0,2,1,0
fer0022189.png,1,9,0,0,0,0,0,0,0,0
fer0022190.png,1,8,0,0,0,0,0,1,0,0
fer0022191.png,7,2,0,0,0,0,0,0,1,0
fer0022192.png,2,0,0,5,0,0,0,1,2,0
fer0022193.png,2,0,0,4,4,0,0,0,0,0
fer0022194.png,8,0,0,0,0,0,1,1,0,0
fer0022195.png,3,0,0,6,0,0,0,0,1,0
fer0022196.png,3,0,0,2,2,0,0,2,1,0
fer0022197.png,0,10,0,0,0,0,0,0,0,0
fer0022198.png,0,6,1,3,0,0,0,0,0,0
fer0022199.png,0,10,0,0,0,0,0,0,0,0
fer0022200.png,1,2,3,0,4,0,0,0,0,0
fer0022201.png,6,0,0,3,0,0,0,0,1,0
fer0022202.png,4,0,0,5,0,0,0,0,1,0
fer0022203.png,7,0,0,1,1,0,0,0,1,0
fer0022204.png,0,1,1,0,7,0,1,0,0,0
fer0022205.png,0,0,0,10,0,0,0,0,0,0
fer0022206.png,0,0,9,0,0,0,1,0,0,0
fer0022207.png,2,0,0,5,0,0,0,1,2,0
fer0022208.png,9,0,0,0,0,0,1,0,0,0
fer0022209.png,0,1,0,9,0,0,0,0,0,0
fer0022210.png,7,0,0,0,0,0,0,1,2,0
fer0022211.png,8,0,0,2,0,0,0,0,0,0
fer0022212.png,2,0,1,0,7,0,0,0,0,0
fer0022213.png,0,0,0,0,7,1,0,0,2,0
fer0022214.png,1,0,0,8,0,0,1,0,0,0
fer0022215.png,3,0,0,0,5,0,0,1,1,0
fer0022216.png,5,1,0,0,2,0,0,2,0,0
fer0022217.png,0,0,0,7,0,0,3,0,0,0
fer0022218.png,6,0,1,1,0,0,0,0,2,0
fer0022219.png,2,0,0,6,0,0,0,0,2,0
fer0022220.png,1,0,2,0,0,0,7,0,0,0
fer0022221.png,0,0,6,0,0,0,4,0,0,0
fer0022222.png,0,8,2,0,0,0,0,0,0,0
fer0022223.png,1,4,0,4,0,0,0,0,1,0
fer0022224.png,0,0,10,0,0,0,0,0,0,0
fer0022225.png,0,0,2,1,0,1,4,1,1,0
fer0022226.png,0,10,0,0,0,0,0,0,0,0
fer0022227.png,1,8,1,0,0,0,0,0,0,0
fer0022228.png,4,4,1,0,0,0,0,1,0,0
fer0022229.png,4,0,0,3,1,0,0,0,2,0
fer0022230.png,0,0,0,0,10,0,0,0,0,0
fer0022231.png,3,0,2,4,0,1,0,0,0,0
fer0022232.png,1,7,0,2,0,0,0,0,0,0
fer0022233.png,1,9,0,0,0,0,0,0,0,0
fer0022234.png,0,0,2,0,8,0,0,0,0,0
fer0022235.png,8,0,0,2,0,0,0,0,0,0
fer0022236.png,0,10,0,0,0,0,0,0,0,0
fer0022237.png,8,0,0,1,1,0,0,0,0,0
fer0022238.png,10,0,0,0,0,0,0,0,0,0
fer0022239.png,0,0,1,3,0,0,5,0,1,0
fer0022240.png,9,0,0,0,0,0,0,0,1,0
fer0022241.png,8,0,0,0,0,0,0,1,1,0
fer0022242.png,0,10,0,0,0,0,0,0,0,0
fer0022243.png,7,0,0,1,1,1,0,0,0,0
fer0022244.png,0,10,0,0,0,0,0,0,0,0
fer0022245.png,0,10,0,0,0,0,0,0,0,0
fer0022246.png,1,8,0,0,0,0,0,0,1,0
fer0022247.png,2,0,0,5,2,1,0,0,0,0
fer0022248.png,0,0,9,0,0,0,0,0,1,0
fer0022249.png,0,0,0,10,0,0,0,0,0,0
fer0022250.png,6,0,0,4,0,0,0,0,0,0
fer0022251.png,6,0,0,1,0,0,0,1,2,0
fer0022252.png,6,0,0,1,0,0,0,0,3,0
fer0022253.png,4,0,3,0,2,0,0,0,1,0
fer0022254.png,0,0,9,0,0,0,1,0,0,0
fer0022255.png,3,1,4,0,0,0,0,0,2,0
fer0022256.png,1,0,4,0,0,0,5,0,0,0
fer0022257.png,2,0,0,0,7,0,0,0,1,0
fer0022258.png,8,1,0,0,0,0,0,0,1,0
fer0022259.png,0,0,0,4,0,0,5,0,1,0
fer0022260.png,0,10,0,0,0,0,0,0,0,0
fer0022261.png,9,0,0,0,0,0,0,0,1,0
fer0022262.png,0,0,0,0,5,5,0,0,0,0
fer0022263.png,1,0,0,8,0,0,0,0,1,0
fer0022264.png,3,0,4,0,0,0,0,1,2,0
fer0022265.png,2,0,0,6,0,0,0,0,2,0
fer0022266.png,1,6,2,1,0,0,0,0,0,0
fer0022267.png,10,0,0,0,0,0,0,0,0,0
fer0022268.png,4,0,4,1,0,0,1,0,0,0
fer0022269.png,0,0,8,0,0,0,1,0,1,0
fer0022270.png,3,0,0,4,0,1,0,0,2,0
fer0022271.png,4,0,0,4,1,0,0,0,1,0
fer0022272.png,0,0,1,1,6,0,2,0,0,0
fer0022273.png,1,0,0,4,3,0,1,0,1,0
fer0022274.png,4,0,1,4,1,0,0,0,0,0
fer0022275.png,8,1,0,1,0,0,0,0,0,0
fer0022276.png,3,0,1,2,1,1,0,0,2,0
fer0022277.png,4,0,0,2,0,0,0,0,4,0
fer0022278.png,8,1,0,0,0,0,0,0,1,0
fer0022279.png,4,2,0,1,1,0,0,0,2,0
fer0022280.png,4,0,0,6,0,0,0,0,0,0
fer0022281.png,3,0,0,4,1,1,0,0,1,0
fer0022282.png,0,10,0,0,0,0,0,0,0,0
fer0022283.png,0,0,8,0,0,0,2,0,0,0
fer0022284.png,1,0,1,0,5,0,0,0,3,0
fer0022285.png,3,0,0,5,0,0,0,0,2,0
fer0022286.png,0,10,0,0,0,0,0,0,0,0
fer0022287.png,1,0,0,1,5,1,0,2,0,0
fer0022288.png,0,10,0,0,0,0,0,0,0,0
fer0022289.png,1,9,0,0,0,0,0,0,0,0
fer0022290.png,0,0,2,0,8,0,0,0,0,0
fer0022291.png,0,0,0,9,1,0,0,0,0,0
fer0022292.png,0,0,3,0,3,1,3,0,0,0
fer0022293.png,2,7,1,0,0,0,0,0,0,0
fer0022294.png,9,1,0,0,0,0,0,0,0,0
fer0022295.png,7,0,0,2,0,0,0,0,1,0
fer0022296.png,8,0,0,0,0,0,0,0,2,0
fer0022297.png,0,10,0,0,0,0,0,0,0,0
fer0022298.png,3,0,1,5,0,0,0,0,1,0
fer0022299.png,9,0,0,0,0,0,0,0,0,1
fer0022300.png,10,0,0,0,0,0,0,0,0,0
fer0022301.png,1,0,1,1,5,1,1,0,0,0
fer0022302.png,0,0,8,0,0,0,2,0,0,0
fer0022303.png,2,0,0,7,0,0,1,0,0,0
fer0022304.png,0,0,1,0,8,0,0,0,1,0
fer0022305.png,0,7,2,0,0,0,0,0,1,0
fer0022306.png,0,10,0,0,0,0,0,0,0,0
fer0022307.png,0,10,0,0,0,0,0,0,0,0
fer0022308.png,0,0,0,8,0,0,0,0,2,0
fer0022309.png,1,8,0,0,0,0,0,0,1,0
fer0022310.png,1,0,0,8,0,0,0,0,1,0
fer0022311.png,0,0,10,0,0,0,0,0,0,0
fer0022312.png,2,0,0,2,0,0,6,0,0,0
fer0022313.png,4,0,0,5,0,0,0,0,1,0
fer0022314.png,0,0,9,0,0,0,1,0,0,0
fer0022315.png,0,2,8,0,0,0,0,0,0,0
fer0022316.png,0,0,0,0,10,0,0,0,0,0
fer0022317.png,2,7,0,0,0,0,0,0,1,0
fer0022318.png,2,4,0,4,0,0,0,0,0,0
fer0022319.png,1,0,0,6,1,0,0,0,2,0
fer0022320.png,2,0,0,0,0,0,0,6,2,0
fer0022321.png,9,0,0,0,0,0,0,0,1,0
fer0022322.png,8,0,0,0,0,0,0,1,1,0
fer0022323.png,5,4,0,0,0,0,0,0,1,0
fer0022324.png,7,0,0,2,0,0,0,1,0,0
fer0022325.png,1,0,0,0,8,1,0,0,0,0
fer0022326.png,2,8,0,0,0,0,0,0,0,0
fer0022327.png,0,0,4,0,0,0,5,0,1,0
fer0022328.png,6,0,0,3,1,0,0,0,0,0
fer0022329.png,9,0,0,0,1,0,0,0,0,0
fer0022330.png,0,10,0,0,0,0,0,0,0,0
fer0022331.png,0,10,0,0,0,0,0,0,0,0
fer0022332.png,1,0,0,3,0,0,0,3,3,0
fer0022333.png,2,0,0,5,0,0,0,1,2,0
fer0022334.png,4,0,0,3,0,0,0,1,2,0
fer0022335.png,0,0,7,0,2,0,1,0,0,0
fer0022336.png,0,10,0,0,0,0,0,0,0,0
fer0022337.png,2,8,0,0,0,0,0,0,0,0
fer0022338.png,10,0,0,0,0,0,0,0,0,0
fer0022339.png,1,9,0,0,0,0,0,0,0,0
fer0022340.png,0,0,0,10,0,0,0,0,0,0
fer0022341.png,0,0,9,0,1,0,0,0,0,0
fer0022342.png,5,0,0,1,3,0,0,1,0,0
fer0022343.png,2,6,0,0,0,0,0,2,0,0
fer0022344.png,8,0,0,1,1,0,0,0,0,0
fer0022345.png,9,0,0,0,0,0,0,0,1,0
fer0022346.png,0,0,4,0,1,0,5,0,0,0
fer0022347.png,0,10,0,0,0,0,0,0,0,0
fer0022348.png,6,0,0,3,0,0,0,0,1,0
fer0022350.png,9,0,0,0,0,0,0,0,1,0
fer0022351.png,0,10,0,0,0,0,0,0,0,0
fer0022352.png,10,0,0,0,0,0,0,0,0,0
fer0022353.png,0,10,0,0,0,0,0,0,0,0
fer0022354.png,6,0,0,3,0,0,1,0,0,0
fer0022355.png,6,0,0,4,0,0,0,0,0,0
fer0022356.png,10,0,0,0,0,0,0,0,0,0
fer0022357.png,9,0,0,0,0,0,0,0,1,0
fer0022358.png,2,0,0,8,0,0,0,0,0,0
fer0022359.png,9,0,0,0,0,0,0,0,1,0
fer0022360.png,2,0,0,6,1,0,1,0,0,0
fer0022361.png,5,0,0,4,0,0,0,0,1,0
fer0022362.png,3,4,2,0,0,0,1,0,0,0
fer0022363.png,0,10,0,0,0,0,0,0,0,0
fer0022364.png,0,0,8,0,0,0,2,0,0,0
fer0022365.png,7,1,0,1,0,0,0,0,1,0
fer0022366.png,1,9,0,0,0,0,0,0,0,0
fer0022367.png,0,0,8,0,1,0,0,0,1,0
fer0022368.png,2,0,0,2,2,2,0,2,0,0
fer0022369.png,8,1,0,1,0,0,0,0,0,0
fer0022370.png,0,10,0,0,0,0,0,0,0,0
fer0022371.png,6,3,0,0,0,0,0,0,1,0
fer0022372.png,4,0,0,6,0,0,0,0,0,0
fer0022373.png,9,0,0,0,0,0,0,0,1,0
fer0022374.png,7,0,0,2,0,0,0,0,1,0
fer0022375.png,0,10,0,0,0,0,0,0,0,0
fer0022376.png,2,0,1,7,0,0,0,0,0,0
fer0022377.png,1,0,0,5,2,0,0,0,2,0
fer0022378.png,10,0,0,0,0,0,0,0,0,0
fer0022379.png,4,0,5,0,0,0,0,0,1,0
fer0022380.png,7,0,0,1,2,0,0,0,0,0
fer0022381.png,0,9,0,0,0,0,0,0,1,0
fer0022382.png,0,10,0,0,0,0,0,0,0,0
fer0022383.png,1,0,3,0,4,1,0,0,1,0
fer0022384.png,4,0,5,0,0,0,0,0,1,0
fer0022385.png,5,0,0,4,0,0,0,0,1,0
fer0022386.png,0,10,0,0,0,0,0,0,0,0
fer0022387.png,3,0,0,2,0,0,0,0,5,0
fer0022388.png,2,7,0,0,0,0,0,0,1,0
fer0022389.png,9,0,0,0,0,0,0,1,0,0
fer0022390.png,4,0,0,1,4,0,0,1,0,0
fer0022391.png,2,1,0,7,0,0,0,0,0,0
fer0022392.png,6,0,0,1,0,0,0,0,3,0
fer0022393.png,6,0,0,1,1,0,0,0,2,0
fer0022394.png,5,0,0,5,0,0,0,0,0,0
fer0022395.png,1,0,0,9,0,0,0,0,0,0
fer0022396.png,0,10,0,0,0,0,0,0,0,0
fer0022397.png,7,0,0,0,1,0,0,2,0,0
fer0022398.png,4,5,0,1,0,0,0,0,0,0
fer0022399.png,9,0,0,0,0,0,0,0,1,0
fer0022400.png,2,0,0,1,6,0,0,0,1,0
fer0022401.png,0,10,0,0,0,0,0,0,0,0
fer0022402.png,1,0,9,0,0,0,0,0,0,0
fer0022403.png,2,0,2,1,0,0,3,0,2,0
fer0022404.png,0,6,3,0,0,0,1,0,0,0
fer0022405.png,0,10,0,0,0,0,0,0,0,0
fer0022406.png,0,0,0,0,8,1,0,0,1,0
fer0022407.png,1,0,2,1,0,1,1,0,4,0
fer0022408.png,1,9,0,0,0,0,0,0,0,0
fer0022409.png,7,2,0,0,0,0,0,0,1,0
fer0022410.png,6,0,0,4,0,0,0,0,0,0
fer0022411.png,3,0,0,6,0,0,0,0,1,0
fer0022412.png,0,10,0,0,0,0,0,0,0,0
fer0022413.png,0,10,0,0,0,0,0,0,0,0
fer0022414.png,0,10,0,0,0,0,0,0,0,0
fer0022415.png,4,0,5,0,0,0,1,0,0,0
fer0022416.png,0,10,0,0,0,0,0,0,0,0
fer0022417.png,0,0,0,8,1,0,1,0,0,0
fer0022418.png,0,0,10,0,0,0,0,0,0,0
fer0022419.png,0,0,9,0,0,0,1,0,0,0
fer0022420.png,0,0,10,0,0,0,0,0,0,0
fer0022421.png,1,1,7,0,0,0,0,0,1,0
fer0022422.png,9,0,0,0,0,0,0,0,1,0
fer0022423.png,6,1,0,1,0,0,0,1,1,0
fer0022424.png,9,0,0,0,0,0,0,1,0,0
fer0022425.png,2,1,7,0,0,0,0,0,0,0
fer0022426.png,0,10,0,0,0,0,0,0,0,0
fer0022427.png,4,0,0,6,0,0,0,0,0,0
fer0022428.png,1,0,0,9,0,0,0,0,0,0
fer0022429.png,1,9,0,0,0,0,0,0,0,0
fer0022430.png,3,0,0,7,0,0,0,0,0,0
fer0022431.png,1,1,2,1,5,0,0,0,0,0
fer0022432.png,0,10,0,0,0,0,0,0,0,0
fer0022433.png,0,3,6,0,0,0,1,0,0,0
fer0022434.png,8,0,0,0,1,0,0,0,1,0
fer0022435.png,0,10,0,0,0,0,0,0,0,0
fer0022436.png,1,0,0,0,0,0,0,9,0,0
fer0022437.png,0,1,0,9,0,0,0,0,0,0
fer0022438.png,7,0,0,2,0,0,0,1,0,0
fer0022439.png,2,2,5,0,0,0,1,0,0,0
fer0022440.png,1,9,0,0,0,0,0,0,0,0
fer0022441.png,2,0,0,0,7,1,0,0,0,0
fer0022442.png,0,10,0,0,0,0,0,0,0,0
fer0022443.png,0,5,4,0,0,0,0,0,1,0
fer0022444.png,0,2,3,0,0,0,5,0,0,0
fer0022445.png,0,0,1,0,7,0,2,0,0,0
fer0022446.png,2,0,0,7,0,0,0,0,1,0
fer0022447.png,0,10,0,0,0,0,0,0,0,0
fer0022448.png,1,7,0,2,0,0,0,0,0,0
fer0022449.png,8,0,0,1,0,0,0,1,0,0
fer0022450.png,9,0,0,1,0,0,0,0,0,0
fer0022451.png,0,0,2,0,1,1,3,0,3,0
fer0022452.png,1,2,0,5,1,0,1,0,0,0
fer0022453.png,1,0,0,9,0,0,0,0,0,0
fer0022454.png,1,0,0,8,0,0,0,1,0,0
fer0022455.png,2,2,1,0,2,1,0,0,2,0
fer0022456.png,0,0,3,0,6,0,0,0,1,0
fer0022457.png,0,0,1,0,9,0,0,0,0,0
fer0022458.png,0,0,0,0,10,0,0,0,0,0
fer0022459.png,5,5,0,0,0,0,0,0,0,0
fer0022460.png,0,0,9,0,0,0,1,0,0,0
fer0022461.png,2,0,0,1,0,0,7,0,0,0
fer0022462.png,0,0,5,1,0,0,3,0,1,0
fer0022463.png,0,5,0,1,0,0,0,2,2,0
fer0022464.png,0,10,0,0,0,0,0,0,0,0
fer0022465.png,0,0,0,0,10,0,0,0,0,0
fer0022466.png,0,10,0,0,0,0,0,0,0,0
fer0022467.png,0,0,9,1,0,0,0,0,0,0
fer0022468.png,4,5,0,0,0,0,0,0,1,0
fer0022469.png,5,0,1,3,0,0,0,0,1,0
fer0022470.png,1,9,0,0,0,0,0,0,0,0
fer0022471.png,1,0,5,1,0,0,2,0,1,0
fer0022472.png,1,9,0,0,0,0,0,0,0,0
fer0022473.png,9,0,0,0,0,1,0,0,0,0
fer0022474.png,1,6,0,0,0,2,0,0,1,0
fer0022475.png,0,0,0,9,0,0,0,0,1,0
fer0022476.png,0,10,0,0,0,0,0,0,0,0
fer0022477.png,4,0,0,6,0,0,0,0,0,0
fer0022478.png,3,0,1,3,0,0,0,0,3,0
fer0022479.png,0,0,0,0,7,3,0,0,0,0
fer0022480.png,3,0,5,0,0,0,2,0,0,0
fer0022481.png,7,0,0,3,0,0,0,0,0,0
fer0022482.png,1,6,3,0,0,0,0,0,0,0
fer0022483.png,0,10,0,0,0,0,0,0,0,0
fer0022484.png,6,0,4,0,0,0,0,0,0,0
fer0022485.png,0,10,0,0,0,0,0,0,0,0
fer0022486.png,5,0,0,5,0,0,0,0,0,0
fer0022487.png,0,8,2,0,0,0,0,0,0,0
fer0022488.png,1,9,0,0,0,0,0,0,0,0
fer0022489.png,9,1,0,0,0,0,0,0,0,0
fer0022490.png,8,0,0,1,1,0,0,0,0,0
fer0022491.png,3,0,4,0,0,0,2,0,1,0
fer0022493.png,1,0,4,0,3,0,0,0,2,0
fer0022494.png,2,0,0,8,0,0,0,0,0,0
fer0022495.png,6,0,0,1,0,0,0,1,2,0
fer0022496.png,0,0,3,0,5,0,2,0,0,0
fer0022497.png,0,0,10,0,0,0,0,0,0,0
fer0022498.png,1,4,0,1,0,0,0,4,0,0
fer0022499.png,0,3,1,1,4,0,0,0,1,0
fer0022500.png,1,0,0,8,0,0,0,0,1,0
fer0022501.png,0,1,0,4,1,0,3,0,1,0
fer0022502.png,0,10,0,0,0,0,0,0,0,0
fer0022503.png,6,0,0,3,0,0,0,0,1,0
fer0022504.png,0,0,10,0,0,0,0,0,0,0
fer0022505.png,9,0,0,1,0,0,0,0,0,0
fer0022506.png,8,1,0,1,0,0,0,0,0,0
fer0022507.png,0,6,1,0,3,0,0,0,0,0
fer0022508.png,9,0,0,0,0,0,0,1,0,0
fer0022509.png,8,1,0,1,0,0,0,0,0,0
fer0022510.png,0,10,0,0,0,0,0,0,0,0
fer0022511.png,0,10,0,0,0,0,0,0,0,0
fer0022512.png,6,0,0,1,1,1,0,1,0,0
fer0022513.png,5,0,0,1,3,0,0,0,1,0
fer0022514.png,4,1,1,0,1,0,0,0,3,0
fer0022515.png,10,0,0,0,0,0,0,0,0,0
fer0022516.png,2,8,0,0,0,0,0,0,0,0
fer0022517.png,0,0,8,0,0,2,0,0,0,0
fer0022518.png,7,0,0,1,0,0,0,1,1,0
fer0022519.png,6,0,0,3,0,0,0,1,0,0
fer0022520.png,10,0,0,0,0,0,0,0,0,0
fer0022521.png,10,0,0,0,0,0,0,0,0,0
fer0022522.png,0,0,10,0,0,0,0,0,0,0
fer0022523.png,4,0,5,0,0,0,0,0,1,0
fer0022524.png,0,10,0,0,0,0,0,0,0,0
fer0022525.png,7,0,2,0,0,0,0,0,1,0
fer0022526.png,4,0,0,0,0,0,3,0,3,0
fer0022527.png,1,9,0,0,0,0,0,0,0,0
fer0022528.png,1,8,0,0,0,0,0,0,1,0
fer0022529.png,6,0,0,3,0,0,0,0,1,0
fer0022530.png,0,0,9,0,0,0,1,0,0,0
fer0022531.png,4,0,0,6,0,0,0,0,0,0
fer0022532.png,5,2,0,0,0,0,0,1,2,0
fer0022533.png,2,0,0,7,0,0,1,0,0,0
fer0022534.png,1,8,0,0,0,0,0,0,1,0
fer0022535.png,0,10,0,0,0,0,0,0,0,0
fer0022536.png,0,10,0,0,0,0,0,0,0,0
fer0022537.png,4,1,0,3,1,0,0,0,1,0
fer0022538.png,2,0,0,5,0,0,0,2,1,0
fer0022539.png,6,0,0,2,0,0,0,0,2,0
fer0022540.png,10,0,0,0,0,0,0,0,0,0
fer0022541.png,2,2,0,0,0,0,0,6,0,0
fer0022542.png,0,8,2,0,0,0,0,0,0,0
fer0022543.png,2,0,0,8,0,0,0,0,0,0
fer0022544.png,4,0,0,3,0,0,0,1,2,0
fer0022545.png,3,0,0,5,0,0,0,0,2,0
fer0022546.png,0,9,0,0,0,0,0,0,1,0
fer0022547.png,0,1,0,0,8,0,1,0,0,0
fer0022548.png,1,0,8,0,0,0,1,0,0,0
fer0022549.png,4,0,3,1,0,1,0,0,1,0
fer0022550.png,0,10,0,0,0,0,0,0,0,0
fer0022551.png,0,10,0,0,0,0,0,0,0,0
fer0022552.png,1,9,0,0,0,0,0,0,0,0
fer0022553.png,0,0,4,0,2,0,4,0,0,0
fer0022554.png,3,7,0,0,0,0,0,0,0,0
fer0022555.png,9,0,0,0,1,0,0,0,0,0
fer0022556.png,0,10,0,0,0,0,0,0,0,0
fer0022557.png,2,0,8,0,0,0,0,0,0,0
fer0022558.png,10,0,0,0,0,0,0,0,0,0
fer0022559.png,10,0,0,0,0,0,0,0,0,0
fer0022560.png,3,1,0,5,0,0,0,0,1,0
fer0022561.png,2,0,0,8,0,0,0,0,0,0
fer0022562.png,6,0,0,2,0,0,0,0,2,0
fer0022563.png,1,0,0,3,5,0,0,0,1,0
fer0022564.png,1,8,0,0,0,0,0,0,1,0
fer0022565.png,0,10,0,0,0,0,0,0,0,0
fer0022566.png,5,4,0,1,0,0,0,0,0,0
fer0022567.png,0,0,0,0,8,0,0,0,2,0
fer0022568.png,4,0,0,3,0,1,0,0,2,0
fer0022569.png,10,0,0,0,0,0,0,0,0,0
fer0022570.png,6,0,1,0,0,0,0,1,2,0
fer0022571.png,0,10,0,0,0,0,0,0,0,0
fer0022572.png,1,0,0,7,0,2,0,0,0,0
fer0022573.png,8,0,0,1,0,0,0,0,1,0
fer0022574.png,10,0,0,0,0,0,0,0,0,0
fer0022575.png,0,10,0,0,0,0,0,0,0,0
fer0022576.png,1,1,0,8,0,0,0,0,0,0
fer0022577.png,10,0,0,0,0,0,0,0,0,0
fer0022578.png,0,7,2,0,1,0,0,0,0,0
fer0022579.png,6,0,0,3,0,0,0,0,1,0
fer0022581.png,0,9,1,0,0,0,0,0,0,0
fer0022582.png,2,0,5,0,0,0,1,0,2,0
fer0022583.png,8,0,1,1,0,0,0,0,0,0
fer0022584.png,7,2,0,0,0,0,0,0,1,0
fer0022585.png,0,0,0,10,0,0,0,0,0,0
fer0022586.png,6,0,2,1,0,0,1,0,0,0
fer0022587.png,5,0,0,2,1,1,0,1,0,0
fer0022588.png,10,0,0,0,0,0,0,0,0,0
fer0022589.png,4,0,0,4,1,0,0,0,1,0
fer0022590.png,1,0,9,0,0,0,0,0,0,0
fer0022591.png,0,5,5,0,0,0,0,0,0,0
fer0022592.png,8,0,0,1,0,0,0,0,1,0
fer0022593.png,4,0,1,2,0,0,0,0,3,0
fer0022594.png,0,10,0,0,0,0,0,0,0,0
fer0022595.png,0,0,0,0,2,5,0,3,0,0
fer0022596.png,0,4,2,0,2,0,0,0,2,0
fer0022597.png,10,0,0,0,0,0,0,0,0,0
fer0022598.png,0,2,3,3,1,0,0,0,1,0
fer0022599.png,1,1,0,0,0,0,0,8,0,0
fer0022600.png,0,0,10,0,0,0,0,0,0,0
fer0022601.png,1,0,3,1,0,1,3,0,1,0
fer0022602.png,1,0,0,8,0,0,0,1,0,0
fer0022603.png,0,9,0,0,0,0,0,0,1,0
fer0022604.png,7,0,0,0,1,0,0,0,2,0
fer0022605.png,1,9,0,0,0,0,0,0,0,0
fer0022606.png,1,0,0,9,0,0,0,0,0,0
fer0022607.png,6,2,0,1,0,0,0,0,1,0
fer0022608.png,0,0,8,0,0,0,2,0,0,0
fer0022609.png,9,0,0,0,0,0,0,0,1,0
fer0022610.png,3,0,1,4,0,0,2,0,0,0
fer0022611.png,8,0,1,1,0,0,0,0,0,0
fer0022612.png,3,0,0,6,0,0,0,0,1,0
fer0022613.png,9,0,0,0,0,0,0,0,0,1
fer0022614.png,0,9,1,0,0,0,0,0,0,0
fer0022615.png,6,0,0,2,0,0,2,0,0,0
fer0022616.png,1,0,6,0,1,0,2,0,0,0
fer0022617.png,0,10,0,0,0,0,0,0,0,0
fer0022618.png,5,0,0,4,1,0,0,0,0,0
fer0022619.png,3,0,0,3,1,0,0,0,3,0
fer0022620.png,0,0,2,0,7,0,0,0,1,0
fer0022621.png,0,8,2,0,0,0,0,0,0,0
fer0022622.png,1,0,7,0,0,0,1,0,1,0
fer0022623.png,0,0,9,0,0,0,1,0,0,0
fer0022624.png,1,0,0,0,9,0,0,0,0,0
fer0022625.png,0,10,0,0,0,0,0,0,0,0
fer0022626.png,3,0,0,5,1,0,0,0,1,0
fer0022627.png,0,0,1,0,8,1,0,0,0,0
fer0022628.png,1,9,0,0,0,0,0,0,0,0
fer0022629.png,0,10,0,0,0,0,0,0,0,0
fer0022630.png,10,0,0,0,0,0,0,0,0,0
fer0022631.png,0,1,0,9,0,0,0,0,0,0
fer0022632.png,1,0,0,3,2,1,0,2,1,0
fer0022633.png,6,0,0,3,0,0,0,0,1,0
fer0022634.png,0,10,0,0,0,0,0,0,0,0
fer0022635.png,0,10,0,0,0,0,0,0,0,0
fer0022636.png,0,3,0,0,0,0,6,1,0,0
fer0022637.png,0,0,0,0,3,7,0,0,0,0
fer0022638.png,8,0,0,0,2,0,0,0,0,0
fer0022639.png,0,1,0,0,8,0,0,0,1,0
fer0022640.png,10,0,0,0,0,0,0,0,0,0
fer0022641.png,0,0,0,0,10,0,0,0,0,0
fer0022642.png,0,10,0,0,0,0,0,0,0,0
fer0022643.png,0,10,0,0,0,0,0,0,0,0
fer0022644.png,8,0,0,2,0,0,0,0,0,0
fer0022645.png,0,0,9,0,0,0,1,0,0,0
fer0022646.png,4,0,0,4,2,0,0,0,0,0
fer0022647.png,1,0,3,2,0,0,3,0,1,0
fer0022648.png,0,0,8,1,0,0,1,0,0,0
fer0022649.png,5,0,0,3,0,0,0,0,2,0
fer0022650.png,1,0,0,1,5,1,0,2,0,0
fer0022651.png,7,2,0,0,0,0,0,0,1,0
fer0022652.png,0,10,0,0,0,0,0,0,0,0
fer0022653.png,3,6,0,0,0,0,0,0,1,0
fer0022654.png,1,0,0,7,0,1,0,0,1,0
fer0022655.png,1,2,0,3,0,2,0,0,2,0
fer0022656.png,2,8,0,0,0,0,0,0,0,0
fer0022657.png,4,0,0,4,0,0,0,0,2,0
fer0022658.png,8,0,0,0,0,0,0,0,2,0
fer0022659.png,10,0,0,0,0,0,0,0,0,0
fer0022660.png,10,0,0,0,0,0,0,0,0,0
fer0022661.png,1,9,0,0,0,0,0,0,0,0
fer0022662.png,8,1,0,0,0,0,0,0,1,0
fer0022663.png,0,0,9,0,0,0,1,0,0,0
fer0022664.png,0,10,0,0,0,0,0,0,0,0
fer0022665.png,0,10,0,0,0,0,0,0,0,0
fer0022666.png,3,0,0,7,0,0,0,0,0,0
fer0022667.png,7,1,0,1,0,0,0,0,1,0
fer0022668.png,0,9,0,0,0,0,0,0,1,0
fer0022669.png,0,0,5,0,0,0,2,0,3,0
fer0022670.png,4,0,0,5,0,0,0,0,1,0
fer0022671.png,0,0,4,0,5,0,1,0,0,0
fer0022672.png,2,0,0,7,1,0,0,0,0,0
fer0022673.png,1,0,5,0,1,0,1,0,2,0
fer0022674.png,2,1,0,7,0,0,0,0,0,0
fer0022675.png,1,0,2,0,7,0,0,0,0,0
fer0022676.png,10,0,0,0,0,0,0,0,0,0
fer0022677.png,8,0,0,1,0,0,0,0,1,0
fer0022678.png,0,10,0,0,0,0,0,0,0,0
fer0022679.png,0,8,2,0,0,0,0,0,0,0
fer0022680.png,1,9,0,0,0,0,0,0,0,0
fer0022681.png,0,1,1,0,2,2,0,0,4,0
fer0022682.png,0,0,0,9,0,0,1,0,0,0
fer0022683.png,6,0,3,0,0,0,1,0,0,0
fer0022684.png,10,0,0,0,0,0,0,0,0,0
fer0022685.png,7,0,0,0,1,0,0,1,1,0
fer0022686.png,3,0,0,7,0,0,0,0,0,0
fer0022687.png,3,0,1,0,0,0,0,0,6,0
fer0022688.png,2,0,0,0,3,2,0,2,1,0
fer0022689.png,0,10,0,0,0,0,0,0,0,0
fer0022690.png,0,0,0,9,0,0,1,0,0,0
fer0022691.png,3,0,0,1,5,0,0,0,1,0
fer0022692.png,0,10,0,0,0,0,0,0,0,0
fer0022693.png,9,0,0,0,0,0,0,1,0,0
fer0022694.png,2,0,0,6,0,0,0,0,2,0
fer0022695.png,0,10,0,0,0,0,0,0,0,0
fer0022696.png,1,7,1,1,0,0,0,0,0,0
fer0022697.png,0,0,0,10,0,0,0,0,0,0
fer0022698.png,7,0,0,3,0,0,0,0,0,0
fer0022699.png,3,0,0,1,0,1,0,2,3,0
fer0022700.png,0,10,0,0,0,0,0,0,0,0
fer0022701.png,0,0,8,0,0,0,1,0,1,0
fer0022702.png,1,0,7,0,0,0,1,1,0,0
fer0022703.png,1,1,0,8,0,0,0,0,0,0
fer0022704.png,1,0,6,0,0,0,1,0,2,0
fer0022705.png,6,4,0,0,0,0,0,0,0,0
fer0022706.png,8,0,0,2,0,0,0,0,0,0
fer0022707.png,8,0,0,1,0,0,0,0,1,0
fer0022708.png,9,0,0,1,0,0,0,0,0,0
fer0022709.png,6,2,0,0,0,0,0,0,2,0
fer0022710.png,1,9,0,0,0,0,0,0,0,0
fer0022711.png,0,0,0,8,0,0,2,0,0,0
fer0022712.png,2,0,1,0,7,0,0,0,0,0
fer0022713.png,2,0,7,0,0,0,1,0,0,0
fer0022714.png,0,0,0,9,0,1,0,0,0,0
fer0022715.png,0,0,0,5,5,0,0,0,0,0
fer0022716.png,9,0,0,1,0,0,0,0,0,0
fer0022717.png,0,0,0,9,1,0,0,0,0,0
fer0022718.png,7,0,0,0,2,0,0,0,1,0
fer0022719.png,0,10,0,0,0,0,0,0,0,0
fer0022720.png,0,10,0,0,0,0,0,0,0,0
fer0022721.png,5,0,0,0,1,0,1,1,2,0
fer0022722.png,0,0,1,5,4,0,0,0,0,0
fer0022723.png,0,0,0,0,9,1,0,0,0,0
fer0022724.png,0,0,0,0,10,0,0,0,0,0
fer0022725.png,1,0,0,2,0,0,0,2,5,0
fer0022726.png,5,5,0,0,0,0,0,0,0,0
fer0022727.png,0,6,0,2,1,0,0,0,1,0
fer0022728.png,0,9,0,0,0,0,0,0,1,0
fer0022729.png,10,0,0,0,0,0,0,0,0,0
fer0022730.png,1,0,0,9,0,0,0,0,0,0
fer0022731.png,4,0,0,1,2,0,0,0,3,0
fer0022732.png,2,8,0,0,0,0,0,0,0,0
fer0022733.png,0,0,4,0,0,0,6,0,0,0
fer0022734.png,7,0,0,1,1,0,0,0,1,0
fer0022735.png,9,1,0,0,0,0,0,0,0,0
fer0022736.png,0,0,0,0,1,1,8,0,0,0
fer0022737.png,0,0,0,10,0,0,0,0,0,0
fer0022738.png,5,0,0,3,0,0,0,0,2,0
fer0022739.png,0,1,0,0,5,1,0,0,3,0
fer0022740.png,0,9,1,0,0,0,0,0,0,0
fer0022741.png,7,0,0,1,0,0,0,0,2,0
fer0022742.png,0,0,6,0,0,0,3,0,1,0
fer0022743.png,9,0,0,0,0,1,0,0,0,0
fer0022744.png,5,0,0,4,0,0,0,0,1,0
fer0022745.png,4,0,0,2,0,0,1,0,3,0
fer0022746.png,1,8,0,0,0,0,0,1,0,0
fer0022747.png,0,10,0,0,0,0,0,0,0,0
fer0022748.png,2,0,6,0,0,1,0,0,1,0
fer0022749.png,8,0,0,1,0,0,0,0,1,0
fer0022750.png,3,0,0,2,2,1,0,2,0,0
fer0022751.png,0,2,4,0,2,0,1,0,1,0
fer0022752.png,9,0,0,0,1,0,0,0,0,0
fer0022753.png,1,9,0,0,0,0,0,0,0,0
fer0022754.png,0,1,8,0,0,0,0,1,0,0
fer0022756.png,0,9,0,1,0,0,0,0,0,0
fer0022757.png,6,4,0,0,0,0,0,0,0,0
fer0022758.png,8,1,0,0,0,0,0,0,1,0
fer0022759.png,5,0,0,4,0,0,0,0,1,0
fer0022760.png,7,0,0,0,2,0,0,0,1,0
fer0022761.png,0,10,0,0,0,0,0,0,0,0
fer0022762.png,10,0,0,0,0,0,0,0,0,0
fer0022763.png,0,0,0,0,10,0,0,0,0,0
fer0022764.png,0,10,0,0,0,0,0,0,0,0
fer0022765.png,0,10,0,0,0,0,0,0,0,0
fer0022766.png,0,10,0,0,0,0,0,0,0,0
fer0022767.png,0,0,8,0,0,0,2,0,0,0
fer0022768.png,10,0,0,0,0,0,0,0,0,0
fer0022769.png,0,0,4,0,0,0,5,0,1,0
fer0022770.png,0,10,0,0,0,0,0,0,0,0
fer0022771.png,0,10,0,0,0,0,0,0,0,0
fer0022772.png,10,0,0,0,0,0,0,0,0,0
fer0022773.png,0,10,0,0,0,0,0,0,0,0
fer0022774.png,0,3,2,0,2,0,0,0,3,0
fer0022775.png,2,0,7,0,0,0,0,0,1,0
fer0022776.png,0,10,0,0,0,0,0,0,0,0
fer0022777.png,6,0,1,1,1,0,0,0,1,0
fer0022778.png,0,0,0,9,0,0,0,0,1,0
fer0022779.png,0,0,1,0,8,0,0,0,1,0
fer0022780.png,0,10,0,0,0,0,0,0,0,0
fer0022781.png,0,0,9,0,0,0,1,0,0,0
fer0022782.png,6,0,2,0,0,0,0,0,2,0
fer0022783.png,0,10,0,0,0,0,0,0,0,0
fer0022784.png,8,0,1,0,0,0,0,0,1,0
fer0022785.png,8,0,0,1,0,0,0,0,1,0
fer0022786.png,5,2,2,0,0,0,0,0,1,0
fer0022787.png,2,0,0,5,0,0,0,1,2,0
fer0022788.png,9,0,1,0,0,0,0,0,0,0
fer0022789.png,0,0,6,0,0,0,4,0,0,0
fer0022790.png,4,1,1,0,0,0,1,0,3,0
fer0022791.png,0,1,3,1,0,1,4,0,0,0
fer0022792.png,6,0,0,4,0,0,0,0,0,0
fer0022793.png,0,2,6,0,0,0,1,0,1,0
fer0022794.png,7,0,0,2,1,0,0,0,0,0
fer0022795.png,6,3,1,0,0,0,0,0,0,0
fer0022796.png,5,0,0,5,0,0,0,0,0,0
fer0022797.png,8,0,0,0,0,0,0,1,1,0
fer0022798.png,0,6,4,0,0,0,0,0,0,0
fer0022799.png,5,0,0,4,0,0,1,0,0,0
fer0022800.png,0,4,1,0,4,0,0,0,1,0
fer0022801.png,8,1,0,0,0,0,0,0,1,0
fer0022802.png,8,0,0,0,0,0,0,1,1,0
fer0022803.png,3,0,0,7,0,0,0,0,0,0
fer0022804.png,0,10,0,0,0,0,0,0,0,0
fer0022805.png,2,8,0,0,0,0,0,0,0,0
fer0022806.png,0,0,1,7,0,0,2,0,0,0
fer0022807.png,7,0,0,1,0,0,0,1,1,0
fer0022808.png,0,10,0,0,0,0,0,0,0,0
fer0022809.png,9,0,0,0,0,0,0,0,1,0
fer0022810.png,0,10,0,0,0,0,0,0,0,0
fer0022811.png,3,0,4,0,0,0,2,0,1,0
fer0022812.png,0,10,0,0,0,0,0,0,0,0
fer0022813.png,10,0,0,0,0,0,0,0,0,0
fer0022814.png,0,0,8,0,0,0,2,0,0,0
fer0022815.png,7,2,0,0,0,0,0,0,1,0
fer0022816.png,2,0,0,6,0,0,0,0,2,0
fer0022817.png,5,0,0,5,0,0,0,0,0,0
fer0022818.png,10,0,0,0,0,0,0,0,0,0
fer0022819.png,8,0,0,2,0,0,0,0,0,0
fer0022820.png,4,0,0,5,0,0,0,0,1,0
fer0022821.png,0,1,0,0,6,0,1,0,2,0
fer0022822.png,4,0,0,0,6,0,0,0,0,0
fer0022823.png,1,0,8,0,0,0,1,0,0,0
fer0022824.png,8,0,0,2,0,0,0,0,0,0
fer0022825.png,5,3,0,0,0,1,0,0,1,0
fer0022826.png,7,1,0,2,0,0,0,0,0,0
fer0022827.png,7,0,0,0,0,0,0,1,2,0
fer0022828.png,6,0,1,3,0,0,0,0,0,0
fer0022829.png,1,1,1,1,2,0,0,0,4,0
fer0022830.png,0,10,0,0,0,0,0,0,0,0
fer0022831.png,0,10,0,0,0,0,0,0,0,0
fer0022832.png,1,7,2,0,0,0,0,0,0,0
fer0022833.png,0,0,8,0,0,0,2,0,0,0
fer0022834.png,0,0,1,0,8,0,1,0,0,0
fer0022835.png,0,10,0,0,0,0,0,0,0,0
fer0022836.png,0,10,0,0,0,0,0,0,0,0
fer0022837.png,0,10,0,0,0,0,0,0,0,0
fer0022838.png,1,9,0,0,0,0,0,0,0,0
fer0022839.png,0,9,1,0,0,0,0,0,0,0
fer0022840.png,0,10,0,0,0,0,0,0,0,0
fer0022841.png,1,0,0,7,2,0,0,0,0,0
fer0022842.png,0,10,0,0,0,0,0,0,0,0
fer0022843.png,0,0,8,1,0,0,1,0,0,0
fer0022844.png,2,0,0,8,0,0,0,0,0,0
fer0022845.png,0,10,0,0,0,0,0,0,0,0
fer0022846.png,0,2,5,0,2,0,1,0,0,0
fer0022847.png,1,9,0,0,0,0,0,0,0,0
fer0022848.png,0,10,0,0,0,0,0,0,0,0
fer0022849.png,4,0,0,2,0,0,0,2,2,0
fer0022850.png,5,0,1,1,0,0,0,1,2,0
fer0022851.png,4,2,0,1,0,1,0,2,0,0
fer0022852.png,1,9,0,0,0,0,0,0,0,0
fer0022853.png,0,10,0,0,0,0,0,0,0,0
fer0022854.png,10,0,0,0,0,0,0,0,0,0
fer0022855.png,0,9,0,0,0,0,0,0,1,0
fer0022856.png,0,0,8,1,0,0,0,0,1,0
fer0022857.png,10,0,0,0,0,0,0,0,0,0
fer0022858.png,8,1,0,0,0,0,0,0,1,0
fer0022859.png,5,1,0,4,0,0,0,0,0,0
fer0022860.png,1,0,2,2,4,1,0,0,0,0
fer0022861.png,8,0,0,2,0,0,0,0,0,0
fer0022862.png,0,0,4,0,5,1,0,0,0,0
fer0022863.png,0,0,9,0,0,0,0,0,1,0
fer0022864.png,0,10,0,0,0,0,0,0,0,0
fer0022865.png,0,0,2,1,3,0,3,0,1,0
fer0022866.png,8,1,0,0,0,0,0,1,0,0
fer0022867.png,6,0,0,3,0,0,0,0,1,0
fer0022868.png,0,1,0,7,1,0,0,0,1,0
fer0022869.png,0,9,1,0,0,0,0,0,0,0
fer0022870.png,0,0,1,0,7,0,2,0,0,0
fer0022871.png,0,1,6,0,0,0,3,0,0,0
fer0022872.png,2,0,6,0,0,0,1,0,1,0
fer0022873.png,0,2,0,0,1,0,6,0,1,0
fer0022874.png,9,1,0,0,0,0,0,0,0,0
fer0022875.png,10,0,0,0,0,0,0,0,0,0
fer0022876.png,1,8,0,0,0,0,0,1,0,0
fer0022877.png,0,8,1,0,0,0,0,0,1,0
fer0022878.png,9,0,0,1,0,0,0,0,0,0
fer0022879.png,5,3,0,2,0,0,0,0,0,0
fer0022880.png,1,0,0,1,0,0,8,0,0,0
fer0022881.png,0,0,1,8,0,0,1,0,0,0
fer0022882.png,0,10,0,0,0,0,0,0,0,0
fer0022883.png,0,10,0,0,0,0,0,0,0,0
fer0022884.png,1,0,0,3,6,0,0,0,0,0
fer0022885.png,0,7,2,0,0,0,0,0,1,0
fer0022886.png,4,0,0,6,0,0,0,0,0,0
fer0022887.png,10,0,0,0,0,0,0,0,0,0
fer0022888.png,0,2,6,0,0,0,2,0,0,0
fer0022889.png,1,0,1,0,7,0,0,0,1,0
fer0022890.png,7,0,0,2,0,0,0,0,1,0
fer0022891.png,0,10,0,0,0,0,0,0,0,0
fer0022892.png,0,10,0,0,0,0,0,0,0,0
fer0022893.png,6,0,0,2,0,0,0,2,0,0
fer0022894.png,0,0,3,0,6,0,0,0,1,0
fer0022895.png,0,0,0,1,7,2,0,0,0,0
fer0022896.png,1,0,0,6,0,0,1,0,2,0
fer0022897.png,5,2,0,0,0,0,0,2,1,0
fer0022898.png,0,0,10,0,0,0,0,0,0,0
fer0022899.png,2,0,2,0,3,1,0,0,2,0
fer0022900.png,0,0,0,10,0,0,0,0,0,0
fer0022901.png,1,1,7,0,0,0,0,0,1,0
fer0022902.png,2,0,0,5,0,0,0,1,2,0
fer0022903.png,10,0,0,0,0,0,0,0,0,0
fer0022904.png,1,0,1,8,0,0,0,0,0,0
fer0022905.png,0,10,0,0,0,0,0,0,0,0
fer0022906.png,0,0,10,0,0,0,0,0,0,0
fer0022907.png,0,10,0,0,0,0,0,0,0,0
fer0022908.png,0,9,0,0,0,0,0,0,1,0
fer0022909.png,0,0,9,0,0,0,0,0,1,0
fer0022910.png,3,6,0,0,0,0,0,1,0,0
fer0022911.png,6,0,1,0,1,0,1,1,0,0
fer0022912.png,5,0,0,4,0,0,0,1,0,0
fer0022913.png,0,0,10,0,0,0,0,0,0,0
fer0022914.png,4,0,0,4,0,0,0,0,2,0
fer0022915.png,7,0,0,0,2,0,0,1,0,0
fer0022916.png,0,0,9,0,0,0,1,0,0,0
fer0022917.png,0,0,3,0,2,3,1,0,1,0
fer0022918.png,1,0,0,5,0,0,0,2,2,0
fer0022919.png,1,8,1,0,0,0,0,0,0,0
fer0022920.png,0,0,9,1,0,0,0,0,0,0
fer0022921.png,1,9,0,0,0,0,0,0,0,0
fer0022922.png,0,10,0,0,0,0,0,0,0,0
fer0022923.png,0,3,6,0,0,0,1,0,0,0
fer0022924.png,1,9,0,0,0,0,0,0,0,0
fer0022925.png,1,9,0,0,0,0,0,0,0,0
fer0022926.png,0,0,5,1,1,0,2,0,1,0
fer0022927.png,0,10,0,0,0,0,0,0,0,0
fer0022928.png,9,0,0,1,0,0,0,0,0,0
fer0022929.png,0,0,0,1,8,0,0,0,1,0
fer0022930.png,7,0,0,3,0,0,0,0,0,0
fer0022931.png,1,0,0,0,7,0,0,0,2,0
fer0022932.png,0,10,0,0,0,0,0,0,0,0
fer0022933.png,9,0,0,0,0,0,0,0,1,0
fer0022934.png,1,0,0,1,3,5,0,0,0,0
fer0022935.png,9,0,0,0,0,0,0,0,1,0
fer0022936.png,5,0,0,5,0,0,0,0,0,0
fer0022937.png,0,9,0,0,1,0,0,0,0,0
fer0022938.png,4,6,0,0,0,0,0,0,0,0
fer0022939.png,0,10,0,0,0,0,0,0,0,0
fer0022940.png,0,10,0,0,0,0,0,0,0,0
fer0022941.png,9,0,0,0,0,0,0,0,1,0
fer0022942.png,1,8,0,0,0,0,0,0,1,0
fer0022943.png,1,9,0,0,0,0,0,0,0,0
fer0022944.png,0,0,6,1,0,0,2,0,1,0
fer0022945.png,0,0,0,0,8,1,0,1,0,0
fer0022946.png,3,0,0,1,6,0,0,0,0,0
fer0022947.png,0,3,4,0,0,0,1,0,2,0
fer0022948.png,0,4,6,0,0,0,0,0,0,0
fer0022949.png,0,0,0,0,5,2,0,1,2,0
fer0022950.png,6,0,0,2,0,1,0,0,1,0
fer0022951.png,0,10,0,0,0,0,0,0,0,0
fer0022952.png,0,0,10,0,0,0,0,0,0,0
fer0022953.png,7,0,0,0,0,0,0,0,3,0
fer0022954.png,0,10,0,0,0,0,0,0,0,0
fer0022955.png,1,0,5,0,0,0,4,0,0,0
fer0022956.png,1,9,0,0,0,0,0,0,0,0
fer0022957.png,5,0,0,5,0,0,0,0,0,0
fer0022958.png,2,0,0,1,2,0,1,0,4,0
fer0022959.png,2,4,1,3,0,0,0,0,0,0
fer0022960.png,1,0,0,2,0,0,2,5,0,0
fer0022961.png,8,1,0,0,0,0,0,0,1,0
fer0022962.png,5,0,4,1,0,0,0,0,0,0
fer0022963.png,0,10,0,0,0,0,0,0,0,0
fer0022964.png,0,10,0,0,0,0,0,0,0,0
fer0022965.png,0,10,0,0,0,0,0,0,0,0
fer0022966.png,0,0,0,1,2,7,0,0,0,0
fer0022967.png,8,0,0,2,0,0,0,0,0,0
fer0022968.png,0,0,0,10,0,0,0,0,0,0
fer0022969.png,1,9,0,0,0,0,0,0,0,0
fer0022970.png,0,10,0,0,0,0,0,0,0,0
fer0022971.png,2,0,0,7,0,0,0,1,0,0
fer0022972.png,0,0,9,0,0,0,0,0,1,0
fer0022973.png,0,0,6,0,0,0,4,0,0,0
fer0022974.png,3,0,0,1,0,1,2,0,3,0
fer0022975.png,2,0,0,0,6,0,0,0,2,0
fer0022976.png,6,0,0,1,3,0,0,0,0,0
fer0022977.png,9,0,0,0,0,0,0,0,1,0
fer0022978.png,5,0,2,0,0,1,0,1,1,0
fer0022979.png,0,0,0,10,0,0,0,0,0,0
fer0022980.png,9,0,0,0,0,0,0,0,1,0
fer0022981.png,3,0,0,4,0,1,1,1,0,0
fer0022982.png,7,0,0,2,0,0,0,0,1,0
fer0022983.png,0,9,1,0,0,0,0,0,0,0
fer0022984.png,0,10,0,0,0,0,0,0,0,0
fer0022985.png,0,1,5,0,0,0,4,0,0,0
fer0022986.png,6,0,0,3,0,0,0,1,0,0
fer0022987.png,0,0,10,0,0,0,0,0,0,0
fer0022989.png,0,5,0,1,0,0,0,1,3,0
fer0022990.png,1,0,7,1,0,0,0,0,1,0
fer0022991.png,1,0,0,7,1,0,0,0,1,0
fer0022992.png,9,0,0,1,0,0,0,0,0,0
fer0022993.png,0,9,0,0,1,0,0,0,0,0
fer0022994.png,1,0,9,0,0,0,0,0,0,0
fer0022995.png,1,1,1,2,4,0,0,0,1,0
fer0022996.png,0,9,1,0,0,0,0,0,0,0
fer0022997.png,6,0,0,2,2,0,0,0,0,0
fer0022998.png,7,0,0,0,0,0,0,1,2,0
fer0022999.png,2,1,0,0,0,0,0,2,5,0
fer0023000.png,5,0,0,1,4,0,0,0,0,0
fer0023001.png,0,0,0,7,0,1,0,0,2,0
fer0023002.png,7,0,0,3,0,0,0,0,0,0
fer0023003.png,10,0,0,0,0,0,0,0,0,0
fer0023004.png,0,10,0,0,0,0,0,0,0,0
fer0023005.png,0,7,2,1,0,0,0,0,0,0
fer0023006.png,0,0,9,0,0,0,0,0,1,0
fer0023007.png,6,0,0,3,1,0,0,0,0,0
fer0023008.png,8,1,0,0,0,0,0,1,0,0
fer0023009.png,3,4,0,2,0,0,0,0,1,0
fer0023010.png,8,1,0,1,0,0,0,0,0,0
fer0023011.png,0,9,1,0,0,0,0,0,0,0
fer0023012.png,0,0,10,0,0,0,0,0,0,0
fer0023013.png,1,0,9,0,0,0,0,0,0,0
fer0023014.png,5,0,0,5,0,0,0,0,0,0
fer0023015.png,3,0,0,7,0,0,0,0,0,0
fer0023016.png,0,10,0,0,0,0,0,0,0,0
fer0023017.png,5,0,0,3,1,0,0,0,1,0
fer0023018.png,0,0,0,0,1,0,9,0,0,0
fer0023019.png,0,8,0,0,1,1,0,0,0,0
fer0023020.png,0,0,0,7,0,0,0,1,2,0
fer0023021.png,0,7,3,0,0,0,0,0,0,0
fer0023022.png,7,0,0,1,0,0,0,1,1,0
fer0023023.png,5,0,0,4,0,0,0,0,1,0
fer0023024.png,7,0,0,1,0,0,0,1,1,0
fer0023025.png,0,1,5,0,0,0,4,0,0,0
fer0023026.png,1,0,0,1,1,0,0,7,0,0
fer0023027.png,9,0,0,0,0,0,0,1,0,0
fer0023028.png,1,6,2,0,0,1,0,0,0,0
fer0023029.png,0,9,0,0,0,0,0,0,1,0
fer0023030.png,0,10,0,0,0,0,0,0,0,0
fer0023031.png,10,0,0,0,0,0,0,0,0,0
fer0023032.png,0,0,7,0,0,0,3,0,0,0
fer0023033.png,0,10,0,0,0,0,0,0,0,0
fer0023034.png,0,1,3,1,3,0,1,0,1,0
fer0023035.png,3,0,0,2,4,0,0,1,0,0
fer0023036.png,0,2,6,0,0,0,2,0,0,0
fer0023037.png,0,10,0,0,0,0,0,0,0,0
fer0023038.png,5,3,0,1,0,0,0,0,1,0
fer0023039.png,0,0,3,0,0,0,7,0,0,0
fer0023040.png,8,0,0,0,1,0,0,0,1,0
fer0023041.png,0,0,8,0,0,0,2,0,0,0
fer0023042.png,0,10,0,0,0,0,0,0,0,0
fer0023043.png,0,0,8,0,0,0,2,0,0,0
fer0023044.png,8,0,0,1,1,0,0,0,0,0
fer0023045.png,2,2,0,0,1,3,0,0,2,0
fer0023046.png,0,0,0,9,1,0,0,0,0,0
fer0023047.png,1,0,0,1,5,1,0,1,1,0
fer0023048.png,0,9,1,0,0,0,0,0,0,0
fer0023049.png,3,4,0,0,0,0,0,2,1,0
fer0023050.png,3,0,0,0,6,0,0,0,1,0
fer0023051.png,4,0,0,5,0,0,0,0,1,0
fer0023052.png,7,0,0,3,0,0,0,0,0,0
fer0023053.png,0,9,0,0,0,0,0,0,1,0
fer0023054.png,1,7,0,0,0,0,0,1,1,0
fer0023055.png,0,10,0,0,0,0,0,0,0,0
fer0023056.png,0,10,0,0,0,0,0,0,0,0
fer0023057.png,0,0,8,1,0,0,1,0,0,0
fer0023058.png,0,1,8,0,0,0,0,0,1,0
fer0023059.png,1,0,0,0,8,0,0,0,1,0
fer0023060.png,4,0,0,1,1,1,0,2,1,0
fer0023061.png,0,9,0,0,0,0,0,0,1,0
fer0023062.png,0,0,0,0,0,2,0,8,0,0
fer0023063.png,0,10,0,0,0,0,0,0,0,0
fer0023064.png,0,0,1,0,6,2,0,1,0,0
fer0023065.png,10,0,0,0,0,0,0,0,0,0
fer0023066.png,1,3,0,0,2,0,0,0,4,0
fer0023067.png,0,0,0,4,0,0,6,0,0,0
fer0023068.png,2,0,0,7,0,0,0,0,1,0
fer0023069.png,0,0,10,0,0,0,0,0,0,0
fer0023070.png,6,0,0,4,0,0,0,0,0,0
fer0023071.png,1,0,0,6,1,1,0,0,1,0
fer0023072.png,0,0,9,0,0,0,0,0,0,1
fer0023073.png,1,9,0,0,0,0,0,0,0,0
fer0023074.png,1,9,0,0,0,0,0,0,0,0
fer0023075.png,0,10,0,0,0,0,0,0,0,0
fer0023076.png,1,9,0,0,0,0,0,0,0,0
fer0023077.png,0,10,0,0,0,0,0,0,0,0
fer0023078.png,4,0,0,6,0,0,0,0,0,0
fer0023079.png,0,7,3,0,0,0,0,0,0,0
fer0023080.png,6,0,0,3,0,0,0,0,1,0
fer0023081.png,6,0,0,3,0,1,0,0,0,0
fer0023082.png,0,0,2,2,1,4,1,0,0,0
fer0023083.png,3,3,0,2,1,0,0,1,0,0
fer0023084.png,10,0,0,0,0,0,0,0,0,0
fer0023085.png,7,1,0,0,0,0,0,2,0,0
fer0023086.png,4,0,0,6,0,0,0,0,0,0
fer0023087.png,1,0,0,0,9,0,0,0,0,0
fer0023088.png,0,10,0,0,0,0,0,0,0,0
fer0023089.png,5,0,0,1,1,0,0,0,3,0
fer0023090.png,6,0,0,3,0,0,0,0,1,0
fer0023091.png,1,9,0,0,0,0,0,0,0,0
fer0023092.png,1,0,9,0,0,0,0,0,0,0
fer0023093.png,0,9,0,0,0,0,0,0,1,0
fer0023094.png,1,0,0,7,0,2,0,0,0,0
fer0023095.png,1,0,0,7,0,0,0,0,2,0
fer0023096.png,0,0,2,0,0,0,8,0,0,0
fer0023097.png,5,5,0,0,0,0,0,0,0,0
fer0023098.png,6,0,0,0,2,1,0,0,1,0
fer0023099.png,9,0,0,1,0,0,0,0,0,0
fer0023100.png,0,1,0,9,0,0,0,0,0,0
fer0023101.png,4,0,6,0,0,0,0,0,0,0
fer0023102.png,7,0,0,1,0,0,0,0,2,0
fer0023103.png,0,6,4,0,0,0,0,0,0,0
fer0023104.png,0,10,0,0,0,0,0,0,0,0
fer0023105.png,6,0,0,0,3,0,0,0,1,0
fer0023106.png,5,0,0,4,0,0,0,0,1,0
fer0023107.png,1,4,1,3,0,0,0,0,1,0
fer0023108.png,7,0,0,0,0,0,0,2,1,0
fer0023109.png,0,6,3,0,1,0,0,0,0,0
fer0023110.png,1,4,0,0,4,0,1,0,0,0
fer0023111.png,0,10,0,0,0,0,0,0,0,0
fer0023112.png,0,10,0,0,0,0,0,0,0,0
fer0023113.png,9,0,0,0,0,0,0,0,1,0
fer0023114.png,8,0,0,1,0,0,0,0,1,0
fer0023115.png,0,10,0,0,0,0,0,0,0,0
fer0023116.png,0,10,0,0,0,0,0,0,0,0
fer0023117.png,0,0,0,10,0,0,0,0,0,0
fer0023118.png,0,0,0,4,5,1,0,0,0,0
fer0023119.png,7,0,2,0,0,0,1,0,0,0
fer0023120.png,4,0,0,2,2,1,0,0,1,0
fer0023121.png,1,0,0,8,0,0,0,0,0,1
fer0023122.png,3,2,4,0,0,0,0,0,1,0
fer0023123.png,0,10,0,0,0,0,0,0,0,0
fer0023124.png,3,0,0,7,0,0,0,0,0,0
fer0023125.png,0,0,4,0,4,0,0,0,2,0
fer0023126.png,1,1,8,0,0,0,0,0,0,0
fer0023127.png,6,0,0,0,0,0,0,4,0,0
fer0023128.png,10,0,0,0,0,0,0,0,0,0
fer0023129.png,6,0,0,3,0,0,0,0,1,0
fer0023130.png,7,0,0,1,0,1,0,0,1,0
fer0023131.png,1,0,7,0,0,0,0,0,2,0
fer0023132.png,9,0,0,1,0,0,0,0,0,0
fer0023133.png,5,0,0,3,0,0,0,0,2,0
fer0023134.png,10,0,0,0,0,0,0,0,0,0
fer0023135.png,2,1,1,0,4,0,0,0,2,0
fer0023136.png,2,1,0,1,1,0,0,0,5,0
fer0023137.png,8,0,0,1,0,0,0,0,1,0
fer0023138.png,0,0,2,3,1,0,4,0,0,0
fer0023139.png,5,0,0,4,0,0,0,0,1,0
fer0023140.png,10,0,0,0,0,0,0,0,0,0
fer0023141.png,9,0,0,0,0,0,0,0,1,0
fer0023142.png,0,9,1,0,0,0,0,0,0,0
fer0023143.png,0,0,10,0,0,0,0,0,0,0
fer0023144.png,9,0,0,0,0,0,0,0,1,0
fer0023145.png,6,0,0,2,0,0,0,0,2,0
fer0023146.png,3,0,0,2,0,0,5,0,0,0
fer0023147.png,7,0,0,2,0,0,0,0,1,0
fer0023148.png,2,0,0,0,2,0,4,0,2,0
fer0023149.png,5,0,2,2,0,0,1,0,0,0
fer0023150.png,0,0,8,0,0,0,2,0,0,0
fer0023151.png,3,6,0,0,0,0,0,0,1,0
fer0023152.png,6,0,0,4,0,0,0,0,0,0
fer0023153.png,9,0,0,0,0,0,0,0,1,0
fer0023154.png,0,0,1,6,1,1,1,0,0,0
fer0023155.png,4,0,0,6,0,0,0,0,0,0
fer0023156.png,8,0,0,2,0,0,0,0,0,0
fer0023157.png,5,4,0,0,0,0,0,0,1,0
fer0023158.png,7,0,0,0,2,0,0,0,1,0
fer0023159.png,8,0,0,1,0,0,0,1,0,0
fer0023160.png,6,0,0,2,0,1,0,0,1,0
fer0023161.png,1,0,0,9,0,0,0,0,0,0
fer0023162.png,2,1,0,7,0,0,0,0,0,0
fer0023163.png,4,0,0,4,0,0,0,1,1,0
fer0023164.png,2,0,2,2,0,3,1,0,0,0
fer0023165.png,2,7,0,0,0,0,0,0,1,0
fer0023166.png,7,0,0,1,1,0,0,1,0,0
fer0023167.png,2,0,0,6,0,0,0,0,2,0
fer0023168.png,1,0,0,1,4,1,2,0,1,0
fer0023169.png,2,0,8,0,0,0,0,0,0,0
fer0023170.png,7,2,0,0,0,0,0,0,1,0
fer0023171.png,0,1,1,0,4,0,0,0,4,0
fer0023172.png,0,10,0,0,0,0,0,0,0,0
fer0023173.png,0,10,0,0,0,0,0,0,0,0
fer0023174.png,8,0,1,0,0,0,0,0,1,0
fer0023175.png,0,10,0,0,0,0,0,0,0,0
fer0023176.png,1,4,0,0,2,0,0,0,3,0
fer0023177.png,0,0,0,10,0,0,0,0,0,0
fer0023178.png,0,0,0,3,1,6,0,0,0,0
fer0023179.png,0,10,0,0,0,0,0,0,0,0
fer0023180.png,7,0,0,3,0,0,0,0,0,0
fer0023181.png,0,0,0,0,7,0,3,0,0,0
fer0023182.png,0,9,1,0,0,0,0,0,0,0
fer0023183.png,1,9,0,0,0,0,0,0,0,0
fer0023184.png,0,3,2,3,0,0,1,1,0,0
fer0023185.png,9,0,0,0,0,0,0,1,0,0
fer0023186.png,0,10,0,0,0,0,0,0,0,0
fer0023187.png,0,0,0,1,8,1,0,0,0,0
fer0023188.png,8,1,0,0,0,0,0,1,0,0
fer0023189.png,0,10,0,0,0,0,0,0,0,0
fer0023190.png,0,10,0,0,0,0,0,0,0,0
fer0023191.png,8,0,0,1,0,0,0,1,0,0
fer0023192.png,1,9,0,0,0,0,0,0,0,0
fer0023193.png,0,10,0,0,0,0,0,0,0,0
fer0023194.png,0,0,9,0,1,0,0,0,0,0
fer0023195.png,0,0,10,0,0,0,0,0,0,0
fer0023196.png,4,0,0,4,0,0,0,0,2,0
fer0023197.png,6,0,0,3,0,0,0,0,1,0
fer0023198.png,1,0,9,0,0,0,0,0,0,0
fer0023199.png,9,0,0,0,0,0,0,0,1,0
fer0023200.png,5,0,0,4,1,0,0,0,0,0
fer0023201.png,0,1,1,0,0,0,7,0,1,0
fer0023202.png,2,0,0,8,0,0,0,0,0,0
fer0023203.png,8,0,0,1,0,0,0,0,1,0
fer0023204.png,0,9,1,0,0,0,0,0,0,0
fer0023205.png,6,1,0,1,1,1,0,0,0,0
fer0023206.png,8,0,0,2,0,0,0,0,0,0
fer0023207.png,1,9,0,0,0,0,0,0,0,0
fer0023208.png,1,0,0,7,0,0,0,2,0,0
fer0023209.png,0,0,0,0,0,1,9,0,0,0
fer0023210.png,0,0,2,4,4,0,0,0,0,0
fer0023211.png,9,1,0,0,0,0,0,0,0,0
fer0023212.png,1,9,0,0,0,0,0,0,0,0
fer0023213.png,7,0,0,1,0,0,0,0,2,0
fer0023214.png,10,0,0,0,0,0,0,0,0,0
fer0023215.png,2,0,4,1,0,0,2,0,1,0
fer0023216.png,5,0,0,4,0,0,1,0,0,0
fer0023217.png,0,10,0,0,0,0,0,0,0,0
fer0023218.png,7,2,0,0,0,0,0,0,1,0
fer0023219.png,3,0,2,4,0,0,0,0,1,0
fer0023220.png,0,10,0,0,0,0,0,0,0,0
fer0023221.png,0,1,8,0,0,0,1,0,0,0
fer0023222.png,1,0,8,0,0,0,0,0,1,0
fer0023223.png,2,7,0,1,0,0,0,0,0,0
fer0023224.png,0,0,0,0,9,0,1,0,0,0
fer0023225.png,8,0,0,0,0,0,0,0,2,0
fer0023226.png,0,0,0,5,2,0,2,0,1,0
fer0023227.png,3,0,0,4,0,0,0,0,3,0
fer0023228.png,1,0,0,1,6,2,0,0,0,0
fer0023229.png,10,0,0,0,0,0,0,0,0,0
fer0023230.png,0,2,7,0,0,0,0,0,1,0
fer0023231.png,7,0,0,3,0,0,0,0,0,0
fer0023232.png,9,0,0,0,0,0,0,0,1,0
fer0023233.png,9,0,0,0,0,0,0,0,1,0
fer0023234.png,6,3,0,0,0,0,0,1,0,0
fer0023235.png,4,0,0,0,4,1,0,0,1,0
fer0023236.png,0,10,0,0,0,0,0,0,0,0
fer0023237.png,8,0,0,0,1,0,0,0,1,0
fer0023238.png,0,0,0,10,0,0,0,0,0,0
fer0023239.png,0,9,0,0,0,0,0,0,1,0
fer0023240.png,0,0,0,9,0,0,0,0,1,0
fer0023241.png,5,0,0,1,2,0,0,0,2,0
fer0023242.png,0,10,0,0,0,0,0,0,0,0
fer0023243.png,1,9,0,0,0,0,0,0,0,0
fer0023244.png,2,7,0,0,0,0,0,0,1,0
fer0023245.png,7,0,0,1,0,0,0,0,2,0
fer0023246.png,2,0,5,1,0,0,0,0,2,0
fer0023247.png,0,0,6,0,0,0,3,0,1,0
fer0023248.png,0,0,7,0,0,0,3,0,0,0
fer0023249.png,10,0,0,0,0,0,0,0,0,0
fer0023250.png,9,0,0,0,1,0,0,0,0,0
fer0023251.png,0,10,0,0,0,0,0,0,0,0
fer0023252.png,0,10,0,0,0,0,0,0,0,0
fer0023253.png,1,0,2,2,1,0,4,0,0,0
fer0023254.png,6,0,2,2,0,0,0,0,0,0
fer0023255.png,0,0,0,7,1,1,0,1,0,0
fer0023256.png,5,0,0,2,2,0,0,0,1,0
fer0023257.png,0,10,0,0,0,0,0,0,0,0
fer0023258.png,8,0,1,1,0,0,0,0,0,0
fer0023259.png,0,2,4,0,1,1,2,0,0,0
fer0023260.png,1,8,1,0,0,0,0,0,0,0
fer0023262.png,0,4,5,0,0,0,1,0,0,0
fer0023263.png,3,0,0,5,0,0,0,0,2,0
fer0023264.png,7,0,0,2,0,0,0,0,1,0
fer0023265.png,1,9,0,0,0,0,0,0,0,0
fer0023266.png,1,0,1,7,0,0,1,0,0,0
fer0023267.png,0,0,8,0,2,0,0,0,0,0
fer0023268.png,0,6,1,0,3,0,0,0,0,0
fer0023269.png,0,0,8,0,0,0,1,0,1,0
fer0023270.png,5,0,0,0,4,0,0,0,1,0
fer0023271.png,1,0,5,1,0,0,1,0,2,0
fer0023272.png,0,0,0,4,2,2,1,0,1,0
fer0023273.png,8,0,0,1,0,0,1,0,0,0
fer0023274.png,1,3,6,0,0,0,0,0,0,0
fer0023275.png,0,9,0,0,0,0,0,0,1,0
fer0023276.png,4,0,0,4,0,0,0,1,1,0
fer0023277.png,0,10,0,0,0,0,0,0,0,0
fer0023278.png,0,0,0,1,6,2,0,1,0,0
fer0023279.png,0,10,0,0,0,0,0,0,0,0
fer0023280.png,1,8,0,0,0,0,0,0,1,0
fer0023281.png,1,0,1,2,4,0,0,0,2,0
fer0023282.png,2,0,0,8,0,0,0,0,0,0
fer0023283.png,0,10,0,0,0,0,0,0,0,0
fer0023284.png,8,0,0,0,0,0,0,2,0,0
fer0023285.png,9,0,0,1,0,0,0,0,0,0
fer0023286.png,8,0,0,2,0,0,0,0,0,0
fer0023287.png,0,0,7,0,0,0,2,0,1,0
fer0023288.png,1,8,0,0,0,0,0,0,1,0
fer0023289.png,4,0,0,4,0,0,0,0,2,0
fer0023290.png,1,3,6,0,0,0,0,0,0,0
fer0023291.png,0,7,3,0,0,0,0,0,0,0
fer0023292.png,0,0,0,9,0,0,0,0,1,0
fer0023293.png,0,6,0,0,2,0,1,0,1,0
fer0023294.png,5,0,0,5,0,0,0,0,0,0
fer0023295.png,0,7,1,2,0,0,0,0,0,0
fer0023296.png,6,0,1,2,0,0,0,0,1,0
fer0023297.png,10,0,0,0,0,0,0,0,0,0
fer0023298.png,0,10,0,0,0,0,0,0,0,0
fer0023299.png,0,10,0,0,0,0,0,0,0,0
fer0023300.png,4,0,0,5,0,0,0,0,1,0
fer0023301.png,0,0,0,9,0,0,0,0,1,0
fer0023302.png,2,0,0,0,5,3,0,0,0,0
fer0023303.png,1,0,0,8,0,0,1,0,0,0
fer0023304.png,0,10,0,0,0,0,0,0,0,0
fer0023305.png,1,0,2,3,0,0,3,0,1,0
fer0023306.png,4,0,0,0,4,0,0,0,2,0
fer0023307.png,0,9,0,0,0,0,0,0,1,0
fer0023308.png,9,0,0,1,0,0,0,0,0,0
fer0023309.png,0,0,7,0,0,0,1,0,2,0
fer0023310.png,3,0,5,0,0,0,1,0,1,0
fer0023311.png,8,0,0,1,0,0,1,0,0,0
fer0023312.png,0,0,8,0,0,0,1,0,1,0
fer0023313.png,2,0,8,0,0,0,0,0,0,0
fer0023314.png,1,0,0,6,0,0,0,1,2,0
fer0023315.png,0,0,0,10,0,0,0,0,0,0
fer0023316.png,0,1,1,1,6,0,1,0,0,0
fer0023317.png,0,0,4,0,0,0,6,0,0,0
fer0023318.png,0,10,0,0,0,0,0,0,0,0
fer0023319.png,0,0,7,0,2,0,1,0,0,0
fer0023320.png,8,1,0,0,1,0,0,0,0,0
fer0023321.png,0,10,0,0,0,0,0,0,0,0
fer0023322.png,1,9,0,0,0,0,0,0,0,0
fer0023323.png,2,0,0,0,7,0,0,1,0,0
fer0023324.png,0,10,0,0,0,0,0,0,0,0
fer0023325.png,1,0,8,0,0,0,0,0,1,0
fer0023326.png,9,0,0,1,0,0,0,0,0,0
fer0023327.png,2,0,4,0,0,0,3,0,1,0
fer0023328.png,1,8,1,0,0,0,0,0,0,0
fer0023329.png,0,10,0,0,0,0,0,0,0,0
fer0023330.png,0,0,2,1,0,0,6,1,0,0
fer0023331.png,0,0,0,4,0,0,6,0,0,0
fer0023332.png,0,10,0,0,0,0,0,0,0,0
fer0023333.png,2,0,0,0,3,0,0,4,1,0
fer0023334.png,6,0,0,3,0,0,0,0,1,0
fer0023335.png,0,0,6,0,0,0,4,0,0,0
fer0023336.png,6,0,1,2,0,0,0,0,1,0
fer0023337.png,9,0,0,0,0,0,0,0,1,0
fer0023338.png,2,0,0,0,3,0,0,4,1,0
fer0023339.png,9,0,0,1,0,0,0,0,0,0
fer0023340.png,7,0,0,3,0,0,0,0,0,0
fer0023341.png,0,0,0,10,0,0,0,0,0,0
fer0023342.png,5,0,1,3,0,0,0,0,1,0
fer0023343.png,1,0,1,0,5,0,2,0,1,0
fer0023344.png,9,0,0,0,0,0,0,0,1,0
fer0023345.png,0,2,3,1,2,0,0,0,2,0
fer0023346.png,5,4,0,0,0,0,0,0,1,0
fer0023347.png,0,10,0,0,0,0,0,0,0,0
fer0023348.png,8,0,0,2,0,0,0,0,0,0
fer0023349.png,0,1,0,0,8,0,0,0,1,0
fer0023350.png,0,10,0,0,0,0,0,0,0,0
fer0023351.png,5,4,1,0,0,0,0,0,0,0
fer0023352.png,4,0,1,0,2,0,1,1,1,0
fer0023353.png,0,10,0,0,0,0,0,0,0,0
fer0023354.png,1,0,4,1,0,0,1,0,3,0
fer0023355.png,8,0,0,0,2,0,0,0,0,0
fer0023356.png,1,9,0,0,0,0,0,0,0,0
fer0023357.png,5,0,0,1,2,1,0,0,1,0
fer0023358.png,0,10,0,0,0,0,0,0,0,0
fer0023359.png,6,0,0,1,0,0,3,0,0,0
fer0023360.png,0,10,0,0,0,0,0,0,0,0
fer0023361.png,5,0,0,4,0,0,0,0,1,0
fer0023362.png,1,0,2,1,0,0,5,0,1,0
fer0023363.png,9,1,0,0,0,0,0,0,0,0
fer0023364.png,0,0,0,0,9,0,0,0,1,0
fer0023365.png,5,0,0,4,0,0,0,0,1,0
fer0023366.png,0,10,0,0,0,0,0,0,0,0
fer0023367.png,1,1,0,8,0,0,0,0,0,0
fer0023368.png,5,1,0,1,0,0,0,1,2,0
fer0023369.png,6,0,0,2,1,0,0,1,0,0
fer0023370.png,7,2,0,0,0,0,0,0,1,0
fer0023371.png,1,0,0,9,0,0,0,0,0,0
fer0023372.png,0,10,0,0,0,0,0,0,0,0
fer0023373.png,0,0,0,10,0,0,0,0,0,0
fer0023374.png,3,0,3,1,0,0,0,0,3,0
fer0023375.png,0,10,0,0,0,0,0,0,0,0
fer0023376.png,0,10,0,0,0,0,0,0,0,0
fer0023377.png,1,0,7,0,0,0,0,0,2,0
fer0023378.png,1,0,2,0,7,0,0,0,0,0
fer0023379.png,9,0,0,0,1,0,0,0,0,0
fer0023380.png,0,8,2,0,0,0,0,0,0,0
fer0023381.png,0,10,0,0,0,0,0,0,0,0
fer0023382.png,0,0,10,0,0,0,0,0,0,0
fer0023383.png,0,10,0,0,0,0,0,0,0,0
fer0023384.png,7,0,1,0,0,0,0,1,1,0
fer0023385.png,0,10,0,0,0,0,0,0,0,0
fer0023386.png,3,0,0,5,1,0,0,1,0,0
fer0023387.png,1,8,0,0,0,0,0,0,1,0
fer0023388.png,7,0,0,1,1,1,0,0,0,0
fer0023389.png,0,0,0,0,0,0,10,0,0,0
fer0023390.png,1,9,0,0,0,0,0,0,0,0
fer0023391.png,8,0,0,0,0,0,0,0,2,0
fer0023392.png,0,10,0,0,0,0,0,0,0,0
fer0023393.png,4,0,0,6,0,0,0,0,0,0
fer0023394.png,1,9,0,0,0,0,0,0,0,0
fer0023395.png,10,0,0,0,0,0,0,0,0,0
fer0023396.png,7,0,0,0,0,0,0,1,2,0
fer0023397.png,9,0,0,0,0,0,0,0,1,0
fer0023398.png,8,0,0,0,0,0,0,1,1,0
fer0023399.png,1,1,1,7,0,0,0,0,0,0
fer0023400.png,3,7,0,0,0,0,0,0,0,0
fer0023401.png,2,0,0,7,1,0,0,0,0,0
fer0023402.png,0,10,0,0,0,0,0,0,0,0
fer0023403.png,0,10,0,0,0,0,0,0,0,0
fer0023404.png,4,0,0,4,0,0,0,0,2,0
fer0023405.png,0,0,7,0,0,0,3,0,0,0
fer0023406.png,2,0,0,8,0,0,0,0,0,0
fer0023407.png,2,0,5,1,0,0,0,0,2,0
fer0023408.png,7,2,0,0,0,0,0,1,0,0
fer0023409.png,0,0,3,0,5,0,2,0,0,0
fer0023410.png,9,0,0,0,0,0,0,0,1,0
fer0023411.png,6,4,0,0,0,0,0,0,0,0
fer0023412.png,6,0,0,3,1,0,0,0,0,0
fer0023413.png,1,9,0,0,0,0,0,0,0,0
fer0023414.png,0,0,3,0,4,1,1,0,1,0
fer0023415.png,1,0,3,2,0,0,4,0,0,0
fer0023416.png,4,2,1,1,0,0,0,0,2,0
fer0023417.png,4,4,1,0,0,0,0,0,1,0
fer0023418.png,4,0,1,0,1,1,0,0,3,0
fer0023419.png,0,10,0,0,0,0,0,0,0,0
fer0023420.png,0,10,0,0,0,0,0,0,0,0
fer0023421.png,0,10,0,0,0,0,0,0,0,0
fer0023422.png,0,10,0,0,0,0,0,0,0,0
fer0023423.png,0,0,7,0,2,0,1,0,0,0
fer0023424.png,9,1,0,0,0,0,0,0,0,0
fer0023425.png,10,0,0,0,0,0,0,0,0,0
fer0023426.png,1,9,0,0,0,0,0,0,0,0
fer0023427.png,6,0,0,3,0,0,0,0,1,0
fer0023428.png,1,0,0,4,0,0,0,4,1,0
fer0023429.png,1,0,0,0,8,1,0,0,0,0
fer0023430.png,0,9,0,0,1,0,0,0,0,0
fer0023431.png,2,0,0,8,0,0,0,0,0,0
fer0023432.png,6,3,0,0,0,1,0,0,0,0
fer0023433.png,1,0,0,0,9,0,0,0,0,0
fer0023434.png,8,0,1,0,0,1,0,0,0,0
fer0023435.png,3,1,5,0,0,0,1,0,0,0
fer0023436.png,1,9,0,0,0,0,0,0,0,0
fer0023437.png,3,0,0,7,0,0,0,0,0,0
fer0023438.png,3,0,0,0,0,1,2,2,2,0
fer0023439.png,0,10,0,0,0,0,0,0,0,0
fer0023440.png,0,0,0,10,0,0,0,0,0,0
fer0023441.png,10,0,0,0,0,0,0,0,0,0
fer0023442.png,0,10,0,0,0,0,0,0,0,0
fer0023443.png,7,0,0,0,3,0,0,0,0,0
fer0023444.png,1,0,1,4,1,0,0,1,2,0
fer0023445.png,3,0,0,5,0,0,0,0,2,0
fer0023446.png,1,1,0,0,6,0,1,0,1,0
fer0023447.png,3,0,0,2,0,2,0,1,2,0
fer0023448.png,2,0,0,7,0,0,0,0,1,0
fer0023449.png,0,10,0,0,0,0,0,0,0,0
fer0023450.png,0,2,0,5,0,0,2,0,1,0
fer0023451.png,0,10,0,0,0,0,0,0,0,0
fer0023452.png,3,0,0,2,1,1,0,1,2,0
fer0023453.png,0,10,0,0,0,0,0,0,0,0
fer0023454.png,1,0,0,4,2,1,1,0,1,0
fer0023455.png,0,0,9,0,0,0,1,0,0,0
fer0023456.png,9,0,0,0,0,0,0,0,1,0
fer0023457.png,10,0,0,0,0,0,0,0,0,0
fer0023458.png,2,0,2,0,1,0,4,1,0,0
fer0023459.png,0,10,0,0,0,0,0,0,0,0
fer0023460.png,0,4,4,0,0,0,0,0,2,0
fer0023461.png,0,10,0,0,0,0,0,0,0,0
fer0023462.png,8,0,0,0,1,0,0,0,1,0
fer0023463.png,0,0,6,0,0,0,3,0,1,0
fer0023464.png,1,9,0,0,0,0,0,0,0,0
fer0023465.png,4,0,3,0,0,0,0,0,3,0
fer0023466.png,0,10,0,0,0,0,0,0,0,0
fer0023467.png,5,4,0,0,0,0,0,0,1,0
fer0023468.png,0,0,8,0,0,0,2,0,0,0
fer0023469.png,0,0,0,10,0,0,0,0,0,0
fer0023470.png,2,0,0,0,4,0,0,3,1,0
fer0023471.png,3,0,0,7,0,0,0,0,0,0
fer0023472.png,6,0,0,1,1,0,0,0,2,0
fer0023473.png,0,0,0,0,9,1,0,0,0,0
fer0023474.png,0,4,4,0,0,0,2,0,0,0
fer0023475.png,0,10,0,0,0,0,0,0,0,0
fer0023476.png,8,0,0,0,0,0,0,0,2,0
fer0023477.png,0,0,0,0,7,1,0,0,2,0
fer0023478.png,8,0,0,2,0,0,0,0,0,0
fer0023479.png,8,0,0,0,1,0,0,0,1,0
fer0023480.png,7,0,0,2,0,0,0,0,1,0
fer0023481.png,0,0,2,0,2,1,5,0,0,0
fer0023482.png,4,0,0,4,0,0,0,0,2,0
fer0023483.png,2,0,0,7,1,0,0,0,0,0
fer0023484.png,0,1,1,0,8,0,0,0,0,0
fer0023485.png,9,1,0,0,0,0,0,0,0,0
fer0023486.png,3,6,0,0,0,0,0,1,0,0
fer0023487.png,2,0,0,6,0,0,1,0,1,0
fer0023488.png,6,0,0,0,0,0,0,2,2,0
fer0023489.png,1,0,0,9,0,0,0,0,0,0
fer0023490.png,2,0,0,6,0,0,0,0,2,0
fer0023491.png,0,10,0,0,0,0,0,0,0,0
fer0023492.png,10,0,0,0,0,0,0,0,0,0
fer0023493.png,0,10,0,0,0,0,0,0,0,0
fer0023494.png,10,0,0,0,0,0,0,0,0,0
fer0023495.png,9,0,0,0,0,0,0,0,1,0
fer0023496.png,0,10,0,0,0,0,0,0,0,0
fer0023497.png,4,0,0,1,2,0,0,0,3,0
fer0023498.png,0,10,0,0,0,0,0,0,0,0
fer0023499.png,1,0,0,9,0,0,0,0,0,0
fer0023500.png,1,8,0,0,0,0,0,0,1,0
fer0023501.png,8,0,0,1,0,0,0,0,1,0
fer0023503.png,8,1,0,0,0,0,0,1,0,0
fer0023504.png,9,0,0,1,0,0,0,0,0,0
fer0023505.png,8,0,0,1,0,0,0,0,1,0
fer0023506.png,8,0,0,2,0,0,0,0,0,0
fer0023507.png,1,0,7,0,0,0,2,0,0,0
fer0023508.png,5,0,0,5,0,0,0,0,0,0
fer0023509.png,10,0,0,0,0,0,0,0,0,0
fer0023510.png,3,0,0,3,0,0,0,0,4,0
fer0023511.png,0,8,2,0,0,0,0,0,0,0
fer0023512.png,0,0,1,9,0,0,0,0,0,0
fer0023513.png,4,5,0,0,0,0,0,1,0,0
fer0023514.png,0,10,0,0,0,0,0,0,0,0
fer0023515.png,0,8,2,0,0,0,0,0,0,0
fer0023516.png,0,10,0,0,0,0,0,0,0,0
fer0023517.png,0,10,0,0,0,0,0,0,0,0
fer0023518.png,1,9,0,0,0,0,0,0,0,0
fer0023519.png,3,0,0,1,3,0,0,2,1,0
fer0023520.png,1,0,0,2,5,2,0,0,0,0
fer0023521.png,8,0,0,0,2,0,0,0,0,0
fer0023522.png,0,10,0,0,0,0,0,0,0,0
fer0023523.png,0,0,0,7,0,0,0,0,3,0
fer0023524.png,1,0,7,0,1,0,0,0,1,0
fer0023525.png,1,4,0,1,1,1,1,0,1,0
fer0023526.png,0,5,5,0,0,0,0,0,0,0
fer0023527.png,1,0,2,0,7,0,0,0,0,0
fer0023528.png,9,1,0,0,0,0,0,0,0,0
fer0023529.png,0,0,1,2,0,0,7,0,0,0
fer0023530.png,0,0,1,0,8,0,0,0,1,0
fer0023531.png,0,10,0,0,0,0,0,0,0,0
fer0023532.png,1,0,0,8,0,0,1,0,0,0
fer0023533.png,9,0,0,1,0,0,0,0,0,0
fer0023534.png,1,5,4,0,0,0,0,0,0,0
fer0023535.png,0,1,2,0,3,0,2,0,2,0
fer0023536.png,1,8,0,0,0,0,0,1,0,0
fer0023537.png,5,0,0,3,0,0,0,1,1,0
fer0023538.png,8,0,0,2,0,0,0,0,0,0
fer0023539.png,0,1,0,6,0,1,0,1,1,0
fer0023540.png,0,10,0,0,0,0,0,0,0,0
fer0023541.png,8,0,0,1,0,0,0,0,1,0
fer0023542.png,0,0,0,10,0,0,0,0,0,0
fer0023543.png,2,8,0,0,0,0,0,0,0,0
fer0023544.png,8,0,0,2,0,0,0,0,0,0
fer0023545.png,3,0,0,7,0,0,0,0,0,0
fer0023546.png,0,10,0,0,0,0,0,0,0,0
fer0023547.png,1,1,3,0,0,0,4,0,1,0
fer0023548.png,4,0,0,1,2,1,0,1,1,0
fer0023549.png,10,0,0,0,0,0,0,0,0,0
fer0023550.png,8,1,0,1,0,0,0,0,0,0
fer0023551.png,2,0,8,0,0,0,0,0,0,0
fer0023552.png,0,10,0,0,0,0,0,0,0,0
fer0023553.png,2,5,0,0,2,1,0,0,0,0
fer0023554.png,0,0,0,1,5,0,0,1,3,0
fer0023555.png,7,0,0,3,0,0,0,0,0,0
fer0023556.png,7,0,0,2,0,0,0,0,1,0
fer0023557.png,4,1,1,0,0,0,0,0,4,0
fer0023558.png,3,0,0,2,5,0,0,0,0,0
fer0023559.png,0,8,1,0,0,0,1,0,0,0
fer0023560.png,9,0,0,0,0,0,0,0,1,0
fer0023561.png,1,9,0,0,0,0,0,0,0,0
fer0023562.png,3,0,0,6,1,0,0,0,0,0
fer0023563.png,7,2,0,0,0,0,0,0,1,0
fer0023564.png,10,0,0,0,0,0,0,0,0,0
fer0023565.png,0,1,4,0,0,0,4,0,1,0
fer0023566.png,0,0,10,0,0,0,0,0,0,0
fer0023567.png,0,0,5,0,0,0,5,0,0,0
fer0023568.png,0,2,0,3,0,3,0,0,2,0
fer0023569.png,0,0,0,0,10,0,0,0,0,0
fer0023570.png,0,10,0,0,0,0,0,0,0,0
fer0023571.png,2,0,5,1,0,0,2,0,0,0
fer0023572.png,0,0,0,7,3,0,0,0,0,0
fer0023573.png,5,0,2,2,0,0,1,0,0,0
fer0023574.png,10,0,0,0,0,0,0,0,0,0
fer0023575.png,0,10,0,0,0,0,0,0,0,0
fer0023576.png,6,0,0,2,0,0,0,0,2,0
fer0023577.png,10,0,0,0,0,0,0,0,0,0
fer0023578.png,0,0,6,0,0,0,2,0,2,0
fer0023579.png,10,0,0,0,0,0,0,0,0,0
fer0023580.png,5,0,0,0,5,0,0,0,0,0
fer0023581.png,2,0,1,0,4,2,0,0,1,0
fer0023582.png,9,0,0,0,0,0,0,0,1,0
fer0023583.png,5,0,0,4,0,0,0,0,1,0
fer0023584.png,8,0,0,1,0,0,0,0,1,0
fer0023585.png,7,3,0,0,0,0,0,0,0,0
fer0023586.png,2,0,7,0,0,0,0,0,1,0
fer0023587.png,0,0,9,0,0,0,1,0,0,0
fer0023588.png,8,0,1,1,0,0,0,0,0,0
fer0023589.png,4,0,0,6,0,0,0,0,0,0
fer0023590.png,0,2,0,7,0,0,0,0,1,0
fer0023591.png,3,0,5,0,0,0,1,1,0,0
fer0023592.png,10,0,0,0,0,0,0,0,0,0
fer0023593.png,0,4,6,0,0,0,0,0,0,0
fer0023594.png,0,0,3,1,3,0,2,0,1,0
fer0023595.png,2,8,0,0,0,0,0,0,0,0
fer0023596.png,0,0,8,0,0,0,1,0,1,0
fer0023597.png,9,0,0,1,0,0,0,0,0,0
fer0023598.png,8,0,0,1,0,0,0,0,1,0
fer0023599.png,9,0,0,1,0,0,0,0,0,0
fer0023600.png,0,0,0,1,3,3,2,0,1,0
fer0023601.png,0,0,9,0,0,0,0,0,1,0
fer0023602.png,0,1,9,0,0,0,0,0,0,0
fer0023603.png,0,0,10,0,0,0,0,0,0,0
fer0023604.png,0,10,0,0,0,0,0,0,0,0
fer0023605.png,0,0,0,1,7,2,0,0,0,0
fer0023606.png,9,1,0,0,0,0,0,0,0,0
fer0023607.png,3,6,0,0,0,0,0,1,0,0
fer0023608.png,0,0,6,0,0,0,2,0,2,0
fer0023609.png,10,0,0,0,0,0,0,0,0,0
fer0023610.png,2,3,3,0,0,0,1,0,1,0
fer0023611.png,2,8,0,0,0,0,0,0,0,0
fer0023612.png,0,0,10,0,0,0,0,0,0,0
fer0023613.png,10,0,0,0,0,0,0,0,0,0
fer0023614.png,1,0,1,0,1,0,0,7,0,0
fer0023615.png,7,1,0,1,0,0,0,0,1,0
fer0023616.png,0,1,9,0,0,0,0,0,0,0
fer0023617.png,0,10,0,0,0,0,0,0,0,0
fer0023618.png,2,0,0,5,0,0,0,0,3,0
fer0023619.png,0,0,0,0,9,0,0,0,1,0
fer0023620.png,0,1,9,0,0,0,0,0,0,0
fer0023621.png,0,10,0,0,0,0,0,0,0,0
fer0023622.png,5,0,5,0,0,0,0,0,0,0
fer0023623.png,0,0,2,0,1,3,4,0,0,0
fer0023624.png,0,10,0,0,0,0,0,0,0,0
fer0023625.png,0,10,0,0,0,0,0,0,0,0
fer0023626.png,5,0,0,0,2,0,0,0,3,0
fer0023627.png,2,0,0,4,4,0,0,0,0,0
fer0023628.png,7,2,0,0,0,0,0,1,0,0
fer0023629.png,0,10,0,0,0,0,0,0,0,0
fer0023630.png,0,10,0,0,0,0,0,0,0,0
fer0023631.png,10,0,0,0,0,0,0,0,0,0
fer0023632.png,1,0,1,5,0,0,1,0,2,0
fer0023633.png,2,0,1,0,6,0,0,0,1,0
fer0023634.png,0,0,6,0,0,0,1,0,3,0
fer0023635.png,6,0,0,3,1,0,0,0,0,0
fer0023636.png,8,0,0,0,0,0,0,0,2,0
fer0023637.png,1,0,0,9,0,0,0,0,0,0
fer0023638.png,1,0,0,4,0,5,0,0,0,0
fer0023639.png,0,10,0,0,0,0,0,0,0,0
fer0023640.png,2,0,0,0,6,1,0,0,1,0
fer0023641.png,2,0,0,0,3,3,0,2,0,0
fer0023642.png,8,1,0,0,0,0,0,1,0,0
fer0023643.png,0,10,0,0,0,0,0,0,0,0
fer0023644.png,0,0,0,10,0,0,0,0,0,0
fer0023645.png,0,0,1,0,9,0,0,0,0,0
fer0023646.png,6,1,1,0,1,0,0,0,1,0
fer0023647.png,0,10,0,0,0,0,0,0,0,0
fer0023648.png,0,10,0,0,0,0,0,0,0,0
fer0023649.png,8,0,0,1,0,0,0,1,0,0
fer0023650.png,7,0,2,1,0,0,0,0,0,0
fer0023651.png,0,10,0,0,0,0,0,0,0,0
fer0023652.png,3,0,0,7,0,0,0,0,0,0
fer0023653.png,9,0,0,0,0,0,0,0,1,0
fer0023654.png,9,0,0,1,0,0,0,0,0,0
fer0023655.png,5,0,0,5,0,0,0,0,0,0
fer0023656.png,1,8,0,0,0,0,0,0,1,0
fer0023657.png,0,3,4,0,1,0,1,0,1,0
fer0023658.png,2,0,4,1,0,0,3,0,0,0
fer0023659.png,9,0,0,0,0,0,0,0,1,0
fer0023660.png,2,0,0,6,0,0,0,0,2,0
fer0023661.png,5,0,0,5,0,0,0,0,0,0
fer0023662.png,10,0,0,0,0,0,0,0,0,0
fer0023663.png,0,10,0,0,0,0,0,0,0,0
fer0023664.png,0,0,9,0,0,0,1,0,0,0
fer0023665.png,9,0,0,0,0,0,0,0,1,0
fer0023666.png,0,10,0,0,0,0,0,0,0,0
fer0023667.png,5,0,0,0,0,1,0,2,2,0
fer0023668.png,0,10,0,0,0,0,0,0,0,0
fer0023669.png,5,0,0,0,4,0,1,0,0,0
fer0023670.png,0,10,0,0,0,0,0,0,0,0
fer0023671.png,2,0,0,4,0,0,0,0,4,0
fer0023672.png,1,0,0,0,8,0,0,1,0,0
fer0023673.png,5,0,1,3,0,0,0,0,1,0
fer0023674.png,5,4,0,0,0,0,0,0,1,0
fer0023675.png,1,0,4,0,0,0,1,0,4,0
fer0023676.png,1,9,0,0,0,0,0,0,0,0
fer0023677.png,8,0,0,1,0,0,0,0,1,0
fer0023678.png,5,0,0,2,0,0,0,0,3,0
fer0023679.png,3,0,6,0,0,0,1,0,0,0
fer0023680.png,0,0,0,10,0,0,0,0,0,0
fer0023681.png,0,8,0,0,0,0,0,0,2,0
fer0023682.png,9,0,0,1,0,0,0,0,0,0
fer0023683.png,1,0,4,0,0,0,4,0,1,0
fer0023684.png,1,1,0,8,0,0,0,0,0,0
fer0023685.png,7,0,0,3,0,0,0,0,0,0
fer0023686.png,9,0,0,1,0,0,0,0,0,0
fer0023687.png,0,0,3,0,0,0,7,0,0,0
fer0023688.png,7,0,0,3,0,0,0,0,0,0
fer0023689.png,8,0,0,0,0,1,0,1,0,0
fer0023690.png,1,0,2,1,3,0,2,0,1,0
fer0023691.png,0,0,5,1,0,0,1,0,3,0
fer0023692.png,1,0,0,6,0,1,0,0,2,0
fer0023693.png,9,0,0,0,0,0,0,0,1,0
fer0023694.png,9,0,0,0,0,0,0,0,1,0
fer0023695.png,7,0,0,2,0,0,0,1,0,0
fer0023696.png,0,0,1,0,8,0,0,0,1,0
fer0023697.png,9,0,0,1,0,0,0,0,0,0
fer0023698.png,6,0,0,3,0,0,0,0,1,0
fer0023699.png,9,0,0,0,0,0,0,1,0,0
fer0023700.png,1,0,0,9,0,0,0,0,0,0
fer0023701.png,8,0,0,2,0,0,0,0,0,0
fer0023702.png,7,0,1,2,0,0,0,0,0,0
fer0023703.png,0,10,0,0,0,0,0,0,0,0
fer0023704.png,6,0,0,3,0,0,0,0,1,0
fer0023705.png,10,0,0,0,0,0,0,0,0,0
fer0023706.png,0,2,0,6,0,0,1,0,1,0
fer0023707.png,1,0,0,2,0,0,7,0,0,0
fer0023708.png,6,0,0,4,0,0,0,0,0,0
fer0023709.png,0,10,0,0,0,0,0,0,0,0
fer0023710.png,0,10,0,0,0,0,0,0,0,0
fer0023711.png,0,0,0,0,7,1,0,0,2,0
fer0023712.png,1,0,7,0,0,0,2,0,0,0
fer0023713.png,0,0,0,0,10,0,0,0,0,0
fer0023714.png,0,0,1,7,0,0,1,0,1,0
fer0023715.png,4,0,0,5,0,0,0,0,0,1
fer0023716.png,0,10,0,0,0,0,0,0,0,0
fer0023717.png,0,1,3,0,4,1,0,0,1,0
fer0023718.png,3,0,0,5,0,0,1,0,1,0
fer0023719.png,6,0,0,3,1,0,0,0,0,0
fer0023720.png,1,0,0,1,7,0,0,0,1,0
fer0023721.png,0,0,0,10,0,0,0,0,0,0
fer0023722.png,0,9,0,0,0,1,0,0,0,0
fer0023723.png,0,1,0,0,7,0,1,0,1,0
fer0023724.png,9,0,0,0,0,1,0,0,0,0
fer0023725.png,1,9,0,0,0,0,0,0,0,0
fer0023726.png,0,10,0,0,0,0,0,0,0,0
fer0023727.png,0,10,0,0,0,0,0,0,0,0
fer0023728.png,7,2,0,0,0,0,0,0,1,0
fer0023729.png,0,10,0,0,0,0,0,0,0,0
fer0023730.png,0,0,1,1,7,0,0,0,1,0
fer0023731.png,2,0,0,7,0,0,0,0,1,0
fer0023732.png,7,2,0,0,0,0,0,0,1,0
fer0023733.png,8,0,0,0,2,0,0,0,0,0
fer0023734.png,9,0,1,0,0,0,0,0,0,0
fer0023735.png,1,0,6,0,0,0,1,0,2,0
fer0023736.png,0,0,9,1,0,0,0,0,0,0
fer0023737.png,0,0,0,0,6,2,0,0,2,0
fer0023738.png,8,0,0,2,0,0,0,0,0,0
fer0023739.png,1,8,1,0,0,0,0,0,0,0
fer0023740.png,4,6,0,0,0,0,0,0,0,0
fer0023741.png,0,9,0,0,1,0,0,0,0,0
fer0023742.png,0,1,9,0,0,0,0,0,0,0
fer0023743.png,0,10,0,0,0,0,0,0,0,0
fer0023744.png,0,10,0,0,0,0,0,0,0,0
fer0023745.png,0,10,0,0,0,0,0,0,0,0
fer0023746.png,0,0,10,0,0,0,0,0,0,0
fer0023747.png,1,9,0,0,0,0,0,0,0,0
fer0023748.png,1,9,0,0,0,0,0,0,0,0
fer0023749.png,0,0,1,0,7,0,2,0,0,0
fer0023750.png,0,0,0,0,7,1,0,1,1,0
fer0023751.png,0,10,0,0,0,0,0,0,0,0
fer0023752.png,3,0,0,0,1,1,0,2,3,0
fer0023753.png,0,10,0,0,0,0,0,0,0,0
fer0023754.png,0,0,0,0,9,0,0,0,1,0
fer0023755.png,1,0,1,1,1,2,4,0,0,0
fer0023756.png,0,10,0,0,0,0,0,0,0,0
fer0023757.png,0,0,0,8,2,0,0,0,0,0
fer0023758.png,0,9,0,0,0,0,0,1,0,0
fer0023759.png,4,0,0,5,0,0,0,0,1,0
fer0023760.png,9,0,0,0,0,0,0,0,1,0
fer0023761.png,4,0,0,4,0,0,0,1,1,0
fer0023762.png,8,0,1,0,0,0,0,1,0,0
fer0023763.png,1,0,0,7,1,0,1,0,0,0
fer0023764.png,7,1,0,0,0,0,1,0,1,0
fer0023765.png,1,9,0,0,0,0,0,0,0,0
fer0023766.png,4,0,0,1,0,0,4,0,1,0
fer0023767.png,0,10,0,0,0,0,0,0,0,0
fer0023768.png,6,0,1,0,0,0,0,0,3,0
fer0023769.png,4,1,0,4,0,0,0,0,1,0
fer0023770.png,0,3,1,0,4,0,0,0,2,0
fer0023771.png,5,0,0,4,0,0,0,0,1,0
fer0023772.png,5,0,0,5,0,0,0,0,0,0
fer0023773.png,5,0,0,4,0,0,0,0,1,0
fer0023774.png,2,4,1,0,0,0,0,3,0,0
fer0023775.png,4,0,0,2,1,1,0,1,1,0
fer0023776.png,2,8,0,0,0,0,0,0,0,0
fer0023777.png,7,0,1,0,0,0,0,1,1,0
fer0023778.png,2,0,3,0,0,0,5,0,0,0
fer0023779.png,0,10,0,0,0,0,0,0,0,0
fer0023780.png,0,0,0,3,6,1,0,0,0,0
fer0023781.png,0,10,0,0,0,0,0,0,0,0
fer0023782.png,0,0,6,1,0,0,3,0,0,0
fer0023783.png,0,0,8,0,0,0,1,0,1,0
fer0023784.png,9,0,0,1,0,0,0,0,0,0
fer0023785.png,8,0,0,1,1,0,0,0,0,0
fer0023786.png,0,0,10,0,0,0,0,0,0,0
fer0023787.png,7,0,0,1,1,0,0,0,1,0
fer0023788.png,0,10,0,0,0,0,0,0,0,0
fer0023789.png,0,0,6,0,0,0,4,0,0,0
fer0023790.png,0,10,0,0,0,0,0,0,0,0
fer0023791.png,0,0,10,0,0,0,0,0,0,0
fer0023792.png,0,0,8,0,0,0,2,0,0,0
fer0023793.png,4,0,0,6,0,0,0,0,0,0
fer0023794.png,5,2,0,3,0,0,0,0,0,0
fer0023795.png,4,0,0,4,0,0,0,0,2,0
fer0023796.png,1,0,0,9,0,0,0,0,0,0
fer0023797.png,0,0,6,1,1,1,0,0,1,0
fer0023798.png,1,0,0,0,0,0,0,8,1,0
fer0023799.png,0,0,9,0,0,0,1,0,0,0
fer0023800.png,1,9,0,0,0,0,0,0,0,0
fer0023801.png,8,0,0,0,2,0,0,0,0,0
fer0023802.png,0,9,0,0,0,0,0,0,1,0
fer0023803.png,10,0,0,0,0,0,0,0,0,0
fer0023804.png,0,10,0,0,0,0,0,0,0,0
fer0023805.png,5,5,0,0,0,0,0,0,0,0
fer0023806.png,2,8,0,0,0,0,0,0,0,0
fer0023807.png,3,1,0,0,6,0,0,0,0,0
fer0023808.png,0,0,0,9,0,0,1,0,0,0
fer0023809.png,5,0,0,4,0,0,0,0,1,0
fer0023810.png,9,0,0,1,0,0,0,0,0,0
fer0023811.png,0,2,1,0,7,0,0,0,0,0
fer0023812.png,5,3,0,0,0,0,0,1,1,0
fer0023813.png,4,0,0,0,4,0,0,0,2,0
fer0023814.png,0,0,0,10,0,0,0,0,0,0
fer0023815.png,0,10,0,0,0,0,0,0,0,0
fer0023816.png,3,0,1,0,3,0,0,0,3,0
fer0023817.png,0,4,0,0,4,1,1,0,0,0
fer0023818.png,5,0,1,1,0,0,3,0,0,0
fer0023819.png,0,0,7,0,0,0,3,0,0,0
fer0023820.png,1,0,0,9,0,0,0,0,0,0
fer0023821.png,6,0,0,3,0,0,0,0,1,0
fer0023822.png,5,0,0,3,0,0,0,1,1,0
fer0023823.png,8,0,0,0,2,0,0,0,0,0
fer0023824.png,2,0,0,1,6,0,0,0,1,0
fer0023825.png,2,0,3,2,0,0,3,0,0,0
fer0023826.png,0,0,1,0,9,0,0,0,0,0
fer0023827.png,8,0,0,0,0,0,0,1,1,0
fer0023828.png,0,0,8,0,0,0,0,0,2,0
fer0023829.png,0,0,0,9,0,0,0,0,1,0
fer0023830.png,0,0,1,0,9,0,0,0,0,0
fer0023831.png,0,10,0,0,0,0,0,0,0,0
fer0023832.png,0,0,0,0,8,2,0,0,0,0
fer0023833.png,7,0,2,0,0,0,0,1,0,0
fer0023834.png,0,10,0,0,0,0,0,0,0,0
fer0023835.png,0,10,0,0,0,0,0,0,0,0
fer0023836.png,0,9,1,0,0,0,0,0,0,0
fer0023837.png,2,0,0,0,0,2,0,6,0,0
fer0023838.png,0,1,9,0,0,0,0,0,0,0
fer0023839.png,1,2,0,1,4,1,0,0,1,0
fer0023840.png,7,0,0,1,0,0,0,0,2,0
fer0023841.png,0,9,1,0,0,0,0,0,0,0
fer0023842.png,4,0,0,6,0,0,0,0,0,0
fer0023843.png,0,0,0,0,10,0,0,0,0,0
fer0023844.png,6,0,0,3,0,0,0,0,1,0
fer0023845.png,6,0,0,1,2,0,0,0,1,0
fer0023846.png,0,10,0,0,0,0,0,0,0,0
fer0023847.png,4,5,0,0,0,0,0,1,0,0
fer0023848.png,0,6,1,2,1,0,0,0,0,0
fer0023849.png,3,0,0,0,2,2,1,2,0,0
fer0023850.png,9,0,0,0,1,0,0,0,0,0
fer0023851.png,0,0,0,10,0,0,0,0,0,0
fer0023852.png,5,0,1,2,0,0,1,0,1,0
fer0023853.png,0,0,3,0,0,1,6,0,0,0
fer0023854.png,1,0,0,9,0,0,0,0,0,0
fer0023855.png,10,0,0,0,0,0,0,0,0,0
fer0023856.png,0,8,2,0,0,0,0,0,0,0
fer0023857.png,9,1,0,0,0,0,0,0,0,0
fer0023858.png,10,0,0,0,0,0,0,0,0,0
fer0023859.png,2,8,0,0,0,0,0,0,0,0
fer0023860.png,10,0,0,0,0,0,0,0,0,0
fer0023861.png,0,1,8,0,0,0,0,0,1,0
fer0023862.png,0,8,0,0,0,0,1,0,0,1
fer0023863.png,0,10,0,0,0,0,0,0,0,0
fer0023864.png,0,10,0,0,0,0,0,0,0,0
fer0023865.png,0,0,4,0,5,0,1,0,0,0
fer0023866.png,9,0,0,0,0,0,0,0,1,0
fer0023867.png,9,1,0,0,0,0,0,0,0,0
fer0023868.png,7,0,0,3,0,0,0,0,0,0
fer0023869.png,0,10,0,0,0,0,0,0,0,0
fer0023870.png,0,0,2,0,0,0,8,0,0,0
fer0023871.png,3,0,0,2,0,4,0,1,0,0
fer0023872.png,0,10,0,0,0,0,0,0,0,0
fer0023873.png,0,8,0,1,0,0,0,0,1,0
fer0023874.png,7,0,0,0,0,1,0,2,0,0
fer0023875.png,10,0,0,0,0,0,0,0,0,0
fer0023876.png,0,10,0,0,0,0,0,0,0,0
fer0023877.png,0,9,1,0,0,0,0,0,0,0
fer0023878.png,0,10,0,0,0,0,0,0,0,0
fer0023879.png,5,0,0,3,0,0,0,2,0,0
fer0023880.png,1,0,8,0,0,0,0,0,1,0
fer0023881.png,9,0,0,0,0,0,0,0,1,0
fer0023882.png,2,0,5,0,0,0,1,0,2,0
fer0023883.png,7,0,0,2,0,0,0,0,1,0
fer0023884.png,6,0,0,4,0,0,0,0,0,0
fer0023885.png,0,9,0,0,0,0,0,1,0,0
fer0023886.png,0,10,0,0,0,0,0,0,0,0
fer0023887.png,5,0,0,4,0,0,0,0,1,0
fer0023888.png,0,0,7,0,0,0,2,0,1,0
fer0023889.png,3,0,2,1,1,0,0,0,3,0
fer0023890.png,0,10,0,0,0,0,0,0,0,0
fer0023891.png,5,0,1,4,0,0,0,0,0,0
fer0023892.png,0,0,1,4,2,0,1,0,2,0
fer0023893.png,7,0,0,0,3,0,0,0,0,0
fer0023894.png,6,3,0,1,0,0,0,0,0,0
fer0023895.png,1,9,0,0,0,0,0,0,0,0
fer0023896.png,5,0,0,5,0,0,0,0,0,0
fer0023897.png,6,1,0,3,0,0,0,0,0,0
fer0023898.png,0,0,4,0,2,0,4,0,0,0
fer0023899.png,0,0,0,1,7,0,1,0,1,0
fer0023900.png,2,0,0,2,3,1,0,2,0,0
fer0023901.png,0,0,10,0,0,0,0,0,0,0
fer0023902.png,0,0,0,1,2,0,4,0,3,0
fer0023903.png,0,0,9,0,0,0,1,0,0,0
fer0023904.png,0,0,0,9,0,0,0,0,1,0
fer0023905.png,0,1,1,1,4,0,0,0,3,0
fer0023906.png,3,0,0,1,0,2,0,4,0,0
fer0023907.png,4,0,0,4,1,0,0,0,1,0
fer0023908.png,0,10,0,0,0,0,0,0,0,0
fer0023909.png,0,0,0,1,8,0,0,1,0,0
fer0023910.png,0,10,0,0,0,0,0,0,0,0
fer0023911.png,0,10,0,0,0,0,0,0,0,0
fer0023912.png,0,10,0,0,0,0,0,0,0,0
fer0023913.png,4,0,0,3,2,0,0,0,1,0
fer0023914.png,7,0,0,3,0,0,0,0,0,0
fer0023915.png,5,0,0,4,1,0,0,0,0,0
fer0023916.png,0,0,1,0,8,0,0,0,1,0
fer0023917.png,7,0,0,1,1,0,0,0,1,0
fer0023918.png,5,0,0,4,1,0,0,0,0,0
fer0023919.png,9,1,0,0,0,0,0,0,0,0
fer0023920.png,0,0,10,0,0,0,0,0,0,0
fer0023921.png,0,4,4,0,2,0,0,0,0,0
fer0023922.png,10,0,0,0,0,0,0,0,0,0
fer0023923.png,3,0,0,3,1,0,0,0,3,0
fer0023924.png,0,9,0,0,0,0,0,1,0,0
fer0023925.png,0,0,2,1,7,0,0,0,0,0
fer0023926.png,4,0,0,4,0,0,0,1,1,0
fer0023927.png,4,0,0,5,0,0,0,0,1,0
fer0023928.png,0,0,1,0,0,0,1,7,1,0
fer0023929.png,0,10,0,0,0,0,0,0,0,0
fer0023930.png,4,0,0,5,0,0,0,0,1,0
fer0023931.png,3,0,0,4,1,0,0,0,2,0
fer0023932.png,2,0,0,0,8,0,0,0,0,0
fer0023933.png,8,1,0,0,0,0,0,0,1,0
fer0023934.png,4,0,0,5,0,0,0,0,1,0
fer0023935.png,9,0,0,1,0,0,0,0,0,0
fer0023936.png,10,0,0,0,0,0,0,0,0,0
fer0023937.png,6,1,0,0,0,0,0,3,0,0
fer0023938.png,2,0,0,7,0,0,0,0,1,0
fer0023939.png,2,0,0,8,0,0,0,0,0,0
fer0023940.png,0,0,2,3,0,0,5,0,0,0
fer0023941.png,9,0,0,0,0,0,0,0,1,0
fer0023942.png,4,0,0,4,0,0,0,0,2,0
fer0023943.png,0,0,0,0,7,0,1,0,2,0
fer0023944.png,0,1,1,0,3,0,4,0,1,0
fer0023945.png,2,0,0,0,5,2,0,1,0,0
fer0023946.png,4,0,0,3,0,0,2,0,1,0
fer0023947.png,2,0,0,6,1,0,0,0,1,0
fer0023948.png,0,10,0,0,0,0,0,0,0,0
fer0023949.png,0,1,7,0,0,0,2,0,0,0
fer0023950.png,1,0,0,8,0,0,0,0,1,0
fer0023951.png,1,0,5,0,1,0,2,0,1,0
fer0023952.png,1,0,0,8,0,0,0,0,1,0
fer0023953.png,9,0,0,0,0,0,0,0,1,0
fer0023954.png,0,6,4,0,0,0,0,0,0,0
fer0023955.png,7,0,0,2,0,0,0,0,1,0
fer0023956.png,0,0,0,0,9,1,0,0,0,0
fer0023957.png,1,9,0,0,0,0,0,0,0,0
fer0023958.png,4,0,0,3,0,0,1,0,2,0
fer0023959.png,2,5,0,0,1,2,0,0,0,0
fer0023960.png,9,1,0,0,0,0,0,0,0,0
fer0023961.png,8,0,1,1,0,0,0,0,0,0
fer0023962.png,9,1,0,0,0,0,0,0,0,0
fer0023963.png,0,0,10,0,0,0,0,0,0,0
fer0023964.png,4,2,4,0,0,0,0,0,0,0
fer0023965.png,0,10,0,0,0,0,0,0,0,0
fer0023966.png,0,9,1,0,0,0,0,0,0,0
fer0023967.png,2,0,0,6,0,1,0,0,1,0
fer0023968.png,6,0,0,2,0,1,1,0,0,0
fer0023969.png,3,0,0,0,4,0,0,0,3,0
fer0023970.png,0,0,10,0,0,0,0,0,0,0
fer0023971.png,0,10,0,0,0,0,0,0,0,0
fer0023972.png,1,0,0,0,9,0,0,0,0,0
fer0023973.png,8,0,0,0,0,0,0,1,1,0
fer0023974.png,5,0,0,5,0,0,0,0,0,0
fer0023975.png,10,0,0,0,0,0,0,0,0,0
fer0023976.png,2,7,0,1,0,0,0,0,0,0
fer0023977.png,4,5,0,0,0,0,0,1,0,0
fer0023978.png,8,0,0,1,0,0,0,0,1,0
fer0023979.png,0,1,8,0,0,0,0,0,1,0
fer0023980.png,1,8,1,0,0,0,0,0,0,0
fer0023981.png,1,0,0,0,3,3,0,3,0,0
fer0023982.png,0,0,8,0,0,0,2,0,0,0
fer0023983.png,5,4,0,0,0,0,0,0,1,0
fer0023984.png,0,10,0,0,0,0,0,0,0,0
fer0023985.png,0,2,8,0,0,0,0,0,0,0
fer0023986.png,0,9,0,0,0,0,0,0,1,0
fer0023987.png,0,10,0,0,0,0,0,0,0,0
fer0023988.png,0,0,1,9,0,0,0,0,0,0
fer0023989.png,1,0,6,0,2,0,0,0,1,0
fer0023990.png,8,0,0,0,0,0,0,0,2,0
fer0023991.png,2,0,0,8,0,0,0,0,0,0
fer0023992.png,10,0,0,0,0,0,0,0,0,0
fer0023993.png,2,8,0,0,0,0,0,0,0,0
fer0023994.png,0,0,0,0,2,0,8,0,0,0
fer0023995.png,1,0,0,8,0,1,0,0,0,0
fer0023996.png,6,4,0,0,0,0,0,0,0,0
fer0023997.png,2,0,1,1,4,2,0,0,0,0
fer0023998.png,1,0,7,1,0,0,0,0,1,0
fer0023999.png,8,0,0,2,0,0,0,0,0,0
fer0024000.png,10,0,0,0,0,0,0,0,0,0
fer0024001.png,10,0,0,0,0,0,0,0,0,0
fer0024002.png,5,0,0,0,0,2,0,0,3,0
fer0024003.png,9,0,0,0,0,0,0,0,1,0
fer0024004.png,5,1,0,2,0,0,0,1,1,0
fer0024005.png,1,0,2,1,3,0,1,0,2,0
fer0024006.png,0,7,1,0,0,0,0,0,2,0
fer0024007.png,3,6,0,0,0,0,0,0,1,0
fer0024008.png,1,0,0,7,0,0,0,0,2,0
fer0024009.png,4,0,0,0,4,1,0,0,1,0
fer0024010.png,0,0,0,8,0,0,1,0,1,0
fer0024011.png,0,10,0,0,0,0,0,0,0,0
fer0024012.png,1,9,0,0,0,0,0,0,0,0
fer0024013.png,0,10,0,0,0,0,0,0,0,0
fer0024014.png,9,1,0,0,0,0,0,0,0,0
fer0024015.png,1,2,0,0,3,0,0,0,4,0
fer0024016.png,0,10,0,0,0,0,0,0,0,0
fer0024017.png,0,10,0,0,0,0,0,0,0,0
fer0024018.png,0,0,3,0,0,0,6,0,1,0
fer0024019.png,0,10,0,0,0,0,0,0,0,0
fer0024020.png,1,0,2,0,5,0,1,0,1,0
fer0024021.png,0,0,9,0,0,0,1,0,0,0
fer0024022.png,5,0,0,0,2,0,0,3,0,0
fer0024023.png,1,0,0,3,0,2,0,3,1,0
fer0024024.png,2,0,0,8,0,0,0,0,0,0
fer0024025.png,5,0,0,0,3,1,0,1,0,0
fer0024026.png,0,1,0,4,1,0,1,0,3,0
fer0024027.png,3,1,0,2,0,0,1,0,3,0
fer0024028.png,1,0,0,2,3,2,0,2,0,0
fer0024029.png,7,3,0,0,0,0,0,0,0,0
fer0024030.png,1,0,7,0,0,0,1,0,1,0
fer0024031.png,2,0,0,5,0,1,0,0,2,0
fer0024032.png,1,0,6,0,0,0,2,0,1,0
fer0024033.png,0,0,9,0,0,0,1,0,0,0
fer0024034.png,0,10,0,0,0,0,0,0,0,0
fer0024035.png,9,0,1,0,0,0,0,0,0,0
fer0024036.png,1,0,4,0,0,0,5,0,0,0
fer0024037.png,4,6,0,0,0,0,0,0,0,0
fer0024038.png,0,8,1,0,0,0,0,0,1,0
fer0024039.png,7,0,0,2,0,0,0,0,1,0
fer0024040.png,4,1,0,3,0,0,0,1,1,0
fer0024041.png,0,9,1,0,0,0,0,0,0,0
fer0024042.png,9,0,0,1,0,0,0,0,0,0
fer0024043.png,9,0,0,0,0,0,0,1,0,0
fer0024044.png,0,0,0,10,0,0,0,0,0,0
fer0024045.png,0,0,9,0,0,0,1,0,0,0
fer0024046.png,0,10,0,0,0,0,0,0,0,0
fer0024047.png,0,0,0,10,0,0,0,0,0,0
fer0024048.png,7,0,1,0,0,0,0,0,2,0
fer0024049.png,9,0,0,1,0,0,0,0,0,0
fer0024050.png,1,0,0,7,0,0,0,0,2,0
fer0024051.png,2,0,0,7,0,0,0,0,1,0
fer0024052.png,0,0,0,7,1,2,0,0,0,0
fer0024053.png,0,2,0,4,0,0,3,0,1,0
fer0024054.png,2,0,0,1,6,0,0,0,1,0
fer0024055.png,9,0,0,0,0,0,0,0,1,0
fer0024056.png,3,0,0,5,0,0,1,0,1,0
fer0024057.png,6,0,0,2,2,0,0,0,0,0
fer0024058.png,1,0,0,5,0,0,1,1,2,0
fer0024059.png,2,0,0,0,6,0,0,0,2,0
fer0024060.png,9,0,0,0,0,0,0,0,1,0
fer0024061.png,1,9,0,0,0,0,0,0,0,0
fer0024062.png,1,0,9,0,0,0,0,0,0,0
fer0024063.png,0,0,2,0,6,0,0,0,2,0
fer0024064.png,1,9,0,0,0,0,0,0,0,0
fer0024065.png,0,0,10,0,0,0,0,0,0,0
fer0024066.png,8,0,0,0,0,0,0,1,1,0
fer0024067.png,0,10,0,0,0,0,0,0,0,0
fer0024068.png,9,0,0,0,0,0,0,0,1,0
fer0024069.png,9,0,0,1,0,0,0,0,0,0
fer0024070.png,0,5,0,1,3,0,0,0,1,0
fer0024071.png,3,0,0,3,3,0,0,0,1,0
fer0024072.png,9,0,0,1,0,0,0,0,0,0
fer0024073.png,1,7,2,0,0,0,0,0,0,0
fer0024074.png,5,0,0,4,0,0,0,0,1,0
fer0024075.png,0,10,0,0,0,0,0,0,0,0
fer0024076.png,3,0,0,0,4,0,0,3,0,0
fer0024077.png,9,0,0,0,0,0,0,0,1,0
fer0024078.png,5,0,0,4,0,0,0,0,1,0
fer0024079.png,10,0,0,0,0,0,0,0,0,0
fer0024080.png,1,9,0,0,0,0,0,0,0,0
fer0024081.png,5,0,4,0,0,0,0,0,1,0
fer0024082.png,3,0,0,6,0,0,0,0,1,0
fer0024083.png,0,0,1,7,0,0,2,0,0,0
fer0024084.png,1,9,0,0,0,0,0,0,0,0
fer0024085.png,2,0,0,1,7,0,0,0,0,0
fer0024086.png,0,10,0,0,0,0,0,0,0,0
fer0024087.png,9,0,0,0,1,0,0,0,0,0
fer0024088.png,0,9,0,0,0,0,0,0,1,0
fer0024089.png,0,9,1,0,0,0,0,0,0,0
fer0024090.png,5,1,0,0,0,2,0,1,1,0
fer0024091.png,0,10,0,0,0,0,0,0,0,0
fer0024092.png,0,0,10,0,0,0,0,0,0,0
fer0024093.png,1,0,0,0,2,6,0,0,1,0
fer0024094.png,7,2,0,0,0,0,0,1,0,0
fer0024095.png,9,0,0,0,0,0,0,0,1,0
fer0024096.png,0,9,0,0,1,0,0,0,0,0
fer0024097.png,9,1,0,0,0,0,0,0,0,0
fer0024098.png,4,0,0,4,1,0,0,0,1,0
fer0024099.png,0,10,0,0,0,0,0,0,0,0
fer0024100.png,5,0,0,5,0,0,0,0,0,0
fer0024101.png,1,0,5,0,0,1,3,0,0,0
fer0024102.png,0,4,0,6,0,0,0,0,0,0
fer0024103.png,3,0,0,6,0,0,0,0,1,0
fer0024104.png,9,0,0,0,0,0,0,0,1,0
fer0024105.png,0,0,9,0,0,0,1,0,0,0
fer0024106.png,0,0,0,9,0,0,1,0,0,0
fer0024107.png,0,10,0,0,0,0,0,0,0,0
fer0024108.png,0,0,6,0,2,1,1,0,0,0
fer0024109.png,0,2,8,0,0,0,0,0,0,0
fer0024110.png,9,0,0,0,0,0,0,0,1,0
fer0024111.png,5,0,0,4,0,0,0,0,1,0
fer0024112.png,4,0,2,0,3,0,0,0,1,0
fer0024113.png,8,0,0,1,0,0,0,1,0,0
fer0024114.png,0,0,0,1,6,0,0,0,3,0
fer0024115.png,0,0,6,0,0,0,4,0,0,0
fer0024116.png,2,0,0,8,0,0,0,0,0,0
fer0024117.png,3,0,3,0,1,0,0,2,1,0
fer0024118.png,0,10,0,0,0,0,0,0,0,0
fer0024119.png,4,0,0,5,0,0,0,0,1,0
fer0024120.png,2,8,0,0,0,0,0,0,0,0
fer0024121.png,7,0,0,2,0,0,0,0,1,0
fer0024122.png,0,0,4,0,4,0,1,0,1,0
fer0024123.png,0,3,4,0,1,0,0,0,2,0
fer0024124.png,1,0,9,0,0,0,0,0,0,0
fer0024125.png,6,4,0,0,0,0,0,0,0,0
fer0024126.png,0,0,0,0,8,0,0,0,2,0
fer0024127.png,1,8,0,0,0,0,0,0,1,0
fer0024128.png,3,0,5,0,0,0,0,0,2,0
fer0024130.png,0,6,0,0,3,0,0,0,1,0
fer0024131.png,2,8,0,0,0,0,0,0,0,0
fer0024132.png,0,0,1,4,5,0,0,0,0,0
fer0024133.png,9,0,0,1,0,0,0,0,0,0
fer0024134.png,2,0,0,6,0,0,0,0,2,0
fer0024135.png,4,0,0,2,2,0,0,0,2,0
fer0024136.png,0,5,3,0,0,0,0,0,2,0
fer0024137.png,0,10,0,0,0,0,0,0,0,0
fer0024138.png,0,10,0,0,0,0,0,0,0,0
fer0024139.png,2,0,8,0,0,0,0,0,0,0
fer0024140.png,2,0,0,7,0,0,0,0,1,0
fer0024141.png,0,10,0,0,0,0,0,0,0,0
fer0024142.png,9,0,0,1,0,0,0,0,0,0
fer0024143.png,0,0,9,0,0,0,1,0,0,0
fer0024144.png,0,1,1,2,0,0,5,0,1,0
fer0024145.png,8,0,0,0,0,0,0,0,2,0
fer0024146.png,0,0,0,10,0,0,0,0,0,0
fer0024147.png,0,2,1,2,0,0,4,0,1,0
fer0024148.png,6,3,0,0,0,0,0,1,0,0
fer0024149.png,0,10,0,0,0,0,0,0,0,0
fer0024150.png,0,0,7,0,0,0,2,0,1,0
fer0024151.png,0,1,5,0,1,0,3,0,0,0
fer0024152.png,1,7,2,0,0,0,0,0,0,0
fer0024153.png,1,0,8,1,0,0,0,0,0,0
fer0024154.png,4,0,0,0,5,0,0,1,0,0
fer0024155.png,4,0,1,5,0,0,0,0,0,0
fer0024156.png,0,0,2,0,7,0,1,0,0,0
fer0024157.png,1,8,0,0,0,0,0,0,1,0
fer0024158.png,9,0,0,0,0,0,0,0,1,0
fer0024159.png,0,1,1,0,7,1,0,0,0,0
fer0024160.png,1,9,0,0,0,0,0,0,0,0
fer0024161.png,8,0,0,2,0,0,0,0,0,0
fer0024162.png,0,9,0,1,0,0,0,0,0,0
fer0024163.png,0,1,2,0,2,1,1,0,3,0
fer0024164.png,0,2,6,0,0,0,2,0,0,0
fer0024165.png,1,9,0,0,0,0,0,0,0,0
fer0024166.png,0,10,0,0,0,0,0,0,0,0
fer0024167.png,0,10,0,0,0,0,0,0,0,0
fer0024168.png,7,0,0,1,0,1,0,0,1,0
fer0024169.png,0,10,0,0,0,0,0,0,0,0
fer0024170.png,4,0,0,1,0,1,0,2,2,0
fer0024171.png,2,0,0,8,0,0,0,0,0,0
fer0024172.png,5,0,0,1,3,0,0,0,1,0
fer0024173.png,0,10,0,0,0,0,0,0,0,0
fer0024174.png,3,0,0,6,0,0,0,0,1,0
fer0024175.png,1,0,8,0,0,0,1,0,0,0
fer0024176.png,9,0,0,0,0,0,0,0,1,0
fer0024177.png,7,0,0,0,1,0,0,0,2,0
fer0024178.png,1,1,6,0,1,0,0,0,1,0
fer0024179.png,0,10,0,0,0,0,0,0,0,0
fer0024180.png,10,0,0,0,0,0,0,0,0,0
fer0024181.png,0,0,4,0,1,1,1,2,1,0
fer0024182.png,0,10,0,0,0,0,0,0,0,0
fer0024183.png,9,0,1,0,0,0,0,0,0,0
fer0024184.png,7,1,0,0,0,0,0,0,2,0
fer0024185.png,1,0,0,9,0,0,0,0,0,0
fer0024186.png,10,0,0,0,0,0,0,0,0,0
fer0024187.png,9,1,0,0,0,0,0,0,0,0
fer0024188.png,0,0,0,0,9,1,0,0,0,0
fer0024189.png,6,0,0,3,0,0,0,0,1,0
fer0024190.png,4,0,0,1,2,1,0,0,2,0
fer0024191.png,0,0,0,10,0,0,0,0,0,0
fer0024192.png,6,0,0,3,0,0,0,0,1,0
fer0024193.png,1,0,0,1,0,5,0,2,1,0
fer0024194.png,4,0,0,1,2,3,0,0,0,0
fer0024195.png,10,0,0,0,0,0,0,0,0,0
fer0024196.png,0,8,2,0,0,0,0,0,0,0
fer0024197.png,0,3,7,0,0,0,0,0,0,0
fer0024198.png,7,0,0,3,0,0,0,0,0,0
fer0024199.png,3,0,0,0,2,2,0,3,0,0
fer0024200.png,0,0,7,0,0,0,2,0,1,0
fer0024201.png,1,9,0,0,0,0,0,0,0,0
fer0024202.png,2,4,2,0,0,0,0,0,2,0
fer0024203.png,2,1,1,0,4,0,0,0,2,0
fer0024204.png,0,0,0,9,1,0,0,0,0,0
fer0024205.png,5,1,0,3,0,0,0,0,1,0
fer0024206.png,0,0,8,0,0,0,2,0,0,0
fer0024207.png,6,0,0,1,0,0,0,0,3,0
fer0024208.png,7,0,0,2,0,0,0,0,1,0
fer0024209.png,0,10,0,0,0,0,0,0,0,0
fer0024210.png,1,0,1,1,0,0,7,0,0,0
fer0024211.png,1,0,7,0,0,0,2,0,0,0
fer0024212.png,0,10,0,0,0,0,0,0,0,0
fer0024213.png,0,10,0,0,0,0,0,0,0,0
fer0024214.png,0,0,0,10,0,0,0,0,0,0
fer0024215.png,0,0,0,0,9,0,0,0,1,0
fer0024216.png,0,10,0,0,0,0,0,0,0,0
fer0024217.png,10,0,0,0,0,0,0,0,0,0
fer0024218.png,1,9,0,0,0,0,0,0,0,0
fer0024219.png,10,0,0,0,0,0,0,0,0,0
fer0024220.png,9,0,0,0,0,0,0,0,1,0
fer0024221.png,10,0,0,0,0,0,0,0,0,0
fer0024222.png,0,1,9,0,0,0,0,0,0,0
fer0024223.png,10,0,0,0,0,0,0,0,0,0
fer0024224.png,1,9,0,0,0,0,0,0,0,0
fer0024225.png,1,0,5,3,0,0,1,0,0,0
fer0024226.png,2,0,4,0,0,0,2,0,2,0
fer0024227.png,1,9,0,0,0,0,0,0,0,0
fer0024228.png,0,10,0,0,0,0,0,0,0,0
fer0024229.png,9,0,0,1,0,0,0,0,0,0
fer0024230.png,0,10,0,0,0,0,0,0,0,0
fer0024231.png,1,0,0,4,3,1,0,0,1,0
fer0024232.png,8,1,0,0,0,0,0,0,1,0
fer0024233.png,1,9,0,0,0,0,0,0,0,0
fer0024234.png,0,0,8,0,0,0,1,0,1,0
fer0024235.png,0,10,0,0,0,0,0,0,0,0
fer0024236.png,0,10,0,0,0,0,0,0,0,0
fer0024237.png,0,10,0,0,0,0,0,0,0,0
fer0024238.png,0,0,9,0,0,0,1,0,0,0
fer0024239.png,0,3,6,0,0,0,0,0,1,0
fer0024240.png,10,0,0,0,0,0,0,0,0,0
fer0024241.png,0,10,0,0,0,0,0,0,0,0
fer0024242.png,1,4,0,0,0,0,0,0,5,0
fer0024243.png,2,3,0,4,0,1,0,0,0,0
fer0024244.png,0,10,0,0,0,0,0,0,0,0
fer0024245.png,7,1,0,1,0,0,0,0,1,0
fer0024246.png,6,0,0,3,0,0,0,0,1,0
fer0024247.png,8,0,1,0,0,0,0,0,1,0
fer0024248.png,1,2,0,4,0,0,1,0,2,0
fer0024249.png,1,1,4,0,0,0,3,0,1,0
fer0024250.png,0,10,0,0,0,0,0,0,0,0
fer0024251.png,2,0,3,4,0,0,1,0,0,0
fer0024252.png,8,0,0,2,0,0,0,0,0,0
fer0024253.png,0,10,0,0,0,0,0,0,0,0
fer0024254.png,8,0,0,1,0,0,0,0,1,0
fer0024255.png,1,9,0,0,0,0,0,0,0,0
fer0024256.png,2,0,0,7,0,1,0,0,0,0
fer0024257.png,0,0,0,10,0,0,0,0,0,0
fer0024258.png,0,0,0,6,4,0,0,0,0,0
fer0024259.png,9,0,0,1,0,0,0,0,0,0
fer0024260.png,9,0,0,0,0,0,0,0,1,0
fer0024261.png,1,0,0,9,0,0,0,0,0,0
fer0024262.png,1,9,0,0,0,0,0,0,0,0
fer0024263.png,0,2,0,0,7,0,0,0,1,0
fer0024264.png,1,0,0,1,6,0,0,0,2,0
fer0024265.png,1,0,0,1,3,3,0,1,1,0
fer0024266.png,0,0,7,0,0,0,1,0,2,0
fer0024267.png,4,0,0,4,0,0,0,1,1,0
fer0024268.png,2,0,0,6,1,0,0,0,1,0
fer0024269.png,1,0,0,8,0,0,0,0,1,0
fer0024270.png,6,0,0,2,0,0,0,1,1,0
fer0024271.png,0,0,1,6,0,0,2,0,1,0
fer0024272.png,0,0,0,10,0,0,0,0,0,0
fer0024273.png,7,0,0,0,1,0,1,1,0,0
fer0024274.png,2,0,0,7,0,0,0,0,1,0
fer0024275.png,10,0,0,0,0,0,0,0,0,0
fer0024276.png,0,0,0,5,0,3,1,0,1,0
fer0024277.png,0,10,0,0,0,0,0,0,0,0
fer0024278.png,0,9,0,0,0,0,0,0,1,0
fer0024279.png,0,0,0,0,7,2,1,0,0,0
fer0024280.png,2,1,0,6,0,0,1,0,0,0
fer0024281.png,1,3,4,0,0,0,0,0,2,0
fer0024282.png,1,0,1,0,7,1,0,0,0,0
fer0024283.png,1,0,3,0,3,0,0,0,3,0
fer0024284.png,1,9,0,0,0,0,0,0,0,0
fer0024285.png,2,8,0,0,0,0,0,0,0,0
fer0024286.png,2,1,0,0,3,1,1,0,2,0
fer0024287.png,7,0,0,1,0,0,0,0,2,0
fer0024288.png,1,0,6,0,0,0,2,0,1,0
fer0024289.png,10,0,0,0,0,0,0,0,0,0
fer0024290.png,1,0,0,7,0,0,0,0,2,0
fer0024291.png,1,7,0,0,0,0,0,1,1,0
fer0024292.png,0,9,1,0,0,0,0,0,0,0
fer0024293.png,0,4,6,0,0,0,0,0,0,0
fer0024294.png,1,9,0,0,0,0,0,0,0,0
fer0024295.png,9,0,1,0,0,0,0,0,0,0
fer0024296.png,10,0,0,0,0,0,0,0,0,0
fer0024297.png,2,0,0,0,1,0,0,3,4,0
fer0024298.png,2,8,0,0,0,0,0,0,0,0
fer0024299.png,10,0,0,0,0,0,0,0,0,0
fer0024300.png,0,0,2,0,8,0,0,0,0,0
fer0024301.png,5,0,0,4,0,0,0,0,1,0
fer0024302.png,0,10,0,0,0,0,0,0,0,0
fer0024303.png,1,4,0,4,0,0,0,0,1,0
fer0024304.png,1,0,0,9,0,0,0,0,0,0
fer0024305.png,0,9,1,0,0,0,0,0,0,0
fer0024306.png,8,0,0,1,0,0,0,1,0,0
fer0024307.png,4,0,0,2,1,0,0,1,2,0
fer0024308.png,0,10,0,0,0,0,0,0,0,0
fer0024309.png,3,0,7,0,0,0,0,0,0,0
fer0024310.png,4,0,0,0,0,0,1,3,2,0
fer0024311.png,0,10,0,0,0,0,0,0,0,0
fer0024312.png,9,0,0,1,0,0,0,0,0,0
fer0024313.png,9,0,0,0,0,0,0,0,1,0
fer0024314.png,1,0,0,9,0,0,0,0,0,0
fer0024315.png,6,0,0,0,3,1,0,0,0,0
fer0024316.png,5,0,0,1,3,0,0,0,1,0
fer0024317.png,2,8,0,0,0,0,0,0,0,0
fer0024318.png,0,10,0,0,0,0,0,0,0,0
fer0024319.png,1,9,0,0,0,0,0,0,0,0
fer0024320.png,0,10,0,0,0,0,0,0,0,0
fer0024321.png,0,0,0,0,9,1,0,0,0,0
fer0024322.png,7,0,0,1,0,0,0,1,1,0
fer0024323.png,0,10,0,0,0,0,0,0,0,0
fer0024324.png,0,0,0,10,0,0,0,0,0,0
fer0024325.png,0,0,5,0,0,0,5,0,0,0
fer0024326.png,0,4,6,0,0,0,0,0,0,0
fer0024327.png,0,0,0,10,0,0,0,0,0,0
fer0024328.png,0,10,0,0,0,0,0,0,0,0
fer0024329.png,0,8,2,0,0,0,0,0,0,0
fer0024330.png,5,0,0,5,0,0,0,0,0,0
fer0024331.png,1,9,0,0,0,0,0,0,0,0
fer0024332.png,1,9,0,0,0,0,0,0,0,0
fer0024333.png,0,10,0,0,0,0,0,0,0,0
fer0024334.png,0,0,0,0,6,4,0,0,0,0
fer0024335.png,10,0,0,0,0,0,0,0,0,0
fer0024336.png,0,0,10,0,0,0,0,0,0,0
fer0024337.png,0,10,0,0,0,0,0,0,0,0
fer0024338.png,0,0,0,0,10,0,0,0,0,0
fer0024339.png,0,2,0,1,4,1,0,0,2,0
fer0024340.png,0,2,0,0,6,0,1,0,1,0
fer0024341.png,0,10,0,0,0,0,0,0,0,0
fer0024342.png,5,0,3,0,0,0,0,0,2,0
fer0024343.png,3,0,0,5,0,0,0,0,2,0
fer0024344.png,4,0,5,0,0,1,0,0,0,0
fer0024345.png,1,0,0,0,9,0,0,0,0,0
fer0024346.png,1,0,4,0,0,0,4,0,1,0
fer0024347.png,0,10,0,0,0,0,0,0,0,0
fer0024348.png,1,7,0,0,0,1,0,0,1,0
fer0024349.png,0,0,9,0,0,0,0,0,1,0
fer0024350.png,0,0,0,2,5,1,0,2,0,0
fer0024351.png,0,0,9,0,0,0,1,0,0,0
fer0024352.png,3,0,0,6,0,0,0,0,1,0
fer0024353.png,1,0,3,0,3,0,2,0,1,0
fer0024354.png,0,10,0,0,0,0,0,0,0,0
fer0024355.png,3,0,0,4,0,1,0,0,2,0
fer0024356.png,0,10,0,0,0,0,0,0,0,0
fer0024357.png,3,0,2,0,0,0,4,0,1,0
fer0024358.png,6,0,0,3,0,0,0,0,1,0
fer0024359.png,0,1,0,9,0,0,0,0,0,0
fer0024360.png,0,0,0,3,0,0,5,0,2,0
fer0024361.png,0,6,4,0,0,0,0,0,0,0
fer0024362.png,9,0,0,0,0,0,0,0,1,0
fer0024363.png,0,4,6,0,0,0,0,0,0,0
fer0024364.png,0,8,0,0,1,1,0,0,0,0
fer0024365.png,0,0,2,1,0,0,7,0,0,0
fer0024366.png,3,0,1,0,4,0,0,1,1,0
fer0024367.png,0,10,0,0,0,0,0,0,0,0
fer0024368.png,0,0,0,0,9,0,0,0,1,0
fer0024369.png,0,2,0,0,6,1,0,0,1,0
fer0024370.png,1,0,6,1,0,0,0,0,2,0
fer0024371.png,1,0,8,0,0,0,1,0,0,0
fer0024372.png,6,0,0,3,0,0,0,0,1,0
fer0024373.png,0,3,1,0,3,0,1,1,1,0
fer0024374.png,6,0,0,3,0,0,0,0,1,0
fer0024375.png,0,2,0,8,0,0,0,0,0,0
fer0024376.png,0,3,5,0,0,0,2,0,0,0
fer0024377.png,1,0,6,1,1,0,0,0,1,0
fer0024378.png,1,6,3,0,0,0,0,0,0,0
fer0024379.png,0,10,0,0,0,0,0,0,0,0
fer0024380.png,8,0,1,0,0,0,0,0,1,0
fer0024381.png,8,0,0,0,1,0,0,0,1,0
fer0024382.png,0,10,0,0,0,0,0,0,0,0
fer0024383.png,1,1,7,0,0,0,0,0,1,0
fer0024384.png,6,0,0,4,0,0,0,0,0,0
fer0024385.png,6,0,0,0,3,0,0,0,1,0
fer0024386.png,2,0,7,0,0,0,0,0,1,0
fer0024387.png,0,10,0,0,0,0,0,0,0,0
fer0024388.png,1,0,0,1,5,2,0,1,0,0
fer0024389.png,0,0,4,0,1,0,5,0,0,0
fer0024390.png,0,2,1,0,5,1,0,0,1,0
fer0024391.png,0,10,0,0,0,0,0,0,0,0
fer0024392.png,2,7,0,0,0,0,0,0,1,0
fer0024393.png,0,0,2,4,0,1,2,0,1,0
fer0024394.png,4,0,0,5,0,0,0,0,1,0
fer0024395.png,6,0,0,3,0,0,0,1,0,0
fer0024396.png,0,9,0,0,0,0,0,0,1,0
fer0024397.png,6,0,0,3,0,0,0,1,0,0
fer0024398.png,0,0,0,5,1,1,2,1,0,0
fer0024399.png,8,0,0,0,0,0,0,1,1,0
fer0024400.png,3,0,0,5,0,0,0,1,1,0
fer0024401.png,0,10,0,0,0,0,0,0,0,0
fer0024402.png,0,10,0,0,0,0,0,0,0,0
fer0024403.png,1,2,1,3,2,0,0,0,1,0
fer0024404.png,3,0,0,7,0,0,0,0,0,0
fer0024405.png,0,0,1,0,4,0,5,0,0,0
fer0024406.png,0,0,9,0,0,0,1,0,0,0
fer0024407.png,0,0,1,0,9,0,0,0,0,0
fer0024408.png,5,0,0,3,2,0,0,0,0,0
fer0024409.png,0,10,0,0,0,0,0,0,0,0
fer0024410.png,4,0,0,6,0,0,0,0,0,0
fer0024411.png,5,0,0,5,0,0,0,0,0,0
fer0024412.png,3,0,0,5,0,0,0,0,2,0
fer0024413.png,0,10,0,0,0,0,0,0,0,0
fer0024414.png,9,0,0,0,0,0,0,1,0,0
fer0024415.png,1,0,6,0,0,0,2,0,1,0
fer0024416.png,0,1,0,5,0,0,4,0,0,0
fer0024417.png,2,0,7,0,0,0,1,0,0,0
fer0024418.png,3,0,0,5,0,0,0,0,2,0
fer0024419.png,0,0,2,0,0,1,7,0,0,0
fer0024420.png,1,0,9,0,0,0,0,0,0,0
fer0024421.png,4,5,0,0,0,0,0,0,1,0
fer0024422.png,0,1,0,0,9,0,0,0,0,0
fer0024423.png,0,0,9,0,0,0,0,0,1,0
fer0024424.png,1,0,0,7,1,0,0,0,1,0
fer0024425.png,1,5,2,0,1,0,0,0,1,0
fer0024426.png,9,1,0,0,0,0,0,0,0,0
fer0024427.png,2,0,0,2,3,1,1,0,1,0
fer0024428.png,8,0,0,1,0,0,0,0,1,0
fer0024429.png,5,4,0,1,0,0,0,0,0,0
fer0024430.png,5,0,0,2,0,0,1,0,2,0
fer0024431.png,4,0,0,3,0,1,0,1,0,1
fer0024432.png,8,0,1,0,0,0,0,0,1,0
fer0024433.png,0,10,0,0,0,0,0,0,0,0
fer0024434.png,0,10,0,0,0,0,0,0,0,0
fer0024435.png,0,0,1,0,6,0,1,0,2,0
fer0024436.png,0,10,0,0,0,0,0,0,0,0
fer0024437.png,1,0,0,7,1,1,0,0,0,0
fer0024438.png,1,0,1,7,0,1,0,0,0,0
fer0024439.png,1,0,5,1,0,0,2,0,1,0
fer0024440.png,0,10,0,0,0,0,0,0,0,0
fer0024441.png,0,0,3,0,4,0,3,0,0,0
fer0024442.png,0,0,2,0,7,1,0,0,0,0
fer0024443.png,9,0,0,1,0,0,0,0,0,0
fer0024444.png,1,0,0,6,0,0,0,1,2,0
fer0024445.png,0,10,0,0,0,0,0,0,0,0
fer0024446.png,0,10,0,0,0,0,0,0,0,0
fer0024447.png,0,10,0,0,0,0,0,0,0,0
fer0024448.png,0,0,7,0,0,0,3,0,0,0
fer0024449.png,0,0,10,0,0,0,0,0,0,0
fer0024450.png,0,10,0,0,0,0,0,0,0,0
fer0024451.png,0,10,0,0,0,0,0,0,0,0
fer0024452.png,7,0,0,3,0,0,0,0,0,0
fer0024453.png,8,2,0,0,0,0,0,0,0,0
fer0024454.png,6,0,1,3,0,0,0,0,0,0
fer0024455.png,0,10,0,0,0,0,0,0,0,0
fer0024456.png,0,0,0,9,0,0,0,0,1,0
fer0024457.png,7,0,0,3,0,0,0,0,0,0
fer0024458.png,0,9,1,0,0,0,0,0,0,0
fer0024459.png,0,10,0,0,0,0,0,0,0,0
fer0024460.png,0,0,8,0,0,0,1,0,1,0
fer0024461.png,2,8,0,0,0,0,0,0,0,0
fer0024462.png,6,0,0,2,0,0,1,0,1,0
fer0024463.png,0,10,0,0,0,0,0,0,0,0
fer0024464.png,0,10,0,0,0,0,0,0,0,0
fer0024465.png,6,0,0,1,0,0,0,1,2,0
fer0024466.png,10,0,0,0,0,0,0,0,0,0
fer0024467.png,0,10,0,0,0,0,0,0,0,0
fer0024468.png,1,8,0,0,0,0,0,0,1,0
fer0024469.png,3,0,0,4,0,0,0,0,3,0
fer0024470.png,0,0,1,1,0,0,7,0,1,0
fer0024471.png,1,0,0,8,0,0,0,0,1,0
fer0024472.png,0,10,0,0,0,0,0,0,0,0
fer0024473.png,2,8,0,0,0,0,0,0,0,0
fer0024474.png,9,0,0,0,0,0,0,0,1,0
fer0024475.png,7,0,0,3,0,0,0,0,0,0
fer0024476.png,5,0,0,0,0,0,0,4,1,0
fer0024477.png,0,10,0,0,0,0,0,0,0,0
fer0024478.png,8,0,0,2,0,0,0,0,0,0
fer0024479.png,1,0,0,0,7,1,0,0,1,0
fer0024480.png,3,0,1,0,2,0,0,1,3,0
fer0024481.png,1,0,1,6,2,0,0,0,0,0
fer0024482.png,0,0,0,9,0,1,0,0,0,0
fer0024483.png,1,6,0,0,0,0,0,0,3,0
fer0024484.png,5,0,0,4,0,0,0,0,1,0
fer0024485.png,9,0,0,0,1,0,0,0,0,0
fer0024486.png,8,0,0,0,0,0,0,0,2,0
fer0024487.png,4,0,0,4,0,0,0,0,2,0
fer0024488.png,10,0,0,0,0,0,0,0,0,0
fer0024489.png,6,0,0,3,0,0,0,0,1,0
fer0024490.png,0,0,10,0,0,0,0,0,0,0
fer0024491.png,0,3,1,0,4,1,0,0,1,0
fer0024492.png,2,1,0,3,0,0,4,0,0,0
fer0024493.png,9,0,0,1,0,0,0,0,0,0
fer0024494.png,0,0,7,1,0,0,1,0,1,0
fer0024495.png,0,6,4,0,0,0,0,0,0,0
fer0024496.png,0,10,0,0,0,0,0,0,0,0
fer0024497.png,0,10,0,0,0,0,0,0,0,0
fer0024498.png,0,10,0,0,0,0,0,0,0,0
fer0024499.png,1,0,6,0,0,0,1,0,2,0
fer0024500.png,0,10,0,0,0,0,0,0,0,0
fer0024501.png,9,0,0,1,0,0,0,0,0,0
fer0024502.png,1,4,4,0,0,0,1,0,0,0
fer0024503.png,3,0,0,3,4,0,0,0,0,0
fer0024504.png,6,0,0,1,2,0,0,0,1,0
fer0024505.png,2,0,1,3,0,0,4,0,0,0
fer0024506.png,8,0,0,0,1,0,0,1,0,0
fer0024507.png,1,8,0,0,0,0,0,1,0,0
fer0024508.png,6,0,1,2,0,0,0,0,1,0
fer0024509.png,1,9,0,0,0,0,0,0,0,0
fer0024510.png,10,0,0,0,0,0,0,0,0,0
fer0024511.png,1,6,1,0,0,0,0,0,2,0
fer0024512.png,5,5,0,0,0,0,0,0,0,0
fer0024513.png,2,0,2,3,2,1,0,0,0,0
fer0024514.png,4,0,0,5,0,0,0,0,1,0
fer0024515.png,0,0,0,0,4,4,0,1,1,0
fer0024516.png,1,0,0,6,0,0,3,0,0,0
fer0024517.png,5,1,0,0,0,0,0,0,4,0
fer0024518.png,9,0,0,1,0,0,0,0,0,0
fer0024519.png,1,0,0,8,0,0,0,0,1,0
fer0024520.png,5,0,0,2,2,0,0,0,1,0
fer0024521.png,0,1,8,0,0,0,1,0,0,0
fer0024522.png,0,10,0,0,0,0,0,0,0,0
fer0024523.png,0,0,0,7,3,0,0,0,0,0
fer0024524.png,1,1,7,0,0,0,1,0,0,0
fer0024525.png,5,0,0,0,0,0,0,0,5,0
fer0024526.png,1,0,8,0,0,0,1,0,0,0
fer0024527.png,0,10,0,0,0,0,0,0,0,0
fer0024528.png,1,1,0,3,0,1,0,0,4,0
fer0024529.png,0,1,1,1,6,0,0,0,1,0
fer0024531.png,0,0,9,0,0,0,0,0,1,0
fer0024532.png,3,0,0,6,0,0,0,0,1,0
fer0024533.png,0,10,0,0,0,0,0,0,0,0
fer0024534.png,4,0,2,0,0,0,0,3,1,0
fer0024535.png,2,0,0,5,1,0,0,0,2,0
fer0024536.png,1,1,6,0,0,0,1,0,1,0
fer0024537.png,0,9,1,0,0,0,0,0,0,0
fer0024538.png,0,0,8,0,0,0,1,0,1,0
fer0024539.png,1,8,0,0,0,0,0,0,1,0
fer0024540.png,1,0,4,0,0,0,5,0,0,0
fer0024541.png,8,0,0,0,1,0,0,0,1,0
fer0024542.png,1,9,0,0,0,0,0,0,0,0
fer0024543.png,3,0,0,6,0,0,0,0,1,0
fer0024544.png,0,10,0,0,0,0,0,0,0,0
fer0024545.png,8,0,0,0,0,0,0,1,1,0
fer0024546.png,0,10,0,0,0,0,0,0,0,0
fer0024547.png,7,0,0,3,0,0,0,0,0,0
fer0024548.png,7,1,0,0,0,0,0,1,1,0
fer0024549.png,0,1,0,0,8,0,1,0,0,0
fer0024550.png,5,1,0,0,0,1,0,1,2,0
fer0024551.png,0,10,0,0,0,0,0,0,0,0
fer0024552.png,4,0,0,3,0,0,0,0,2,1
fer0024553.png,2,1,5,0,0,1,1,0,0,0
fer0024554.png,6,0,4,0,0,0,0,0,0,0
fer0024555.png,3,0,0,4,0,0,0,0,3,0
fer0024556.png,6,0,0,2,0,0,0,1,1,0
fer0024557.png,2,0,5,0,2,0,0,0,1,0
fer0024558.png,1,0,4,1,0,0,3,0,1,0
fer0024559.png,0,0,3,0,7,0,0,0,0,0
fer0024560.png,8,1,0,0,0,0,0,1,0,0
fer0024561.png,8,0,0,0,1,0,0,0,1,0
fer0024562.png,0,4,0,4,0,0,2,0,0,0
fer0024563.png,8,0,0,0,0,0,0,0,2,0
fer0024564.png,1,0,1,4,0,0,1,1,2,0
fer0024565.png,1,9,0,0,0,0,0,0,0,0
fer0024566.png,2,0,0,5,0,0,0,2,1,0
fer0024567.png,7,2,0,1,0,0,0,0,0,0
fer0024568.png,8,0,0,1,0,0,0,0,1,0
fer0024569.png,1,0,6,0,0,0,3,0,0,0
fer0024570.png,0,10,0,0,0,0,0,0,0,0
fer0024571.png,0,1,0,6,1,0,1,1,0,0
fer0024572.png,5,0,0,4,1,0,0,0,0,0
fer0024573.png,6,0,0,1,0,0,0,0,3,0
fer0024574.png,0,0,8,0,2,0,0,0,0,0
fer0024575.png,0,1,0,9,0,0,0,0,0,0
fer0024576.png,2,0,1,2,1,2,1,0,1,0
fer0024577.png,5,0,0,5,0,0,0,0,0,0
fer0024578.png,0,1,2,1,0,0,6,0,0,0
fer0024579.png,0,10,0,0,0,0,0,0,0,0
fer0024580.png,0,0,0,10,0,0,0,0,0,0
fer0024581.png,7,0,1,0,1,0,0,0,1,0
fer0024582.png,8,0,0,1,0,0,0,0,1,0
fer0024583.png,4,0,3,0,0,0,1,0,2,0
fer0024584.png,2,0,4,1,0,1,1,1,0,0
fer0024585.png,0,10,0,0,0,0,0,0,0,0
fer0024586.png,1,0,0,9,0,0,0,0,0,0
fer0024587.png,0,0,1,0,8,0,1,0,0,0
fer0024588.png,0,0,0,3,4,3,0,0,0,0
fer0024589.png,0,10,0,0,0,0,0,0,0,0
fer0024590.png,0,0,6,0,0,0,4,0,0,0
fer0024591.png,1,0,0,0,9,0,0,0,0,0
fer0024592.png,0,0,1,1,0,0,8,0,0,0
fer0024593.png,0,10,0,0,0,0,0,0,0,0
fer0024594.png,3,2,1,0,0,0,0,2,2,0
fer0024595.png,10,0,0,0,0,0,0,0,0,0
fer0024596.png,0,0,0,8,2,0,0,0,0,0
fer0024597.png,4,0,0,1,1,0,1,1,2,0
fer0024598.png,9,0,0,1,0,0,0,0,0,0
fer0024599.png,0,8,2,0,0,0,0,0,0,0
fer0024600.png,1,6,2,1,0,0,0,0,0,0
fer0024601.png,8,0,0,2,0,0,0,0,0,0
fer0024602.png,0,10,0,0,0,0,0,0,0,0
fer0024603.png,9,0,0,0,0,0,0,0,1,0
fer0024604.png,6,0,0,4,0,0,0,0,0,0
fer0024605.png,0,0,7,0,1,0,1,0,1,0
fer0024606.png,0,0,0,0,0,0,9,0,1,0
fer0024607.png,0,10,0,0,0,0,0,0,0,0
fer0024608.png,0,10,0,0,0,0,0,0,0,0
fer0024609.png,0,10,0,0,0,0,0,0,0,0
fer0024610.png,4,0,0,2,0,0,0,4,0,0
fer0024611.png,0,0,0,8,0,0,2,0,0,0
fer0024612.png,6,0,0,0,1,0,0,2,1,0
fer0024613.png,8,0,0,1,1,0,0,0,0,0
fer0024614.png,6,0,0,3,0,1,0,0,0,0
fer0024615.png,1,0,0,0,9,0,0,0,0,0
fer0024616.png,9,0,0,1,0,0,0,0,0,0
fer0024617.png,1,6,0,3,0,0,0,0,0,0
fer0024618.png,4,0,0,6,0,0,0,0,0,0
fer0024619.png,8,0,0,1,1,0,0,0,0,0
fer0024620.png,1,0,2,0,7,0,0,0,0,0
fer0024621.png,6,0,0,1,0,0,0,1,2,0
fer0024622.png,0,5,3,0,1,0,1,0,0,0
fer0024623.png,2,1,1,0,4,0,0,0,2,0
fer0024624.png,0,0,2,0,4,0,4,0,0,0
fer0024625.png,0,0,5,0,0,1,4,0,0,0
fer0024626.png,0,0,0,10,0,0,0,0,0,0
fer0024627.png,0,0,0,0,8,0,0,2,0,0
fer0024628.png,2,0,0,6,1,1,0,0,0,0
fer0024629.png,0,10,0,0,0,0,0,0,0,0
fer0024630.png,8,0,0,2,0,0,0,0,0,0
fer0024631.png,0,0,2,0,7,0,1,0,0,0
fer0024632.png,2,7,0,0,0,0,0,1,0,0
fer0024633.png,3,0,0,3,2,1,0,0,1,0
fer0024634.png,7,0,0,0,1,0,0,0,2,0
fer0024635.png,9,0,0,1,0,0,0,0,0,0
fer0024636.png,2,6,0,0,0,1,1,0,0,0
fer0024637.png,7,0,0,1,2,0,0,0,0,0
fer0024638.png,9,0,0,1,0,0,0,0,0,0
fer0024639.png,1,0,2,2,0,0,4,0,1,0
fer0024640.png,7,0,0,0,0,0,0,1,2,0
fer0024641.png,0,0,0,0,9,0,0,0,1,0
fer0024642.png,1,0,8,0,0,0,1,0,0,0
fer0024643.png,6,0,0,2,0,0,0,1,1,0
fer0024644.png,9,0,0,0,0,0,0,1,0,0
fer0024645.png,0,2,1,0,2,2,1,0,2,0
fer0024646.png,1,9,0,0,0,0,0,0,0,0
fer0024647.png,1,0,0,9,0,0,0,0,0,0
fer0024648.png,1,0,0,2,2,1,0,1,3,0
fer0024649.png,1,1,0,8,0,0,0,0,0,0
fer0024650.png,4,0,0,0,4,0,0,0,2,0
fer0024651.png,2,0,8,0,0,0,0,0,0,0
fer0024652.png,0,0,0,0,9,0,0,0,1,0
fer0024653.png,0,0,0,0,9,1,0,0,0,0
fer0024654.png,5,0,0,4,0,1,0,0,0,0
fer0024655.png,1,9,0,0,0,0,0,0,0,0
fer0024656.png,7,0,0,2,0,0,0,0,1,0
fer0024657.png,1,7,0,0,0,0,0,1,1,0
fer0024658.png,3,0,4,0,0,0,1,0,2,0
fer0024659.png,9,0,0,1,0,0,0,0,0,0
fer0024660.png,0,9,0,0,0,0,1,0,0,0
fer0024661.png,6,0,0,4,0,0,0,0,0,0
fer0024662.png,7,1,0,1,0,0,0,1,0,0
fer0024663.png,0,0,8,0,0,0,2,0,0,0
fer0024664.png,8,2,0,0,0,0,0,0,0,0
fer0024665.png,0,9,1,0,0,0,0,0,0,0
fer0024666.png,5,0,0,4,0,0,0,0,1,0
fer0024667.png,1,0,9,0,0,0,0,0,0,0
fer0024668.png,9,0,0,0,0,0,0,0,1,0
fer0024669.png,0,10,0,0,0,0,0,0,0,0
fer0024670.png,6,0,0,3,0,0,0,0,1,0
fer0024671.png,0,0,0,7,0,0,0,0,3,0
fer0024672.png,1,0,9,0,0,0,0,0,0,0
fer0024673.png,0,0,0,9,1,0,0,0,0,0
fer0024674.png,9,1,0,0,0,0,0,0,0,0
fer0024675.png,7,0,0,0,1,0,0,0,2,0
fer0024676.png,5,0,0,1,0,2,0,0,2,0
fer0024677.png,7,0,0,3,0,0,0,0,0,0
fer0024678.png,0,10,0,0,0,0,0,0,0,0
fer0024679.png,2,0,0,1,4,0,0,1,2,0
fer0024680.png,0,10,0,0,0,0,0,0,0,0
fer0024681.png,1,0,0,9,0,0,0,0,0,0
fer0024682.png,7,0,1,0,1,0,0,0,1,0
fer0024683.png,0,0,6,0,0,0,4,0,0,0
fer0024684.png,0,10,0,0,0,0,0,0,0,0
fer0024685.png,1,8,0,0,1,0,0,0,0,0
fer0024686.png,6,0,0,0,2,0,0,1,1,0
fer0024687.png,5,1,0,2,0,0,0,0,2,0
fer0024688.png,0,10,0,0,0,0,0,0,0,0
fer0024689.png,0,10,0,0,0,0,0,0,0,0
fer0024690.png,1,0,0,8,0,0,1,0,0,0
fer0024691.png,0,1,8,0,0,0,1,0,0,0
fer0024692.png,0,0,8,0,0,0,0,0,2,0
fer0024693.png,0,0,9,0,0,0,1,0,0,0
fer0024694.png,4,0,0,4,0,0,0,1,1,0
fer0024695.png,0,0,9,0,0,0,0,1,0,0
fer0024696.png,5,0,2,0,1,1,0,0,1,0
fer0024697.png,4,0,0,5,0,0,0,0,1,0
fer0024698.png,0,10,0,0,0,0,0,0,0,0
fer0024699.png,8,0,0,1,0,0,0,0,1,0
fer0024700.png,0,0,2,1,0,1,6,0,0,0
fer0024701.png,1,9,0,0,0,0,0,0,0,0
fer0024702.png,0,9,0,0,0,0,0,0,1,0
fer0024703.png,0,0,0,8,0,0,2,0,0,0
fer0024704.png,2,2,0,0,3,1,1,0,1,0
fer0024705.png,4,5,0,0,0,0,0,0,1,0
fer0024706.png,0,8,2,0,0,0,0,0,0,0
fer0024707.png,8,0,0,0,2,0,0,0,0,0
fer0024708.png,0,0,4,1,0,0,5,0,0,0
fer0024709.png,3,5,1,0,0,0,0,0,1,0
fer0024710.png,3,0,0,4,2,0,0,0,1,0
fer0024711.png,4,0,0,1,0,0,0,1,4,0
fer0024712.png,0,10,0,0,0,0,0,0,0,0
fer0024713.png,1,0,0,7,0,1,0,1,0,0
fer0024714.png,0,10,0,0,0,0,0,0,0,0
fer0024715.png,0,0,0,10,0,0,0,0,0,0
fer0024716.png,9,0,0,0,0,0,0,0,1,0
fer0024717.png,7,0,0,3,0,0,0,0,0,0
fer0024718.png,2,8,0,0,0,0,0,0,0,0
fer0024719.png,3,0,0,5,0,0,0,0,2,0
fer0024720.png,0,10,0,0,0,0,0,0,0,0
fer0024721.png,8,0,0,2,0,0,0,0,0,0
fer0024722.png,10,0,0,0,0,0,0,0,0,0
fer0024723.png,0,8,0,2,0,0,0,0,0,0
fer0024724.png,0,0,2,0,0,0,8,0,0,0
fer0024725.png,8,0,0,0,2,0,0,0,0,0
fer0024726.png,5,0,0,0,5,0,0,0,0,0
fer0024727.png,4,0,0,5,0,0,0,0,1,0
fer0024728.png,1,0,1,1,5,0,0,0,2,0
fer0024729.png,0,4,5,0,0,0,1,0,0,0
fer0024730.png,0,0,8,1,0,0,1,0,0,0
fer0024731.png,6,4,0,0,0,0,0,0,0,0
fer0024732.png,1,2,6,0,0,0,0,0,1,0
fer0024733.png,3,0,0,5,2,0,0,0,0,0
fer0024734.png,0,0,0,0,10,0,0,0,0,0
fer0024735.png,0,10,0,0,0,0,0,0,0,0
fer0024736.png,0,0,3,0,0,0,7,0,0,0
fer0024737.png,7,0,0,1,0,0,0,1,1,0
fer0024738.png,2,0,0,7,0,0,0,0,1,0
fer0024739.png,4,2,0,0,0,2,0,0,2,0
fer0024740.png,5,1,1,1,0,0,1,0,1,0
fer0024741.png,7,0,0,0,3,0,0,0,0,0
fer0024742.png,1,9,0,0,0,0,0,0,0,0
fer0024743.png,2,0,8,0,0,0,0,0,0,0
fer0024744.png,4,1,0,1,0,0,0,0,4,0
fer0024745.png,3,0,0,5,0,0,0,0,2,0
fer0024746.png,0,0,9,0,0,0,1,0,0,0
fer0024747.png,8,0,0,0,2,0,0,0,0,0
fer0024748.png,2,0,4,2,0,0,1,0,1,0
fer0024749.png,2,0,0,7,0,0,0,0,1,0
fer0024750.png,8,0,0,1,0,0,0,0,1,0
fer0024751.png,6,1,0,2,0,0,0,0,1,0
fer0024752.png,9,0,0,0,0,0,0,0,1,0
fer0024753.png,0,0,9,0,0,0,1,0,0,0
fer0024754.png,0,9,0,0,0,0,0,0,1,0
fer0024755.png,5,0,0,3,1,0,0,0,0,1
fer0024756.png,6,0,0,1,2,0,0,1,0,0
fer0024757.png,8,0,0,0,0,0,0,0,2,0
fer0024758.png,4,0,0,3,0,0,0,1,2,0
fer0024759.png,1,0,0,6,0,0,0,0,3,0
fer0024760.png,0,9,0,0,0,0,0,1,0,0
fer0024761.png,8,0,0,0,1,0,0,0,1,0
fer0024762.png,1,0,4,2,0,1,0,0,2,0
fer0024763.png,1,1,3,0,5,0,0,0,0,0
fer0024764.png,5,0,0,5,0,0,0,0,0,0
fer0024765.png,0,9,0,0,0,0,0,0,1,0
fer0024766.png,2,0,0,8,0,0,0,0,0,0
fer0024767.png,2,1,0,1,1,2,0,1,2,0
fer0024768.png,2,0,4,1,0,0,1,0,2,0
fer0024769.png,0,9,1,0,0,0,0,0,0,0
fer0024770.png,0,10,0,0,0,0,0,0,0,0
fer0024771.png,2,8,0,0,0,0,0,0,0,0
fer0024772.png,1,0,8,0,0,0,1,0,0,0
fer0024773.png,1,0,8,0,0,0,1,0,0,0
fer0024774.png,2,0,7,0,0,0,1,0,0,0
fer0024775.png,5,0,0,1,0,3,0,0,1,0
fer0024776.png,7,1,0,0,0,0,0,2,0,0
fer0024777.png,0,10,0,0,0,0,0,0,0,0
fer0024778.png,0,10,0,0,0,0,0,0,0,0
fer0024779.png,2,0,0,4,0,0,1,0,3,0
fer0024780.png,0,10,0,0,0,0,0,0,0,0
fer0024781.png,7,1,0,0,0,0,0,0,2,0
fer0024782.png,0,8,0,1,0,0,0,0,1,0
fer0024783.png,6,1,0,2,1,0,0,0,0,0
fer0024784.png,3,0,0,1,3,0,0,0,3,0
fer0024785.png,1,0,9,0,0,0,0,0,0,0
fer0024786.png,1,0,3,0,0,0,4,0,2,0
fer0024787.png,0,0,8,0,0,0,1,0,1,0
fer0024788.png,2,0,6,0,0,0,0,0,2,0
fer0024789.png,0,0,9,1,0,0,0,0,0,0
fer0024790.png,10,0,0,0,0,0,0,0,0,0
fer0024791.png,2,0,0,0,6,1,0,0,1,0
fer0024792.png,10,0,0,0,0,0,0,0,0,0
fer0024793.png,1,0,0,2,7,0,0,0,0,0
fer0024794.png,10,0,0,0,0,0,0,0,0,0
fer0024795.png,5,0,3,1,0,0,0,0,1,0
fer0024796.png,0,10,0,0,0,0,0,0,0,0
fer0024797.png,2,0,0,2,2,2,0,0,2,0
fer0024798.png,0,10,0,0,0,0,0,0,0,0
fer0024799.png,1,9,0,0,0,0,0,0,0,0
fer0024800.png,10,0,0,0,0,0,0,0,0,0
fer0024801.png,0,10,0,0,0,0,0,0,0,0
fer0024802.png,3,0,0,6,0,0,0,0,1,0
fer0024803.png,3,0,0,4,3,0,0,0,0,0
fer0024804.png,0,9,0,0,0,0,0,0,1,0
fer0024805.png,7,0,0,2,0,0,0,0,1,0
fer0024806.png,7,0,0,3,0,0,0,0,0,0
fer0024807.png,2,0,0,0,7,0,0,0,1,0
fer0024808.png,5,0,0,3,0,0,0,0,2,0
fer0024809.png,0,10,0,0,0,0,0,0,0,0
fer0024810.png,6,0,0,3,0,0,0,1,0,0
fer0024811.png,1,9,0,0,0,0,0,0,0,0
fer0024812.png,0,10,0,0,0,0,0,0,0,0
fer0024813.png,0,3,5,0,0,0,1,0,1,0
fer0024814.png,7,0,0,3,0,0,0,0,0,0
fer0024815.png,6,0,0,4,0,0,0,0,0,0
fer0024816.png,7,0,0,0,2,0,0,0,1,0
fer0024817.png,4,0,0,5,0,0,0,0,1,0
fer0024818.png,5,0,0,3,0,0,0,1,1,0
fer0024819.png,6,0,0,1,1,1,0,0,1,0
fer0024820.png,0,2,0,0,7,0,1,0,0,0
fer0024821.png,2,4,0,2,0,0,0,2,0,0
fer0024822.png,9,0,0,0,1,0,0,0,0,0
fer0024823.png,1,0,0,7,0,1,0,1,0,0
fer0024824.png,1,0,1,2,0,0,5,0,1,0
fer0024825.png,0,10,0,0,0,0,0,0,0,0
fer0024826.png,0,10,0,0,0,0,0,0,0,0
fer0024827.png,0,1,8,0,0,0,0,0,1,0
fer0024828.png,2,2,5,0,0,0,1,0,0,0
fer0024829.png,5,4,0,0,0,0,0,1,0,0
fer0024830.png,5,0,0,5,0,0,0,0,0,0
fer0024831.png,2,0,0,0,4,3,0,0,1,0
fer0024832.png,0,6,3,0,1,0,0,0,0,0
fer0024833.png,1,0,9,0,0,0,0,0,0,0
fer0024834.png,7,0,1,0,1,0,0,0,1,0
fer0024835.png,0,0,8,0,0,0,1,0,1,0
fer0024836.png,0,10,0,0,0,0,0,0,0,0
fer0024837.png,8,1,0,0,0,0,0,0,1,0
fer0024838.png,0,0,0,0,8,1,0,0,1,0
fer0024839.png,1,9,0,0,0,0,0,0,0,0
fer0024840.png,2,8,0,0,0,0,0,0,0,0
fer0024841.png,0,0,0,10,0,0,0,0,0,0
fer0024842.png,0,10,0,0,0,0,0,0,0,0
fer0024843.png,6,0,0,2,0,0,0,0,2,0
fer0024844.png,1,0,1,0,8,0,0,0,0,0
fer0024845.png,6,0,0,3,1,0,0,0,0,0
fer0024846.png,1,9,0,0,0,0,0,0,0,0
fer0024847.png,8,0,0,1,0,0,0,0,1,0
fer0024848.png,10,0,0,0,0,0,0,0,0,0
fer0024849.png,0,8,0,0,0,0,1,0,1,0
fer0024850.png,3,0,1,4,0,0,0,0,2,0
fer0024851.png,0,0,2,3,0,0,4,1,0,0
fer0024852.png,3,0,0,6,0,0,0,0,1,0
fer0024853.png,0,0,0,9,0,1,0,0,0,0
fer0024854.png,1,7,0,0,0,0,0,1,1,0
fer0024855.png,0,1,1,1,4,0,2,0,1,0
fer0024856.png,2,0,0,2,6,0,0,0,0,0
fer0024857.png,1,0,7,0,0,1,1,0,0,0
fer0024858.png,2,0,8,0,0,0,0,0,0,0
fer0024859.png,6,0,0,2,2,0,0,0,0,0
fer0024860.png,0,8,0,0,0,0,0,0,2,0
fer0024861.png,1,0,2,1,3,1,0,0,2,0
fer0024862.png,2,0,0,8,0,0,0,0,0,0
fer0024863.png,0,7,0,2,0,0,0,1,0,0
fer0024864.png,0,0,9,0,0,0,1,0,0,0
fer0024865.png,0,9,0,0,0,0,0,0,1,0
fer0024866.png,2,0,5,0,0,0,1,0,2,0
fer0024867.png,5,0,0,3,1,0,0,0,1,0
fer0024868.png,0,9,0,0,0,0,0,0,1,0
fer0024869.png,0,10,0,0,0,0,0,0,0,0
fer0024870.png,0,10,0,0,0,0,0,0,0,0
fer0024871.png,1,9,0,0,0,0,0,0,0,0
fer0024872.png,6,0,0,3,0,0,0,0,1,0
fer0024873.png,5,0,0,4,0,0,0,0,1,0
fer0024874.png,10,0,0,0,0,0,0,0,0,0
fer0024875.png,6,0,0,2,1,0,0,0,1,0
fer0024876.png,8,0,0,1,1,0,0,0,0,0
fer0024877.png,5,3,0,0,0,0,0,0,2,0
fer0024878.png,0,10,0,0,0,0,0,0,0,0
fer0024879.png,0,10,0,0,0,0,0,0,0,0
fer0024880.png,0,10,0,0,0,0,0,0,0,0
fer0024881.png,6,0,0,4,0,0,0,0,0,0
fer0024882.png,0,10,0,0,0,0,0,0,0,0
fer0024883.png,1,2,0,7,0,0,0,0,0,0
fer0024884.png,9,0,1,0,0,0,0,0,0,0
fer0024885.png,0,9,0,0,0,0,0,0,1,0
fer0024886.png,1,0,0,0,0,0,0,9,0,0
fer0024887.png,0,10,0,0,0,0,0,0,0,0
fer0024888.png,2,0,8,0,0,0,0,0,0,0
fer0024889.png,5,0,0,4,0,0,0,0,1,0
fer0024890.png,6,0,0,2,1,0,0,0,1,0
fer0024891.png,2,0,1,5,0,0,0,1,1,0
fer0024892.png,1,1,0,5,2,0,1,0,0,0
fer0024893.png,0,9,0,0,0,0,0,0,1,0
fer0024894.png,1,3,6,0,0,0,0,0,0,0
fer0024895.png,2,0,5,0,1,0,0,0,2,0
fer0024896.png,9,1,0,0,0,0,0,0,0,0
fer0024897.png,7,1,0,0,0,0,0,1,1,0
fer0024898.png,10,0,0,0,0,0,0,0,0,0
fer0024899.png,2,0,5,1,0,0,1,0,1,0
fer0024900.png,2,0,0,6,0,0,0,1,1,0
fer0024901.png,0,10,0,0,0,0,0,0,0,0
fer0024902.png,1,9,0,0,0,0,0,0,0,0
fer0024903.png,4,0,0,0,3,0,0,0,3,0
fer0024904.png,6,0,0,2,0,0,0,0,2,0
fer0024905.png,0,9,0,0,0,0,0,0,1,0
fer0024906.png,0,0,7,0,1,1,0,0,1,0
fer0024908.png,5,3,1,0,0,0,0,1,0,0
fer0024909.png,0,10,0,0,0,0,0,0,0,0
fer0024910.png,9,1,0,0,0,0,0,0,0,0
fer0024911.png,0,9,0,0,0,0,0,0,1,0
fer0024912.png,0,10,0,0,0,0,0,0,0,0
fer0024913.png,4,0,0,1,0,1,1,1,2,0
fer0024914.png,4,0,0,5,0,0,0,0,1,0
fer0024915.png,5,0,0,2,0,0,0,2,1,0
fer0024916.png,0,1,0,0,9,0,0,0,0,0
fer0024917.png,8,0,0,0,1,0,0,0,1,0
fer0024918.png,8,0,2,0,0,0,0,0,0,0
fer0024919.png,0,0,0,10,0,0,0,0,0,0
fer0024920.png,0,4,1,2,3,0,0,0,0,0
fer0024921.png,0,0,9,0,0,0,0,0,1,0
fer0024922.png,1,0,0,9,0,0,0,0,0,0
fer0024923.png,5,0,0,0,4,0,0,0,1,0
fer0024924.png,0,7,1,0,0,0,1,0,1,0
fer0024925.png,10,0,0,0,0,0,0,0,0,0
fer0024926.png,8,0,1,1,0,0,0,0,0,0
fer0024927.png,6,0,1,2,0,0,0,0,1,0
fer0024928.png,0,0,0,0,9,1,0,0,0,0
fer0024929.png,8,0,0,2,0,0,0,0,0,0
fer0024930.png,10,0,0,0,0,0,0,0,0,0
fer0024931.png,0,0,10,0,0,0,0,0,0,0
fer0024932.png,0,10,0,0,0,0,0,0,0,0
fer0024933.png,0,10,0,0,0,0,0,0,0,0
fer0024934.png,9,0,0,0,0,0,0,1,0,0
fer0024935.png,2,0,0,4,2,1,0,0,1,0
fer0024936.png,0,0,1,0,9,0,0,0,0,0
fer0024937.png,0,0,1,1,7,0,0,0,1,0
fer0024938.png,0,0,8,1,0,0,1,0,0,0
fer0024939.png,1,9,0,0,0,0,0,0,0,0
fer0024940.png,3,0,1,3,0,0,0,2,1,0
fer0024941.png,0,1,8,0,0,0,1,0,0,0
fer0024942.png,0,10,0,0,0,0,0,0,0,0
fer0024943.png,4,6,0,0,0,0,0,0,0,0
fer0024944.png,6,4,0,0,0,0,0,0,0,0
fer0024945.png,9,0,0,0,0,0,0,0,1,0
fer0024946.png,0,0,7,0,0,0,2,0,1,0
fer0024947.png,0,0,3,1,0,0,6,0,0,0
fer0024948.png,2,7,1,0,0,0,0,0,0,0
fer0024949.png,10,0,0,0,0,0,0,0,0,0
fer0024950.png,5,4,0,0,0,0,0,0,1,0
fer0024951.png,0,0,0,10,0,0,0,0,0,0
fer0024952.png,9,0,0,0,0,0,0,1,0,0
fer0024953.png,0,10,0,0,0,0,0,0,0,0
fer0024954.png,4,0,0,3,0,0,0,0,3,0
fer0024955.png,4,0,0,5,0,0,0,0,1,0
fer0024956.png,0,0,0,10,0,0,0,0,0,0
fer0024957.png,6,0,0,3,0,0,0,0,1,0
fer0024958.png,0,0,10,0,0,0,0,0,0,0
fer0024959.png,0,10,0,0,0,0,0,0,0,0
fer0024960.png,4,0,0,0,4,0,0,0,2,0
fer0024961.png,6,0,0,1,3,0,0,0,0,0
fer0024962.png,1,0,9,0,0,0,0,0,0,0
fer0024963.png,6,0,0,2,0,0,0,1,1,0
fer0024964.png,1,8,1,0,0,0,0,0,0,0
fer0024965.png,9,0,0,0,0,0,0,0,1,0
fer0024966.png,5,4,0,0,0,0,0,0,1,0
fer0024967.png,0,0,6,0,2,0,1,0,1,0
fer0024968.png,10,0,0,0,0,0,0,0,0,0
fer0024969.png,4,5,0,0,0,0,0,0,1,0
fer0024970.png,0,0,0,10,0,0,0,0,0,0
fer0024971.png,0,0,10,0,0,0,0,0,0,0
fer0024972.png,0,0,9,0,0,0,1,0,0,0
fer0024973.png,0,10,0,0,0,0,0,0,0,0
fer0024974.png,0,0,0,10,0,0,0,0,0,0
fer0024975.png,0,10,0,0,0,0,0,0,0,0
fer0024976.png,8,0,2,0,0,0,0,0,0,0
fer0024977.png,10,0,0,0,0,0,0,0,0,0
fer0024978.png,4,6,0,0,0,0,0,0,0,0
fer0024979.png,0,10,0,0,0,0,0,0,0,0
fer0024980.png,0,0,10,0,0,0,0,0,0,0
fer0024981.png,4,0,0,5,0,0,0,0,1,0
fer0024982.png,0,0,1,1,0,0,8,0,0,0
fer0024983.png,9,0,0,1,0,0,0,0,0,0
fer0024984.png,0,6,1,0,0,0,0,0,3,0
fer0024985.png,0,2,0,8,0,0,0,0,0,0
fer0024986.png,3,0,0,5,0,0,0,0,2,0
fer0024987.png,0,10,0,0,0,0,0,0,0,0
fer0024988.png,10,0,0,0,0,0,0,0,0,0
fer0024989.png,5,0,1,1,1,0,0,0,1,1
fer0024990.png,1,0,0,8,0,0,0,0,1,0
fer0024991.png,2,2,0,5,0,0,0,0,1,0
fer0024992.png,0,10,0,0,0,0,0,0,0,0
fer0024993.png,1,0,2,2,4,1,0,0,0,0
fer0024994.png,0,10,0,0,0,0,0,0,0,0
fer0024995.png,8,0,0,1,0,0,0,0,1,0
fer0024996.png,1,0,2,0,6,0,1,0,0,0
fer0024997.png,5,0,1,1,1,0,1,0,1,0
fer0024998.png,1,7,1,1,0,0,0,0,0,0
fer0024999.png,0,10,0,0,0,0,0,0,0,0
fer0025000.png,4,0,5,0,0,0,0,0,1,0
fer0025001.png,6,0,0,4,0,0,0,0,0,0
fer0025002.png,1,0,2,0,7,0,0,0,0,0
fer0025003.png,0,10,0,0,0,0,0,0,0,0
fer0025004.png,3,0,2,2,0,2,0,0,1,0
fer0025005.png,0,0,0,9,0,0,1,0,0,0
fer0025006.png,10,0,0,0,0,0,0,0,0,0
fer0025007.png,4,0,4,1,0,0,0,0,1,0
fer0025008.png,1,0,5,0,0,0,1,1,2,0
fer0025009.png,3,0,1,6,0,0,0,0,0,0
fer0025010.png,0,0,8,0,0,0,2,0,0,0
fer0025011.png,3,0,0,5,0,0,2,0,0,0
fer0025012.png,8,1,0,0,0,0,0,0,1,0
fer0025013.png,2,5,1,2,0,0,0,0,0,0
fer0025014.png,8,0,0,1,0,0,0,0,1,0
fer0025015.png,9,0,0,0,0,0,0,0,1,0
fer0025016.png,0,0,1,9,0,0,0,0,0,0
fer0025017.png,2,1,0,6,0,0,0,0,1,0
fer0025018.png,5,0,0,0,4,0,0,0,1,0
fer0025019.png,0,0,4,2,0,0,4,0,0,0
fer0025020.png,2,0,6,0,0,0,1,0,1,0
fer0025021.png,1,0,0,5,2,0,0,0,2,0
fer0025022.png,0,10,0,0,0,0,0,0,0,0
fer0025023.png,5,0,0,3,1,0,0,1,0,0
fer0025024.png,0,0,2,0,6,0,0,0,2,0
fer0025025.png,10,0,0,0,0,0,0,0,0,0
fer0025026.png,0,9,1,0,0,0,0,0,0,0
fer0025027.png,0,9,1,0,0,0,0,0,0,0
fer0025028.png,1,0,0,2,0,1,0,6,0,0
fer0025029.png,0,9,0,1,0,0,0,0,0,0
fer0025030.png,3,0,0,2,2,1,0,0,2,0
fer0025031.png,0,0,6,0,1,1,0,0,2,0
fer0025032.png,1,9,0,0,0,0,0,0,0,0
fer0025033.png,0,8,0,0,0,0,1,0,1,0
fer0025034.png,2,0,0,3,3,0,0,0,2,0
fer0025035.png,3,0,0,2,0,0,0,1,4,0
fer0025036.png,3,5,0,0,0,0,0,1,1,0
fer0025037.png,0,0,0,0,8,0,1,1,0,0
fer0025038.png,1,0,0,2,0,0,7,0,0,0
fer0025039.png,8,2,0,0,0,0,0,0,0,0
fer0025040.png,3,0,0,2,0,0,3,0,2,0
fer0025041.png,9,0,0,0,0,0,0,1,0,0
fer0025042.png,8,0,1,1,0,0,0,0,0,0
fer0025043.png,0,0,10,0,0,0,0,0,0,0
fer0025044.png,4,0,0,0,1,1,0,4,0,0
fer0025045.png,1,0,0,8,0,0,0,0,1,0
fer0025046.png,0,0,0,0,2,0,7,0,1,0
fer0025047.png,1,6,1,0,0,0,0,0,2,0
fer0025048.png,1,9,0,0,0,0,0,0,0,0
fer0025049.png,0,7,2,0,1,0,0,0,0,0
fer0025050.png,0,0,10,0,0,0,0,0,0,0
fer0025051.png,0,0,7,0,0,0,3,0,0,0
fer0025052.png,0,0,1,4,1,1,2,0,1,0
fer0025053.png,6,0,0,2,1,0,0,0,1,0
fer0025054.png,0,10,0,0,0,0,0,0,0,0
fer0025055.png,4,0,1,4,0,0,0,0,1,0
fer0025056.png,0,0,1,0,1,0,8,0,0,0
fer0025057.png,0,6,4,0,0,0,0,0,0,0
fer0025058.png,5,0,0,1,1,0,0,2,1,0
fer0025059.png,0,10,0,0,0,0,0,0,0,0
fer0025060.png,0,10,0,0,0,0,0,0,0,0
fer0025061.png,3,0,0,0,1,0,0,6,0,0
fer0025062.png,4,0,0,0,5,0,0,1,0,0
fer0025063.png,0,0,0,10,0,0,0,0,0,0
fer0025064.png,5,0,0,5,0,0,0,0,0,0
fer0025065.png,5,0,0,5,0,0,0,0,0,0
fer0025066.png,7,0,0,0,0,0,0,0,3,0
fer0025067.png,2,0,0,0,7,1,0,0,0,0
fer0025068.png,3,0,1,0,0,1,2,0,3,0
fer0025069.png,2,0,1,5,1,0,0,0,1,0
fer0025070.png,2,0,0,1,7,0,0,0,0,0
fer0025071.png,0,9,0,0,0,0,0,0,1,0
fer0025072.png,1,9,0,0,0,0,0,0,0,0
fer0025073.png,5,0,0,0,4,0,0,0,1,0
fer0025074.png,0,0,10,0,0,0,0,0,0,0
fer0025075.png,0,1,3,1,4,0,1,0,0,0
fer0025076.png,3,0,0,6,0,0,0,0,1,0
fer0025077.png,1,0,0,9,0,0,0,0,0,0
fer0025078.png,1,0,0,9,0,0,0,0,0,0
fer0025079.png,0,0,9,0,0,0,1,0,0,0
fer0025080.png,0,0,1,1,7,0,0,0,1,0
fer0025081.png,5,0,0,4,0,0,0,0,1,0
fer0025082.png,2,0,1,6,0,1,0,0,0,0
fer0025083.png,1,0,0,2,0,0,5,0,2,0
fer0025084.png,10,0,0,0,0,0,0,0,0,0
fer0025085.png,0,0,9,0,0,0,1,0,0,0
fer0025086.png,0,10,0,0,0,0,0,0,0,0
fer0025087.png,9,0,0,1,0,0,0,0,0,0
fer0025088.png,4,0,0,5,0,0,0,0,1,0
fer0025089.png,6,0,3,0,0,0,0,0,1,0
fer0025090.png,7,0,0,2,0,0,0,0,1,0
fer0025091.png,0,0,9,0,0,0,0,0,1,0
fer0025092.png,0,1,8,0,0,0,0,0,1,0
fer0025093.png,2,8,0,0,0,0,0,0,0,0
fer0025094.png,1,0,0,0,0,0,9,0,0,0
fer0025095.png,1,9,0,0,0,0,0,0,0,0
fer0025096.png,0,10,0,0,0,0,0,0,0,0
fer0025097.png,3,0,0,6,1,0,0,0,0,0
fer0025098.png,0,0,3,0,3,0,3,0,1,0
fer0025099.png,0,10,0,0,0,0,0,0,0,0
fer0025100.png,2,5,0,0,1,1,0,0,1,0
fer0025101.png,7,0,0,2,1,0,0,0,0,0
fer0025102.png,10,0,0,0,0,0,0,0,0,0
fer0025103.png,2,8,0,0,0,0,0,0,0,0
fer0025105.png,2,0,0,7,0,0,0,0,1,0
fer0025106.png,4,0,0,5,0,0,0,0,1,0
fer0025107.png,0,10,0,0,0,0,0,0,0,0
fer0025108.png,0,0,0,0,10,0,0,0,0,0
fer0025109.png,6,4,0,0,0,0,0,0,0,0
fer0025110.png,3,0,0,0,3,0,0,0,4,0
fer0025111.png,1,9,0,0,0,0,0,0,0,0
fer0025112.png,2,6,0,1,0,0,0,0,1,0
fer0025113.png,5,0,0,3,0,0,0,0,2,0
fer0025114.png,0,0,6,0,0,0,4,0,0,0
fer0025115.png,0,0,0,10,0,0,0,0,0,0
fer0025116.png,0,9,0,0,1,0,0,0,0,0
fer0025117.png,1,0,7,0,0,0,2,0,0,0
fer0025118.png,1,4,5,0,0,0,0,0,0,0
fer0025119.png,7,0,0,3,0,0,0,0,0,0
fer0025120.png,0,9,1,0,0,0,0,0,0,0
fer0025121.png,3,0,0,5,0,0,0,0,2,0
fer0025122.png,0,10,0,0,0,0,0,0,0,0
fer0025123.png,2,0,0,7,0,0,0,0,1,0
fer0025124.png,0,0,8,0,0,0,2,0,0,0
fer0025125.png,4,1,0,0,0,0,1,2,2,0
fer0025126.png,8,0,0,1,1,0,0,0,0,0
fer0025127.png,5,0,0,4,0,0,0,1,0,0
fer0025128.png,0,1,0,1,6,2,0,0,0,0
fer0025129.png,10,0,0,0,0,0,0,0,0,0
fer0025130.png,0,10,0,0,0,0,0,0,0,0
fer0025131.png,5,0,0,5,0,0,0,0,0,0
fer0025132.png,0,0,0,10,0,0,0,0,0,0
fer0025133.png,9,0,0,1,0,0,0,0,0,0
fer0025134.png,0,0,7,0,0,0,1,0,2,0
fer0025135.png,0,10,0,0,0,0,0,0,0,0
fer0025136.png,9,0,0,0,0,0,0,0,1,0
fer0025137.png,0,0,0,3,4,2,0,0,1,0
fer0025138.png,2,0,1,2,3,1,0,0,1,0
fer0025139.png,1,3,3,0,2,0,1,0,0,0
fer0025140.png,0,10,0,0,0,0,0,0,0,0
fer0025141.png,0,8,0,0,0,0,0,0,2,0
fer0025142.png,6,0,0,2,1,0,0,0,1,0
fer0025143.png,0,0,8,0,0,0,2,0,0,0
fer0025144.png,4,0,4,1,0,0,0,0,1,0
fer0025145.png,0,1,0,0,7,0,0,0,2,0
fer0025146.png,3,1,0,0,4,0,0,1,1,0
fer0025147.png,9,0,0,0,0,0,0,0,1,0
fer0025148.png,0,10,0,0,0,0,0,0,0,0
fer0025149.png,10,0,0,0,0,0,0,0,0,0
fer0025150.png,4,2,0,0,0,0,0,2,2,0
fer0025151.png,1,1,2,0,0,0,5,0,1,0
fer0025152.png,3,0,0,7,0,0,0,0,0,0
fer0025153.png,8,0,0,0,1,0,0,0,1,0
fer0025154.png,7,0,0,2,0,0,0,1,0,0
fer0025155.png,1,2,1,2,0,0,3,0,1,0
fer0025156.png,0,10,0,0,0,0,0,0,0,0
fer0025157.png,0,0,9,0,0,0,1,0,0,0
fer0025158.png,1,3,6,0,0,0,0,0,0,0
fer0025159.png,9,0,0,0,0,0,0,0,1,0
fer0025160.png,8,0,0,1,1,0,0,0,0,0
fer0025161.png,1,0,6,0,0,0,2,0,1,0
fer0025162.png,2,0,0,3,5,0,0,0,0,0
fer0025163.png,6,0,4,0,0,0,0,0,0,0
fer0025164.png,1,1,4,0,0,0,3,0,1,0
fer0025165.png,0,5,4,0,0,0,0,0,1,0
fer0025166.png,7,0,0,2,0,0,0,0,1,0
fer0025167.png,0,10,0,0,0,0,0,0,0,0
fer0025168.png,7,0,0,0,2,0,0,0,1,0
fer0025169.png,0,0,6,0,0,0,3,0,1,0
fer0025170.png,10,0,0,0,0,0,0,0,0,0
fer0025171.png,9,0,0,0,0,0,0,1,0,0
fer0025172.png,0,1,1,1,7,0,0,0,0,0
fer0025173.png,1,0,0,3,2,2,0,1,1,0
fer0025174.png,4,0,0,5,1,0,0,0,0,0
fer0025175.png,5,0,0,1,3,0,0,1,0,0
fer0025176.png,9,0,1,0,0,0,0,0,0,0
fer0025177.png,4,0,0,3,0,0,0,0,3,0
fer0025178.png,0,2,3,0,4,0,0,0,1,0
fer0025179.png,1,0,1,3,4,1,0,0,0,0
fer0025180.png,6,0,0,3,0,0,0,0,1,0
fer0025181.png,1,0,5,0,0,0,4,0,0,0
fer0025182.png,1,0,0,8,1,0,0,0,0,0
fer0025183.png,2,0,7,0,0,0,1,0,0,0
fer0025184.png,0,7,2,0,0,0,0,0,1,0
fer0025185.png,2,0,0,7,0,0,0,0,1,0
fer0025186.png,0,9,0,0,0,0,0,0,1,0
fer0025187.png,3,0,0,2,0,1,0,3,1,0
fer0025188.png,3,0,0,5,0,0,0,0,2,0
fer0025189.png,9,0,0,0,0,0,0,0,1,0
fer0025190.png,8,0,0,0,0,0,0,1,1,0
fer0025191.png,1,0,8,0,0,0,1,0,0,0
fer0025192.png,5,0,0,5,0,0,0,0,0,0
fer0025193.png,1,0,1,0,5,1,0,2,0,0
fer0025194.png,0,10,0,0,0,0,0,0,0,0
fer0025195.png,6,0,0,1,2,0,0,0,1,0
fer0025196.png,10,0,0,0,0,0,0,0,0,0
fer0025197.png,0,0,0,0,10,0,0,0,0,0
fer0025198.png,4,0,0,3,0,0,0,2,1,0
fer0025199.png,1,8,0,0,0,0,0,1,0,0
fer0025200.png,0,0,10,0,0,0,0,0,0,0
fer0025201.png,0,1,1,6,0,0,1,0,1,0
fer0025202.png,0,0,0,0,7,0,2,0,1,0
fer0025203.png,1,0,9,0,0,0,0,0,0,0
fer0025204.png,0,0,0,0,6,2,0,0,2,0
fer0025205.png,0,5,5,0,0,0,0,0,0,0
fer0025206.png,0,10,0,0,0,0,0,0,0,0
fer0025207.png,1,4,1,0,0,0,0,0,4,0
fer0025208.png,2,0,0,1,7,0,0,0,0,0
fer0025209.png,2,0,2,0,3,0,1,0,2,0
fer0025210.png,4,5,0,0,0,0,0,0,1,0
fer0025211.png,5,0,0,0,0,0,0,0,5,0
fer0025212.png,0,0,0,10,0,0,0,0,0,0
fer0025213.png,2,0,0,1,1,1,0,4,1,0
fer0025214.png,0,10,0,0,0,0,0,0,0,0
fer0025215.png,4,0,4,0,0,0,0,1,1,0
fer0025216.png,5,0,0,5,0,0,0,0,0,0
fer0025217.png,1,0,0,9,0,0,0,0,0,0
fer0025218.png,9,0,0,0,0,1,0,0,0,0
fer0025219.png,0,0,1,0,7,0,1,0,1,0
fer0025220.png,0,5,5,0,0,0,0,0,0,0
fer0025221.png,5,0,0,5,0,0,0,0,0,0
fer0025222.png,4,5,0,0,0,0,0,0,1,0
fer0025223.png,0,0,0,0,9,0,1,0,0,0
fer0025224.png,0,0,9,0,0,0,1,0,0,0
fer0025225.png,0,0,0,10,0,0,0,0,0,0
fer0025226.png,0,0,0,0,7,1,0,0,2,0
fer0025227.png,0,9,0,0,0,0,0,0,1,0
fer0025228.png,3,0,1,0,1,2,0,3,0,0
fer0025229.png,0,0,0,0,10,0,0,0,0,0
fer0025230.png,10,0,0,0,0,0,0,0,0,0
fer0025231.png,3,0,0,5,0,1,0,1,0,0
fer0025232.png,8,0,1,0,0,0,0,0,1,0
fer0025233.png,2,0,1,4,2,0,0,0,1,0
fer0025234.png,1,0,8,0,0,0,0,0,1,0
fer0025235.png,1,0,2,1,4,0,2,0,0,0
fer0025236.png,0,10,0,0,0,0,0,0,0,0
fer0025237.png,3,0,0,5,0,0,0,0,2,0
fer0025238.png,1,8,0,0,0,0,0,0,1,0
fer0025239.png,9,0,0,1,0,0,0,0,0,0
fer0025240.png,8,0,0,1,0,0,0,0,1,0
fer0025241.png,4,0,0,2,0,0,1,1,2,0
fer0025242.png,6,0,3,0,0,0,0,1,0,0
fer0025243.png,0,0,7,1,0,0,2,0,0,0
fer0025244.png,0,10,0,0,0,0,0,0,0,0
fer0025245.png,6,0,1,2,0,0,0,0,1,0
fer0025246.png,0,10,0,0,0,0,0,0,0,0
fer0025247.png,6,0,1,3,0,0,0,0,0,0
fer0025248.png,1,0,8,0,0,0,1,0,0,0
fer0025249.png,2,0,0,3,3,0,0,0,2,0
fer0025250.png,2,0,0,8,0,0,0,0,0,0
fer0025251.png,0,0,9,0,0,0,0,0,1,0
fer0025252.png,0,6,0,0,3,0,0,0,1,0
fer0025253.png,10,0,0,0,0,0,0,0,0,0
fer0025254.png,0,8,1,0,0,0,0,1,0,0
fer0025255.png,2,7,0,0,0,0,0,0,1,0
fer0025256.png,1,9,0,0,0,0,0,0,0,0
fer0025257.png,0,10,0,0,0,0,0,0,0,0
fer0025258.png,0,10,0,0,0,0,0,0,0,0
fer0025259.png,7,0,0,1,0,0,0,1,1,0
fer0025260.png,1,9,0,0,0,0,0,0,0,0
fer0025261.png,2,0,0,8,0,0,0,0,0,0
fer0025262.png,4,0,2,0,2,1,0,0,1,0
fer0025263.png,0,9,0,0,0,0,0,0,1,0
fer0025264.png,0,0,0,6,0,3,0,0,1,0
fer0025265.png,8,0,0,1,0,0,0,1,0,0
fer0025266.png,0,0,9,0,0,0,1,0,0,0
fer0025267.png,0,2,8,0,0,0,0,0,0,0
fer0025268.png,8,0,0,0,0,0,0,1,1,0
fer0025269.png,10,0,0,0,0,0,0,0,0,0
fer0025270.png,1,0,0,1,3,4,0,1,0,0
fer0025271.png,7,0,0,1,2,0,0,0,0,0
fer0025272.png,0,10,0,0,0,0,0,0,0,0
fer0025273.png,4,0,5,0,0,0,0,0,1,0
fer0025274.png,9,0,0,1,0,0,0,0,0,0
fer0025275.png,9,0,0,0,1,0,0,0,0,0
fer0025276.png,6,0,0,2,0,0,0,0,2,0
fer0025277.png,1,8,0,0,0,1,0,0,0,0
fer0025278.png,5,4,0,0,0,0,0,1,0,0
fer0025279.png,1,9,0,0,0,0,0,0,0,0
fer0025280.png,3,0,0,0,5,0,0,0,2,0
fer0025281.png,0,10,0,0,0,0,0,0,0,0
fer0025282.png,8,0,0,0,1,0,0,1,0,0
fer0025283.png,1,0,0,9,0,0,0,0,0,0
fer0025284.png,1,0,7,0,0,0,2,0,0,0
fer0025285.png,7,0,0,1,0,0,0,0,2,0
fer0025286.png,7,0,0,2,0,1,0,0,0,0
fer0025287.png,5,0,0,3,1,1,0,0,0,0
fer0025288.png,0,0,9,0,0,0,1,0,0,0
fer0025289.png,0,10,0,0,0,0,0,0,0,0
fer0025290.png,2,0,0,4,0,2,0,1,1,0
fer0025291.png,1,0,0,8,0,0,0,0,1,0
fer0025292.png,2,8,0,0,0,0,0,0,0,0
fer0025293.png,6,0,0,2,0,0,0,0,2,0
fer0025294.png,7,0,2,0,0,0,0,0,1,0
fer0025295.png,9,0,0,0,0,0,0,1,0,0
fer0025296.png,4,0,0,2,4,0,0,0,0,0
fer0025297.png,0,0,0,10,0,0,0,0,0,0
fer0025298.png,0,0,0,0,10,0,0,0,0,0
fer0025299.png,5,0,0,5,0,0,0,0,0,0
fer0025300.png,0,7,0,2,0,0,0,1,0,0
fer0025301.png,0,8,2,0,0,0,0,0,0,0
fer0025302.png,6,4,0,0,0,0,0,0,0,0
fer0025303.png,9,0,0,1,0,0,0,0,0,0
fer0025304.png,0,0,0,10,0,0,0,0,0,0
fer0025305.png,9,0,0,0,1,0,0,0,0,0
fer0025306.png,0,10,0,0,0,0,0,0,0,0
fer0025307.png,5,0,1,1,0,0,0,1,2,0
fer0025308.png,3,0,1,5,0,0,0,0,1,0
fer0025309.png,0,1,0,0,7,0,0,0,2,0
fer0025310.png,0,0,0,10,0,0,0,0,0,0
fer0025311.png,9,0,0,0,1,0,0,0,0,0
fer0025312.png,3,0,0,6,1,0,0,0,0,0
fer0025313.png,0,10,0,0,0,0,0,0,0,0
fer0025314.png,2,0,0,6,1,0,0,0,1,0
fer0025315.png,0,10,0,0,0,0,0,0,0,0
fer0025316.png,5,0,0,4,0,0,0,1,0,0
fer0025317.png,0,8,0,0,0,0,0,1,1,0
fer0025318.png,0,6,2,0,0,0,0,0,2,0
fer0025319.png,9,0,0,0,0,0,0,1,0,0
fer0025320.png,0,10,0,0,0,0,0,0,0,0
fer0025321.png,1,0,0,7,1,0,0,0,1,0
fer0025322.png,7,0,0,3,0,0,0,0,0,0
fer0025323.png,1,0,6,0,1,0,1,0,1,0
fer0025324.png,9,0,0,0,0,0,0,1,0,0
fer0025325.png,0,0,9,0,0,0,1,0,0,0
fer0025326.png,6,0,1,1,0,0,0,0,2,0
fer0025327.png,1,0,0,0,8,0,0,0,1,0
fer0025328.png,2,0,0,3,0,1,0,3,1,0
fer0025329.png,9,0,0,0,0,0,0,1,0,0
fer0025330.png,7,0,0,0,0,0,0,1,2,0
fer0025331.png,0,10,0,0,0,0,0,0,0,0
fer0025332.png,1,6,3,0,0,0,0,0,0,0
fer0025333.png,0,3,0,0,4,0,1,0,2,0
fer0025334.png,1,0,1,1,6,0,0,0,1,0
fer0025335.png,0,0,0,7,2,1,0,0,0,0
fer0025336.png,8,2,0,0,0,0,0,0,0,0
fer0025337.png,1,0,8,0,0,0,0,0,1,0
fer0025338.png,0,0,10,0,0,0,0,0,0,0
fer0025339.png,7,0,0,3,0,0,0,0,0,0
fer0025340.png,2,0,0,3,3,0,0,1,1,0
fer0025341.png,7,0,0,3,0,0,0,0,0,0
fer0025342.png,5,0,0,5,0,0,0,0,0,0
fer0025343.png,3,5,0,0,0,0,0,0,2,0
fer0025344.png,10,0,0,0,0,0,0,0,0,0
fer0025345.png,2,0,0,7,0,0,1,0,0,0
fer0025346.png,0,0,1,8,1,0,0,0,0,0
fer0025347.png,0,0,0,2,7,0,0,0,1,0
fer0025348.png,1,8,0,1,0,0,0,0,0,0
fer0025349.png,0,10,0,0,0,0,0,0,0,0
fer0025350.png,0,8,2,0,0,0,0,0,0,0
fer0025351.png,0,0,10,0,0,0,0,0,0,0
fer0025352.png,0,10,0,0,0,0,0,0,0,0
fer0025353.png,8,0,0,1,0,0,0,0,1,0
fer0025354.png,1,0,0,1,1,5,0,0,2,0
fer0025355.png,0,10,0,0,0,0,0,0,0,0
fer0025356.png,0,0,0,1,8,0,1,0,0,0
fer0025357.png,9,1,0,0,0,0,0,0,0,0
fer0025358.png,3,0,0,1,4,0,0,2,0,0
fer0025359.png,6,0,0,0,1,1,0,1,1,0
fer0025360.png,9,0,0,1,0,0,0,0,0,0
fer0025361.png,9,0,0,0,1,0,0,0,0,0
fer0025362.png,0,0,8,0,0,0,0,0,2,0
fer0025363.png,0,10,0,0,0,0,0,0,0,0
fer0025364.png,0,10,0,0,0,0,0,0,0,0
fer0025365.png,1,0,0,8,0,0,0,0,1,0
fer0025366.png,0,10,0,0,0,0,0,0,0,0
fer0025367.png,6,0,2,0,2,0,0,0,0,0
fer0025368.png,6,3,0,0,0,0,0,0,1,0
fer0025369.png,0,2,1,0,5,0,0,0,2,0
fer0025370.png,0,1,0,1,6,0,0,0,2,0
fer0025371.png,6,1,1,1,0,0,0,0,1,0
fer0025372.png,4,0,0,2,0,2,0,0,2,0
fer0025373.png,0,5,3,0,0,0,1,0,1,0
fer0025374.png,0,0,0,8,0,0,2,0,0,0
fer0025375.png,4,4,0,0,0,0,0,1,1,0
fer0025376.png,0,0,9,0,0,0,1,0,0,0
fer0025377.png,0,0,3,0,0,0,7,0,0,0
fer0025378.png,1,9,0,0,0,0,0,0,0,0
fer0025379.png,7,0,0,1,0,0,0,0,2,0
fer0025380.png,0,10,0,0,0,0,0,0,0,0
fer0025381.png,0,9,1,0,0,0,0,0,0,0
fer0025382.png,0,0,0,0,0,0,10,0,0,0
fer0025383.png,2,0,0,8,0,0,0,0,0,0
fer0025384.png,8,0,0,2,0,0,0,0,0,0
fer0025385.png,5,4,0,0,0,0,0,0,1,0
fer0025386.png,10,0,0,0,0,0,0,0,0,0
fer0025387.png,0,10,0,0,0,0,0,0,0,0
fer0025388.png,1,9,0,0,0,0,0,0,0,0
fer0025389.png,3,6,0,0,0,0,0,0,1,0
fer0025390.png,0,10,0,0,0,0,0,0,0,0
fer0025391.png,1,9,0,0,0,0,0,0,0,0
fer0025392.png,9,0,0,1,0,0,0,0,0,0
fer0025393.png,1,9,0,0,0,0,0,0,0,0
fer0025394.png,0,10,0,0,0,0,0,0,0,0
fer0025395.png,6,1,0,2,0,0,0,0,1,0
fer0025396.png,2,0,0,4,3,0,0,0,1,0
fer0025397.png,5,0,0,1,1,1,0,0,2,0
fer0025398.png,5,0,0,4,0,0,0,1,0,0
fer0025399.png,2,1,1,2,0,1,0,0,3,0
fer0025400.png,1,9,0,0,0,0,0,0,0,0
fer0025401.png,0,0,8,0,0,0,1,0,1,0
fer0025402.png,3,0,0,5,0,0,0,1,1,0
fer0025403.png,0,3,6,0,0,0,0,0,1,0
fer0025404.png,1,9,0,0,0,0,0,0,0,0
fer0025405.png,0,9,0,0,0,0,0,0,1,0
fer0025406.png,7,0,0,0,0,0,1,0,2,0
fer0025407.png,1,9,0,0,0,0,0,0,0,0
fer0025408.png,0,1,9,0,0,0,0,0,0,0
fer0025409.png,4,0,0,1,0,0,2,1,2,0
fer0025410.png,1,2,5,0,0,0,2,0,0,0
fer0025411.png,1,8,1,0,0,0,0,0,0,0
fer0025412.png,1,9,0,0,0,0,0,0,0,0
fer0025413.png,10,0,0,0,0,0,0,0,0,0
fer0025414.png,8,0,0,1,0,0,0,0,1,0
fer0025415.png,4,0,6,0,0,0,0,0,0,0
fer0025416.png,7,0,0,3,0,0,0,0,0,0
fer0025417.png,4,0,0,4,0,0,0,0,2,0
fer0025418.png,0,0,8,0,0,0,0,0,2,0
fer0025419.png,0,1,7,0,0,0,1,0,1,0
fer0025420.png,0,0,10,0,0,0,0,0,0,0
fer0025421.png,3,0,0,0,2,0,0,5,0,0
fer0025422.png,0,0,7,1,0,0,0,0,2,0
fer0025423.png,0,0,8,0,0,0,2,0,0,0
fer0025424.png,3,0,0,3,0,0,1,0,3,0
fer0025425.png,2,0,5,1,0,0,0,1,1,0
fer0025426.png,0,2,7,0,0,0,0,0,1,0
fer0025427.png,9,0,0,0,0,0,0,0,1,0
fer0025428.png,3,0,0,0,7,0,0,0,0,0
fer0025429.png,8,0,0,2,0,0,0,0,0,0
fer0025430.png,1,9,0,0,0,0,0,0,0,0
fer0025431.png,2,0,0,7,0,0,0,1,0,0
fer0025432.png,4,0,0,3,1,0,0,1,1,0
fer0025433.png,6,0,0,0,1,0,0,2,1,0
fer0025434.png,6,0,0,0,2,0,0,2,0,0
fer0025435.png,8,2,0,0,0,0,0,0,0,0
fer0025436.png,0,0,3,1,1,1,3,0,1,0
fer0025437.png,3,1,2,2,0,0,0,0,2,0
fer0025438.png,9,0,0,0,0,0,0,1,0,0
fer0025439.png,1,0,0,9,0,0,0,0,0,0
fer0025440.png,0,10,0,0,0,0,0,0,0,0
fer0025441.png,0,10,0,0,0,0,0,0,0,0
fer0025442.png,8,0,0,1,0,0,0,0,1,0
fer0025443.png,0,1,9,0,0,0,0,0,0,0
fer0025444.png,8,0,0,1,0,0,0,0,1,0
fer0025445.png,0,0,0,9,0,1,0,0,0,0
fer0025446.png,0,0,0,1,7,0,0,0,2,0
fer0025447.png,3,3,0,2,0,0,1,0,1,0
fer0025448.png,1,9,0,0,0,0,0,0,0,0
fer0025449.png,10,0,0,0,0,0,0,0,0,0
fer0025450.png,1,0,0,0,7,0,1,0,1,0
fer0025451.png,10,0,0,0,0,0,0,0,0,0
fer0025452.png,2,8,0,0,0,0,0,0,0,0
fer0025453.png,0,10,0,0,0,0,0,0,0,0
fer0025454.png,3,0,0,7,0,0,0,0,0,0
fer0025455.png,9,1,0,0,0,0,0,0,0,0
fer0025456.png,9,0,1,0,0,0,0,0,0,0
fer0025457.png,0,0,9,0,0,0,1,0,0,0
fer0025458.png,0,10,0,0,0,0,0,0,0,0
fer0025459.png,10,0,0,0,0,0,0,0,0,0
fer0025460.png,1,0,9,0,0,0,0,0,0,0
fer0025461.png,1,0,2,2,0,0,1,0,4,0
fer0025462.png,2,0,0,6,0,0,0,0,2,0
fer0025463.png,0,0,1,0,6,0,1,1,1,0
fer0025464.png,2,0,0,6,0,0,2,0,0,0
fer0025465.png,2,0,0,0,0,5,2,0,1,0
fer0025466.png,5,5,0,0,0,0,0,0,0,0
fer0025467.png,0,0,0,0,5,5,0,0,0,0
fer0025468.png,1,7,0,0,0,0,0,0,2,0
fer0025469.png,7,0,0,0,3,0,0,0,0,0
fer0025470.png,1,0,0,6,0,0,0,1,2,0
fer0025471.png,6,0,1,0,0,1,0,1,1,0
fer0025472.png,3,0,0,3,0,1,0,1,2,0
fer0025473.png,1,1,0,1,2,5,0,0,0,0
fer0025474.png,0,2,7,0,0,0,1,0,0,0
fer0025475.png,0,0,0,10,0,0,0,0,0,0
fer0025476.png,1,0,0,8,0,1,0,0,0,0
fer0025477.png,1,6,0,1,2,0,0,0,0,0
fer0025478.png,5,1,0,4,0,0,0,0,0,0
fer0025479.png,0,2,0,8,0,0,0,0,0,0
fer0025480.png,6,0,0,2,0,0,0,1,1,0
fer0025481.png,9,0,0,1,0,0,0,0,0,0
fer0025482.png,1,0,3,1,0,0,2,0,3,0
fer0025483.png,0,0,0,10,0,0,0,0,0,0
fer0025484.png,0,0,0,10,0,0,0,0,0,0
fer0025485.png,4,0,0,2,2,1,0,0,1,0
fer0025486.png,1,9,0,0,0,0,0,0,0,0
fer0025487.png,0,10,0,0,0,0,0,0,0,0
fer0025488.png,1,0,0,9,0,0,0,0,0,0
fer0025489.png,9,0,0,0,1,0,0,0,0,0
fer0025490.png,2,0,0,7,0,0,0,0,1,0
fer0025491.png,1,0,0,8,0,0,0,0,1,0
fer0025492.png,0,4,0,5,0,0,0,0,1,0
fer0025493.png,0,0,0,0,4,1,2,1,2,0
fer0025494.png,8,0,0,1,0,0,0,1,0,0
fer0025495.png,0,0,7,0,0,0,3,0,0,0
fer0025496.png,0,0,10,0,0,0,0,0,0,0
fer0025497.png,0,10,0,0,0,0,0,0,0,0
fer0025498.png,0,0,9,0,0,0,0,0,1,0
fer0025499.png,0,10,0,0,0,0,0,0,0,0
fer0025500.png,0,10,0,0,0,0,0,0,0,0
fer0025501.png,0,0,0,0,9,0,1,0,0,0
fer0025502.png,0,10,0,0,0,0,0,0,0,0
fer0025503.png,10,0,0,0,0,0,0,0,0,0
fer0025504.png,9,0,0,1,0,0,0,0,0,0
fer0025505.png,1,0,2,0,0,0,7,0,0,0
fer0025506.png,0,1,9,0,0,0,0,0,0,0
fer0025507.png,7,2,0,0,0,0,0,1,0,0
fer0025508.png,8,2,0,0,0,0,0,0,0,0
fer0025509.png,8,2,0,0,0,0,0,0,0,0
fer0025510.png,5,0,0,5,0,0,0,0,0,0
fer0025511.png,3,0,0,7,0,0,0,0,0,0
fer0025512.png,7,0,0,1,0,0,0,0,2,0
fer0025513.png,0,10,0,0,0,0,0,0,0,0
fer0025514.png,5,2,0,0,0,1,0,0,2,0
fer0025515.png,1,0,6,0,0,0,3,0,0,0
fer0025516.png,3,0,3,2,0,0,1,0,1,0
fer0025517.png,4,0,1,4,0,0,0,1,0,0
fer0025518.png,4,2,0,1,0,1,0,1,1,0
fer0025519.png,7,3,0,0,0,0,0,0,0,0
fer0025520.png,10,0,0,0,0,0,0,0,0,0
fer0025521.png,0,0,0,0,9,0,1,0,0,0
fer0025522.png,0,10,0,0,0,0,0,0,0,0
fer0025523.png,3,0,0,7,0,0,0,0,0,0
fer0025524.png,0,1,0,7,0,0,0,0,2,0
fer0025525.png,8,0,0,1,0,0,0,0,1,0
fer0025526.png,2,6,0,0,0,0,0,0,2,0
fer0025527.png,8,0,0,1,0,1,0,0,0,0
fer0025528.png,7,2,0,1,0,0,0,0,0,0
fer0025529.png,0,0,0,3,0,1,5,0,1,0
fer0025530.png,0,0,4,0,0,0,6,0,0,0
fer0025531.png,1,0,2,5,0,0,0,0,2,0
fer0025532.png,7,0,0,1,0,0,1,0,1,0
fer0025533.png,3,0,0,6,0,0,0,0,1,0
fer0025534.png,7,3,0,0,0,0,0,0,0,0
fer0025535.png,2,0,0,6,0,0,0,0,2,0
fer0025536.png,0,10,0,0,0,0,0,0,0,0
fer0025537.png,0,10,0,0,0,0,0,0,0,0
fer0025538.png,0,10,0,0,0,0,0,0,0,0
fer0025539.png,5,0,0,2,0,0,0,0,3,0
fer0025540.png,3,0,0,6,0,0,0,0,1,0
fer0025541.png,0,0,0,0,0,0,0,10,0,0
fer0025542.png,1,0,0,5,0,0,0,0,4,0
fer0025543.png,1,8,0,0,0,0,0,0,1,0
fer0025544.png,0,0,10,0,0,0,0,0,0,0
fer0025545.png,2,0,4,0,1,0,2,0,1,0
fer0025546.png,1,0,0,0,6,3,0,0,0,0
fer0025547.png,1,8,0,0,0,0,0,0,1,0
fer0025548.png,7,1,0,1,1,0,0,0,0,0
fer0025549.png,8,0,2,0,0,0,0,0,0,0
fer0025550.png,0,0,0,0,10,0,0,0,0,0
fer0025551.png,1,0,0,9,0,0,0,0,0,0
fer0025552.png,2,0,0,7,0,1,0,0,0,0
fer0025553.png,7,0,0,3,0,0,0,0,0,0
fer0025554.png,2,5,3,0,0,0,0,0,0,0
fer0025555.png,0,0,0,8,0,0,2,0,0,0
fer0025556.png,1,1,7,0,0,0,0,0,1,0
fer0025557.png,6,0,0,1,2,1,0,0,0,0
fer0025558.png,1,9,0,0,0,0,0,0,0,0
fer0025559.png,4,6,0,0,0,0,0,0,0,0
fer0025560.png,0,0,0,0,8,1,0,0,1,0
fer0025561.png,2,0,0,3,0,1,0,2,2,0
fer0025562.png,6,0,1,2,0,0,0,0,1,0
fer0025563.png,7,3,0,0,0,0,0,0,0,0
fer0025564.png,3,5,0,0,0,0,0,1,1,0
fer0025565.png,2,8,0,0,0,0,0,0,0,0
fer0025566.png,9,0,0,0,0,0,1,0,0,0
fer0025567.png,4,4,0,0,0,0,0,1,1,0
fer0025568.png,6,0,0,1,2,0,0,0,1,0
fer0025569.png,4,4,0,0,0,0,0,1,1,0
fer0025570.png,1,0,2,1,0,0,2,1,3,0
fer0025571.png,9,0,0,0,0,0,0,1,0,0
fer0025572.png,5,0,0,4,0,0,0,0,1,0
fer0025573.png,1,0,1,3,0,0,4,0,1,0
fer0025574.png,0,10,0,0,0,0,0,0,0,0
fer0025575.png,0,10,0,0,0,0,0,0,0,0
fer0025576.png,1,0,0,0,4,0,0,0,5,0
fer0025577.png,5,0,0,0,1,0,0,2,2,0
fer0025578.png,5,0,0,4,0,0,0,0,1,0
fer0025579.png,0,10,0,0,0,0,0,0,0,0
fer0025580.png,2,0,1,4,0,0,0,1,2,0
fer0025581.png,0,0,1,0,2,0,3,0,4,0
fer0025582.png,7,0,0,3,0,0,0,0,0,0
fer0025583.png,0,10,0,0,0,0,0,0,0,0
fer0025584.png,1,0,0,9,0,0,0,0,0,0
fer0025585.png,0,0,2,0,7,0,0,0,1,0
fer0025586.png,0,10,0,0,0,0,0,0,0,0
fer0025587.png,6,3,0,0,0,0,0,0,1,0
fer0025588.png,2,8,0,0,0,0,0,0,0,0
fer0025589.png,0,0,1,4,0,1,4,0,0,0
fer0025590.png,0,10,0,0,0,0,0,0,0,0
fer0025591.png,0,0,2,4,0,1,2,0,1,0
fer0025592.png,0,10,0,0,0,0,0,0,0,0
fer0025593.png,1,0,0,8,0,0,0,0,1,0
fer0025594.png,8,0,0,1,0,0,0,1,0,0
fer0025595.png,0,0,10,0,0,0,0,0,0,0
fer0025596.png,4,0,0,4,0,0,0,0,2,0
fer0025597.png,1,0,0,0,7,2,0,0,0,0
fer0025598.png,0,2,0,8,0,0,0,0,0,0
fer0025599.png,1,0,6,0,0,0,0,0,3,0
fer0025600.png,0,9,1,0,0,0,0,0,0,0
fer0025601.png,1,9,0,0,0,0,0,0,0,0
fer0025602.png,6,3,0,0,0,0,0,0,1,0
fer0025603.png,0,0,0,0,4,4,0,2,0,0
fer0025604.png,0,0,0,0,9,0,1,0,0,0
fer0025605.png,0,10,0,0,0,0,0,0,0,0
fer0025606.png,0,10,0,0,0,0,0,0,0,0
fer0025607.png,1,9,0,0,0,0,0,0,0,0
fer0025608.png,0,0,9,0,0,0,0,0,1,0
fer0025609.png,0,10,0,0,0,0,0,0,0,0
fer0025610.png,2,8,0,0,0,0,0,0,0,0
fer0025611.png,0,0,10,0,0,0,0,0,0,0
fer0025612.png,9,0,0,1,0,0,0,0,0,0
fer0025613.png,0,0,6,0,0,0,4,0,0,0
fer0025614.png,0,7,0,0,3,0,0,0,0,0
fer0025615.png,9,0,0,0,0,0,0,0,1,0
fer0025616.png,10,0,0,0,0,0,0,0,0,0
fer0025617.png,4,0,0,6,0,0,0,0,0,0
fer0025618.png,0,10,0,0,0,0,0,0,0,0
fer0025619.png,10,0,0,0,0,0,0,0,0,0
fer0025620.png,1,9,0,0,0,0,0,0,0,0
fer0025621.png,3,0,3,1,0,0,0,0,3,0
fer0025622.png,7,0,0,0,1,1,0,0,1,0
fer0025623.png,0,0,5,0,0,0,5,0,0,0
fer0025624.png,6,0,0,3,0,0,0,0,1,0
fer0025625.png,1,9,0,0,0,0,0,0,0,0
fer0025626.png,0,10,0,0,0,0,0,0,0,0
fer0025627.png,0,0,2,4,0,1,0,0,3,0
fer0025628.png,0,8,2,0,0,0,0,0,0,0
fer0025629.png,10,0,0,0,0,0,0,0,0,0
fer0025630.png,1,3,0,4,0,1,0,0,1,0
fer0025631.png,5,1,0,4,0,0,0,0,0,0
fer0025632.png,0,0,4,2,1,1,2,0,0,0
fer0025633.png,0,0,6,0,0,1,0,1,2,0
fer0025634.png,0,0,0,9,0,0,0,0,1,0
fer0025635.png,6,0,0,3,0,0,0,0,1,0
fer0025636.png,6,0,0,4,0,0,0,0,0,0
fer0025637.png,0,9,1,0,0,0,0,0,0,0
fer0025638.png,1,0,0,0,1,1,0,7,0,0
fer0025639.png,0,9,1,0,0,0,0,0,0,0
fer0025640.png,0,10,0,0,0,0,0,0,0,0
fer0025641.png,5,0,0,2,0,0,1,1,1,0
fer0025642.png,0,9,0,0,0,0,0,0,1,0
fer0025643.png,0,0,6,0,0,0,3,0,1,0
fer0025644.png,0,0,1,0,0,0,9,0,0,0
fer0025645.png,0,0,5,0,0,0,5,0,0,0
fer0025646.png,2,0,0,1,3,0,0,0,4,0
fer0025647.png,1,0,1,0,8,0,0,0,0,0
fer0025648.png,1,9,0,0,0,0,0,0,0,0
fer0025649.png,0,0,9,0,0,0,1,0,0,0
fer0025650.png,4,0,2,0,0,0,0,2,2,0
fer0025651.png,2,1,3,0,0,3,1,0,0,0
fer0025652.png,9,0,0,0,0,0,0,0,1,0
fer0025653.png,1,9,0,0,0,0,0,0,0,0
fer0025654.png,0,10,0,0,0,0,0,0,0,0
fer0025655.png,0,0,0,2,3,0,0,0,5,0
fer0025656.png,0,8,1,0,0,0,0,1,0,0
fer0025657.png,9,0,0,0,1,0,0,0,0,0
fer0025658.png,0,0,6,2,0,0,2,0,0,0
fer0025659.png,3,0,0,7,0,0,0,0,0,0
fer0025660.png,4,0,0,6,0,0,0,0,0,0
fer0025661.png,0,0,8,0,0,0,0,0,2,0
fer0025662.png,9,0,0,0,0,0,0,0,1,0
fer0025663.png,0,10,0,0,0,0,0,0,0,0
fer0025664.png,4,0,5,0,0,0,0,0,1,0
fer0025665.png,0,10,0,0,0,0,0,0,0,0
fer0025666.png,9,0,1,0,0,0,0,0,0,0
fer0025667.png,1,0,0,9,0,0,0,0,0,0
fer0025668.png,0,0,0,7,0,1,1,0,1,0
fer0025669.png,9,0,0,0,0,0,0,0,1,0
fer0025670.png,4,0,0,6,0,0,0,0,0,0
fer0025671.png,1,9,0,0,0,0,0,0,0,0
fer0025672.png,1,9,0,0,0,0,0,0,0,0
fer0025673.png,2,0,5,0,0,0,1,0,2,0
fer0025674.png,1,0,1,0,6,0,0,0,2,0
fer0025675.png,0,2,7,0,0,0,0,0,1,0
fer0025676.png,0,0,8,0,0,0,0,0,1,1
fer0025677.png,8,0,0,1,0,0,1,0,0,0
fer0025678.png,0,10,0,0,0,0,0,0,0,0
fer0025679.png,9,0,0,0,0,0,0,0,1,0
fer0025680.png,7,0,3,0,0,0,0,0,0,0
fer0025681.png,0,10,0,0,0,0,0,0,0,0
fer0025682.png,0,10,0,0,0,0,0,0,0,0
fer0025683.png,0,0,0,0,3,6,0,0,1,0
fer0025684.png,0,0,5,0,0,0,5,0,0,0
fer0025685.png,0,0,10,0,0,0,0,0,0,0
fer0025686.png,0,0,2,1,2,0,4,0,1,0
fer0025687.png,8,0,0,2,0,0,0,0,0,0
fer0025688.png,0,0,5,0,0,0,5,0,0,0
fer0025689.png,2,0,1,0,4,0,2,0,1,0
fer0025690.png,5,0,0,2,2,0,0,0,1,0
fer0025691.png,4,0,0,5,0,0,0,1,0,0
fer0025692.png,10,0,0,0,0,0,0,0,0,0
fer0025693.png,0,10,0,0,0,0,0,0,0,0
fer0025694.png,0,7,1,0,0,0,0,0,2,0
fer0025695.png,6,0,0,1,1,0,2,0,0,0
fer0025696.png,3,0,1,4,0,0,0,0,2,0
fer0025697.png,9,0,0,1,0,0,0,0,0,0
fer0025698.png,9,0,0,0,0,0,0,0,1,0
fer0025699.png,3,0,5,0,0,0,1,0,1,0
fer0025700.png,0,10,0,0,0,0,0,0,0,0
fer0025701.png,0,0,0,0,7,1,0,1,1,0
fer0025702.png,1,9,0,0,0,0,0,0,0,0
fer0025703.png,0,9,1,0,0,0,0,0,0,0
fer0025704.png,0,5,0,0,4,0,0,0,1,0
fer0025705.png,0,0,0,0,9,0,0,0,1,0
fer0025706.png,10,0,0,0,0,0,0,0,0,0
fer0025707.png,7,0,0,1,0,1,0,1,0,0
fer0025708.png,0,0,10,0,0,0,0,0,0,0
fer0025709.png,4,5,0,1,0,0,0,0,0,0
fer0025710.png,5,0,3,1,0,0,0,0,1,0
fer0025711.png,0,10,0,0,0,0,0,0,0,0
fer0025712.png,0,5,0,1,1,0,1,0,2,0
fer0025713.png,2,0,0,6,1,0,0,0,1,0
fer0025714.png,0,10,0,0,0,0,0,0,0,0
fer0025715.png,0,0,6,0,0,0,3,1,0,0
fer0025716.png,4,1,5,0,0,0,0,0,0,0
fer0025717.png,3,0,0,5,1,0,0,1,0,0
fer0025718.png,4,0,0,6,0,0,0,0,0,0
fer0025719.png,0,0,8,0,0,0,0,0,2,0
fer0025720.png,0,9,0,0,0,0,0,0,1,0
fer0025721.png,3,0,0,1,2,0,0,1,3,0
fer0025722.png,1,1,3,0,5,0,0,0,0,0
fer0025723.png,1,9,0,0,0,0,0,0,0,0
fer0025724.png,3,0,4,0,0,0,2,0,1,0
fer0025725.png,1,4,0,3,0,1,0,0,1,0
fer0025726.png,1,8,1,0,0,0,0,0,0,0
fer0025727.png,0,0,5,0,3,0,0,0,2,0
fer0025728.png,2,0,1,4,0,0,1,0,2,0
fer0025729.png,7,0,0,0,2,0,0,1,0,0
fer0025730.png,2,0,5,0,0,0,0,1,2,0
fer0025731.png,10,0,0,0,0,0,0,0,0,0
fer0025732.png,3,0,0,3,0,0,0,3,1,0
fer0025733.png,5,0,0,5,0,0,0,0,0,0
fer0025734.png,8,0,0,0,0,0,0,1,1,0
fer0025735.png,8,1,0,0,0,0,0,0,1,0
fer0025736.png,1,0,2,0,3,0,4,0,0,0
fer0025737.png,0,0,0,10,0,0,0,0,0,0
fer0025738.png,0,10,0,0,0,0,0,0,0,0
fer0025739.png,10,0,0,0,0,0,0,0,0,0
fer0025740.png,7,0,0,1,2,0,0,0,0,0
fer0025741.png,0,0,1,0,9,0,0,0,0,0
fer0025742.png,2,0,4,1,3,0,0,0,0,0
fer0025743.png,0,10,0,0,0,0,0,0,0,0
fer0025744.png,8,0,0,0,1,0,1,0,0,0
fer0025745.png,1,1,0,0,8,0,0,0,0,0
fer0025746.png,3,0,0,7,0,0,0,0,0,0
fer0025747.png,1,0,0,0,8,1,0,0,0,0
fer0025748.png,0,10,0,0,0,0,0,0,0,0
fer0025749.png,0,10,0,0,0,0,0,0,0,0
fer0025750.png,1,0,8,0,0,0,1,0,0,0
fer0025751.png,6,0,0,0,4,0,0,0,0,0
fer0025752.png,6,0,0,1,1,0,0,0,2,0
fer0025753.png,7,0,0,3,0,0,0,0,0,0
fer0025754.png,0,0,1,0,1,0,8,0,0,0
fer0025755.png,0,10,0,0,0,0,0,0,0,0
fer0025756.png,1,1,8,0,0,0,0,0,0,0
fer0025757.png,9,0,0,1,0,0,0,0,0,0
fer0025758.png,8,0,0,0,0,0,0,0,2,0
fer0025759.png,8,0,0,0,1,0,0,0,1,0
fer0025760.png,10,0,0,0,0,0,0,0,0,0
fer0025761.png,1,9,0,0,0,0,0,0,0,0
fer0025762.png,1,9,0,0,0,0,0,0,0,0
fer0025763.png,1,9,0,0,0,0,0,0,0,0
fer0025764.png,3,0,0,6,0,0,0,0,1,0
fer0025765.png,3,0,0,4,0,1,0,0,2,0
fer0025766.png,5,0,0,5,0,0,0,0,0,0
fer0025767.png,2,0,0,1,4,2,0,1,0,0
fer0025768.png,3,0,0,6,0,0,0,0,1,0
fer0025769.png,1,0,0,9,0,0,0,0,0,0
fer0025770.png,1,0,7,0,0,0,1,0,1,0
fer0025771.png,4,5,0,0,0,0,0,0,1,0
fer0025772.png,7,0,0,0,3,0,0,0,0,0
fer0025773.png,0,10,0,0,0,0,0,0,0,0
fer0025774.png,1,0,9,0,0,0,0,0,0,0
fer0025775.png,2,0,0,7,0,0,0,0,1,0
fer0025776.png,0,0,1,6,3,0,0,0,0,0
fer0025777.png,7,0,0,3,0,0,0,0,0,0
fer0025778.png,4,0,0,3,2,0,0,0,1,0
fer0025779.png,0,1,1,1,4,0,0,0,3,0
fer0025780.png,4,5,0,0,0,0,0,0,1,0
fer0025781.png,0,0,1,0,2,5,1,1,0,0
fer0025782.png,0,10,0,0,0,0,0,0,0,0
fer0025783.png,5,0,0,0,0,0,1,3,1,0
fer0025784.png,0,6,4,0,0,0,0,0,0,0
fer0025785.png,8,0,0,2,0,0,0,0,0,0
fer0025786.png,2,0,5,0,2,0,0,0,1,0
fer0025787.png,9,0,1,0,0,0,0,0,0,0
fer0025788.png,0,9,1,0,0,0,0,0,0,0
fer0025789.png,1,8,0,0,0,0,0,0,1,0
fer0025790.png,5,0,3,1,0,0,0,0,1,0
fer0025791.png,3,0,0,6,0,0,0,0,1,0
fer0025792.png,9,0,0,0,0,0,1,0,0,0
fer0025793.png,3,2,0,2,1,0,0,2,0,0
fer0025794.png,8,0,0,2,0,0,0,0,0,0
fer0025795.png,5,0,0,2,1,0,0,0,2,0
fer0025796.png,8,0,0,0,0,0,0,1,1,0
fer0025797.png,0,0,0,8,0,0,1,0,1,0
fer0025798.png,7,3,0,0,0,0,0,0,0,0
fer0025799.png,4,1,0,4,0,0,0,0,1,0
fer0025800.png,0,0,2,0,2,0,6,0,0,0
fer0025801.png,4,0,0,3,0,0,0,1,2,0
fer0025802.png,10,0,0,0,0,0,0,0,0,0
fer0025803.png,0,10,0,0,0,0,0,0,0,0
fer0025804.png,1,8,0,0,0,0,0,0,1,0
fer0025805.png,3,0,0,4,0,1,1,0,1,0
fer0025806.png,0,3,1,0,0,0,2,0,4,0
fer0025807.png,0,9,1,0,0,0,0,0,0,0
fer0025808.png,0,4,2,0,1,0,0,0,3,0
fer0025809.png,3,0,0,0,7,0,0,0,0,0
fer0025810.png,0,0,0,0,10,0,0,0,0,0
fer0025811.png,0,0,2,0,0,0,8,0,0,0
fer0025812.png,10,0,0,0,0,0,0,0,0,0
fer0025813.png,0,10,0,0,0,0,0,0,0,0
fer0025814.png,0,0,8,0,0,0,2,0,0,0
fer0025815.png,0,1,0,0,0,0,0,9,0,0
fer0025816.png,1,8,0,0,0,0,0,0,1,0
fer0025817.png,0,0,0,0,10,0,0,0,0,0
fer0025818.png,8,0,0,2,0,0,0,0,0,0
fer0025819.png,2,0,0,4,0,0,0,0,4,0
fer0025820.png,0,0,0,0,9,0,0,0,1,0
fer0025821.png,0,10,0,0,0,0,0,0,0,0
fer0025822.png,5,0,0,0,0,0,0,3,2,0
fer0025823.png,0,10,0,0,0,0,0,0,0,0
fer0025824.png,3,0,0,2,0,0,0,1,4,0
fer0025825.png,2,1,0,0,5,2,0,0,0,0
fer0025826.png,0,1,4,1,0,2,0,0,2,0
fer0025827.png,2,0,0,4,0,0,0,0,4,0
fer0025828.png,0,0,8,0,0,0,1,0,1,0
fer0025829.png,8,1,0,0,0,0,0,0,1,0
fer0025830.png,5,2,3,0,0,0,0,0,0,0
fer0025831.png,0,0,0,0,8,0,1,0,1,0
fer0025832.png,5,0,1,0,2,0,0,0,2,0
fer0025833.png,0,10,0,0,0,0,0,0,0,0
fer0025834.png,2,0,0,5,0,0,0,1,2,0
fer0025835.png,0,10,0,0,0,0,0,0,0,0
fer0025836.png,1,8,0,1,0,0,0,0,0,0
fer0025837.png,8,0,0,2,0,0,0,0,0,0
fer0025838.png,0,0,0,0,9,0,0,0,1,0
fer0025839.png,0,0,3,1,0,3,2,0,1,0
fer0025840.png,0,6,4,0,0,0,0,0,0,0
fer0025841.png,0,10,0,0,0,0,0,0,0,0
fer0025842.png,1,1,0,2,1,1,0,0,4,0
fer0025843.png,1,0,4,2,0,0,3,0,0,0
fer0025844.png,0,0,1,0,9,0,0,0,0,0
fer0025845.png,7,0,0,1,0,0,0,2,0,0
fer0025846.png,10,0,0,0,0,0,0,0,0,0
fer0025847.png,3,0,0,4,0,0,0,0,3,0
fer0025848.png,1,5,0,2,0,0,0,0,2,0
fer0025849.png,4,0,2,4,0,0,0,0,0,0
fer0025850.png,0,10,0,0,0,0,0,0,0,0
fer0025851.png,3,0,0,4,0,0,0,0,3,0
fer0025852.png,9,0,0,1,0,0,0,0,0,0
fer0025853.png,7,0,1,1,0,0,0,1,0,0
fer0025854.png,5,4,0,0,0,0,0,0,1,0
fer0025855.png,0,0,0,0,7,2,0,0,1,0
fer0025856.png,5,0,1,0,0,0,0,2,2,0
fer0025857.png,1,0,0,0,8,0,0,0,1,0
fer0025858.png,1,0,6,1,1,0,0,0,1,0
fer0025859.png,0,0,2,2,2,1,2,0,1,0
fer0025860.png,0,3,5,0,1,0,1,0,0,0
fer0025861.png,1,0,0,0,7,1,1,0,0,0
fer0025862.png,4,0,2,0,0,0,1,0,3,0
fer0025863.png,2,0,0,0,1,0,1,4,2,0
fer0025864.png,10,0,0,0,0,0,0,0,0,0
fer0025865.png,7,0,0,3,0,0,0,0,0,0
fer0025866.png,0,10,0,0,0,0,0,0,0,0
fer0025867.png,0,0,9,0,0,0,1,0,0,0
fer0025868.png,1,9,0,0,0,0,0,0,0,0
fer0025869.png,0,10,0,0,0,0,0,0,0,0
fer0025870.png,0,10,0,0,0,0,0,0,0,0
fer0025871.png,10,0,0,0,0,0,0,0,0,0
fer0025872.png,9,0,0,1,0,0,0,0,0,0
fer0025873.png,1,1,6,0,0,0,1,0,1,0
fer0025874.png,4,0,5,0,0,0,0,0,1,0
fer0025875.png,3,0,0,3,1,0,0,2,1,0
fer0025876.png,1,0,0,9,0,0,0,0,0,0
fer0025877.png,2,0,0,0,6,2,0,0,0,0
fer0025878.png,3,1,0,2,1,0,0,0,3,0
fer0025879.png,0,10,0,0,0,0,0,0,0,0
fer0025880.png,0,10,0,0,0,0,0,0,0,0
fer0025881.png,0,9,0,0,0,0,0,0,1,0
fer0025882.png,0,9,0,0,0,0,0,0,1,0
fer0025883.png,0,1,3,0,6,0,0,0,0,0
fer0025884.png,2,0,0,8,0,0,0,0,0,0
fer0025885.png,2,0,0,6,0,0,0,1,1,0
fer0025886.png,8,0,0,0,0,1,0,1,0,0
fer0025887.png,0,0,6,0,0,1,0,1,2,0
fer0025888.png,0,0,0,5,0,4,0,0,1,0
fer0025889.png,2,0,0,6,0,1,0,0,1,0
fer0025890.png,1,1,0,3,4,0,0,0,1,0
fer0025891.png,9,1,0,0,0,0,0,0,0,0
fer0025892.png,0,0,10,0,0,0,0,0,0,0
fer0025893.png,10,0,0,0,0,0,0,0,0,0
fer0025894.png,6,0,0,4,0,0,0,0,0,0
fer0025895.png,8,2,0,0,0,0,0,0,0,0
fer0025896.png,3,0,0,7,0,0,0,0,0,0
fer0025897.png,8,0,0,0,0,0,0,1,1,0
fer0025898.png,6,0,0,4,0,0,0,0,0,0
fer0025899.png,0,10,0,0,0,0,0,0,0,0
fer0025900.png,2,0,5,0,0,0,0,0,3,0
fer0025901.png,1,3,6,0,0,0,0,0,0,0
fer0025902.png,8,1,0,1,0,0,0,0,0,0
fer0025903.png,9,0,0,0,0,0,0,0,1,0
fer0025904.png,8,0,0,2,0,0,0,0,0,0
fer0025905.png,1,2,2,1,1,0,0,0,2,1
fer0025906.png,8,0,0,1,0,0,0,1,0,0
fer0025907.png,0,0,1,0,8,0,0,0,1,0
fer0025908.png,10,0,0,0,0,0,0,0,0,0
fer0025909.png,4,0,2,1,0,0,0,0,3,0
fer0025910.png,0,0,1,0,7,0,1,0,1,0
fer0025911.png,8,0,0,1,1,0,0,0,0,0
fer0025912.png,5,2,0,0,0,0,0,2,1,0
fer0025913.png,6,0,0,3,0,0,0,0,1,0
fer0025914.png,2,8,0,0,0,0,0,0,0,0
fer0025915.png,0,9,1,0,0,0,0,0,0,0
fer0025916.png,0,0,0,10,0,0,0,0,0,0
fer0025917.png,7,0,0,2,0,0,0,0,1,0
fer0025918.png,0,0,0,8,0,0,0,0,2,0
fer0025919.png,0,9,0,0,0,0,0,0,1,0
fer0025920.png,0,10,0,0,0,0,0,0,0,0
fer0025921.png,1,0,7,0,0,0,1,0,1,0
fer0025922.png,6,0,0,3,1,0,0,0,0,0
fer0025923.png,0,10,0,0,0,0,0,0,0,0
fer0025924.png,7,1,0,0,0,0,0,1,1,0
fer0025925.png,0,10,0,0,0,0,0,0,0,0
fer0025926.png,1,9,0,0,0,0,0,0,0,0
fer0025927.png,5,0,0,1,0,0,0,0,4,0
fer0025928.png,0,0,7,0,0,0,3,0,0,0
fer0025929.png,1,9,0,0,0,0,0,0,0,0
fer0025930.png,0,0,5,0,0,0,4,0,1,0
fer0025931.png,7,1,0,0,0,0,0,2,0,0
fer0025932.png,4,1,0,2,0,0,0,1,2,0
fer0025933.png,2,0,6,0,0,0,2,0,0,0
fer0025934.png,0,0,6,1,0,0,3,0,0,0
fer0025935.png,0,0,0,1,6,3,0,0,0,0
fer0025936.png,0,0,8,0,0,0,1,1,0,0
fer0025937.png,5,0,0,1,0,0,0,2,2,0
fer0025938.png,5,0,0,5,0,0,0,0,0,0
fer0025939.png,7,0,0,2,0,0,0,0,1,0
fer0025940.png,0,10,0,0,0,0,0,0,0,0
fer0025941.png,4,0,1,1,3,0,0,1,0,0
fer0025942.png,8,0,0,0,0,0,0,1,1,0
fer0025943.png,1,0,7,2,0,0,0,0,0,0
fer0025944.png,2,8,0,0,0,0,0,0,0,0
fer0025945.png,7,0,0,1,0,0,0,0,2,0
fer0025946.png,10,0,0,0,0,0,0,0,0,0
fer0025947.png,6,0,0,2,2,0,0,0,0,0
fer0025948.png,0,10,0,0,0,0,0,0,0,0
fer0025949.png,2,8,0,0,0,0,0,0,0,0
fer0025950.png,1,0,0,5,0,0,0,3,1,0
fer0025951.png,0,10,0,0,0,0,0,0,0,0
fer0025952.png,2,0,1,3,1,0,1,0,2,0
fer0025953.png,0,10,0,0,0,0,0,0,0,0
fer0025954.png,2,0,0,1,5,1,0,0,1,0
fer0025955.png,0,0,5,0,0,1,3,1,0,0
fer0025956.png,8,0,0,1,0,0,0,0,1,0
fer0025957.png,8,0,0,0,0,0,0,0,2,0
fer0025958.png,4,0,1,0,3,1,0,1,0,0
fer0025959.png,0,10,0,0,0,0,0,0,0,0
fer0025960.png,1,9,0,0,0,0,0,0,0,0
fer0025961.png,0,1,1,0,7,1,0,0,0,0
fer0025962.png,1,0,8,0,0,0,1,0,0,0
fer0025963.png,0,0,1,9,0,0,0,0,0,0
fer0025964.png,2,7,0,0,0,0,0,0,1,0
fer0025965.png,0,10,0,0,0,0,0,0,0,0
fer0025966.png,0,10,0,0,0,0,0,0,0,0
fer0025967.png,0,10,0,0,0,0,0,0,0,0
fer0025968.png,0,0,9,0,0,0,0,0,1,0
fer0025969.png,7,3,0,0,0,0,0,0,0,0
fer0025970.png,2,0,0,4,0,1,0,1,2,0
fer0025971.png,0,0,4,1,5,0,0,0,0,0
fer0025972.png,0,0,1,6,0,0,3,0,0,0
fer0025973.png,3,0,0,3,1,1,0,0,2,0
fer0025974.png,0,0,2,3,3,0,1,0,1,0
fer0025975.png,10,0,0,0,0,0,0,0,0,0
fer0025976.png,2,0,0,7,0,0,0,0,1,0
fer0025977.png,0,0,7,0,0,0,2,0,1,0
fer0025978.png,0,0,1,7,0,0,1,1,0,0
fer0025979.png,0,10,0,0,0,0,0,0,0,0
fer0025980.png,0,0,8,0,0,0,2,0,0,0
fer0025981.png,4,0,3,2,0,0,0,0,1,0
fer0025982.png,9,0,0,0,0,0,0,0,1,0
fer0025983.png,0,10,0,0,0,0,0,0,0,0
fer0025984.png,4,0,0,0,3,1,0,1,1,0
fer0025985.png,0,0,0,3,6,0,1,0,0,0
fer0025986.png,0,0,0,10,0,0,0,0,0,0
fer0025987.png,4,0,0,4,0,1,0,0,1,0
fer0025988.png,0,10,0,0,0,0,0,0,0,0
fer0025989.png,6,0,1,1,0,0,0,0,2,0
fer0025990.png,0,10,0,0,0,0,0,0,0,0
fer0025991.png,1,0,0,5,0,0,1,0,3,0
fer0025992.png,6,0,0,0,3,1,0,0,0,0
fer0025993.png,2,8,0,0,0,0,0,0,0,0
fer0025994.png,0,10,0,0,0,0,0,0,0,0
fer0025995.png,9,0,0,1,0,0,0,0,0,0
fer0025996.png,0,3,7,0,0,0,0,0,0,0
fer0025997.png,1,0,0,7,1,0,0,0,1,0
fer0025998.png,8,0,2,0,0,0,0,0,0,0
fer0025999.png,2,1,0,6,1,0,0,0,0,0
fer0026000.png,9,0,0,0,0,0,0,1,0,0
fer0026001.png,0,10,0,0,0,0,0,0,0,0
fer0026002.png,4,0,0,4,0,0,0,0,2,0
fer0026003.png,8,0,0,0,0,0,0,2,0,0
fer0026004.png,5,0,0,4,0,0,0,0,1,0
fer0026005.png,0,10,0,0,0,0,0,0,0,0
fer0026006.png,1,0,2,3,0,2,1,0,1,0
fer0026007.png,0,0,9,0,0,0,0,0,1,0
fer0026008.png,0,0,0,0,10,0,0,0,0,0
fer0026009.png,0,0,10,0,0,0,0,0,0,0
fer0026010.png,1,4,3,2,0,0,0,0,0,0
fer0026011.png,10,0,0,0,0,0,0,0,0,0
fer0026012.png,1,0,0,9,0,0,0,0,0,0
fer0026013.png,0,10,0,0,0,0,0,0,0,0
fer0026014.png,2,0,1,5,1,0,0,0,1,0
fer0026015.png,8,0,0,1,0,0,0,1,0,0
fer0026016.png,7,1,0,1,0,0,0,0,1,0
fer0026017.png,0,0,0,0,10,0,0,0,0,0
fer0026018.png,0,10,0,0,0,0,0,0,0,0
fer0026019.png,0,1,8,0,0,0,1,0,0,0
fer0026020.png,9,0,1,0,0,0,0,0,0,0
fer0026021.png,1,0,2,2,4,1,0,0,0,0
fer0026022.png,1,0,0,0,9,0,0,0,0,0
fer0026023.png,0,10,0,0,0,0,0,0,0,0
fer0026024.png,0,1,0,0,8,0,0,0,1,0
fer0026025.png,0,10,0,0,0,0,0,0,0,0
fer0026026.png,1,8,0,0,0,0,0,0,1,0
fer0026027.png,5,0,0,5,0,0,0,0,0,0
fer0026028.png,0,0,0,10,0,0,0,0,0,0
fer0026029.png,1,0,1,0,7,0,0,0,1,0
fer0026030.png,4,0,0,5,0,0,0,0,1,0
fer0026031.png,0,10,0,0,0,0,0,0,0,0
fer0026032.png,7,0,0,1,2,0,0,0,0,0
fer0026033.png,0,0,0,0,10,0,0,0,0,0
fer0026034.png,1,1,8,0,0,0,0,0,0,0
fer0026035.png,0,0,8,0,0,0,2,0,0,0
fer0026036.png,9,0,0,0,0,0,0,0,1,0
fer0026037.png,4,5,0,0,0,0,0,1,0,0
fer0026038.png,1,0,0,7,0,1,0,0,1,0
fer0026039.png,4,0,0,0,1,1,0,4,0,0
fer0026040.png,0,10,0,0,0,0,0,0,0,0
fer0026041.png,3,0,6,0,0,0,1,0,0,0
fer0026042.png,6,0,0,2,0,0,0,1,1,0
fer0026043.png,0,10,0,0,0,0,0,0,0,0
fer0026044.png,10,0,0,0,0,0,0,0,0,0
fer0026045.png,6,1,0,1,0,0,0,0,2,0
fer0026046.png,6,3,0,0,0,0,0,0,1,0
fer0026047.png,0,0,8,0,0,0,2,0,0,0
fer0026048.png,1,0,4,0,1,0,4,0,0,0
fer0026049.png,2,0,0,6,0,0,2,0,0,0
fer0026050.png,0,0,1,0,3,0,3,0,3,0
fer0026051.png,8,0,0,0,0,0,0,0,2,0
fer0026052.png,0,10,0,0,0,0,0,0,0,0
fer0026053.png,1,0,8,0,0,0,1,0,0,0
fer0026054.png,9,0,0,1,0,0,0,0,0,0
fer0026055.png,5,0,0,1,0,0,0,3,1,0
fer0026056.png,1,0,1,0,8,0,0,0,0,0
fer0026057.png,5,0,0,0,2,2,0,1,0,0
fer0026058.png,0,10,0,0,0,0,0,0,0,0
fer0026059.png,6,0,1,3,0,0,0,0,0,0
fer0026060.png,0,0,6,0,1,0,0,0,3,0
fer0026061.png,1,9,0,0,0,0,0,0,0,0
fer0026062.png,0,5,5,0,0,0,0,0,0,0
fer0026063.png,0,0,9,0,0,0,0,0,1,0
fer0026064.png,8,0,0,0,0,0,1,0,1,0
fer0026065.png,0,0,10,0,0,0,0,0,0,0
fer0026066.png,0,0,9,0,0,0,0,0,1,0
fer0026067.png,9,0,0,0,0,0,0,0,1,0
fer0026068.png,1,0,7,0,0,0,1,0,1,0
fer0026069.png,3,0,4,0,1,0,1,0,1,0
fer0026070.png,0,0,0,1,9,0,0,0,0,0
fer0026071.png,9,0,0,1,0,0,0,0,0,0
fer0026072.png,2,0,0,5,0,0,0,0,3,0
fer0026073.png,3,7,0,0,0,0,0,0,0,0
fer0026074.png,1,3,4,0,0,0,0,0,2,0
fer0026075.png,6,0,0,1,0,0,0,1,2,0
fer0026076.png,0,9,1,0,0,0,0,0,0,0
fer0026077.png,0,10,0,0,0,0,0,0,0,0
fer0026078.png,10,0,0,0,0,0,0,0,0,0
fer0026079.png,2,1,0,0,1,2,2,2,0,0
fer0026080.png,1,9,0,0,0,0,0,0,0,0
fer0026081.png,0,1,9,0,0,0,0,0,0,0
fer0026082.png,0,0,1,3,1,0,5,0,0,0
fer0026083.png,0,8,0,0,0,0,0,0,2,0
fer0026084.png,7,0,2,1,0,0,0,0,0,0
fer0026085.png,0,0,9,0,0,0,1,0,0,0
fer0026086.png,10,0,0,0,0,0,0,0,0,0
fer0026087.png,8,0,0,2,0,0,0,0,0,0
fer0026088.png,0,10,0,0,0,0,0,0,0,0
fer0026089.png,0,0,10,0,0,0,0,0,0,0
fer0026090.png,5,0,1,3,0,0,1,0,0,0
fer0026091.png,1,8,0,1,0,0,0,0,0,0
fer0026092.png,0,10,0,0,0,0,0,0,0,0
fer0026093.png,0,10,0,0,0,0,0,0,0,0
fer0026094.png,8,0,0,0,0,0,0,0,2,0
fer0026095.png,6,0,1,0,2,1,0,0,0,0
fer0026096.png,1,0,2,0,6,0,0,0,1,0
fer0026097.png,9,0,0,1,0,0,0,0,0,0
fer0026098.png,8,0,0,2,0,0,0,0,0,0
fer0026099.png,0,10,0,0,0,0,0,0,0,0
fer0026100.png,8,2,0,0,0,0,0,0,0,0
fer0026101.png,5,0,0,3,0,0,0,0,2,0
fer0026102.png,1,8,0,0,1,0,0,0,0,0
fer0026103.png,1,1,0,2,3,1,0,0,2,0
fer0026104.png,4,0,0,3,0,0,0,0,3,0
fer0026105.png,2,0,0,7,0,0,0,0,1,0
fer0026106.png,1,0,8,0,0,0,1,0,0,0
fer0026107.png,0,0,1,1,7,0,0,0,1,0
fer0026108.png,1,0,0,4,0,0,0,4,1,0
fer0026109.png,4,0,2,0,0,0,1,0,3,0
fer0026110.png,4,0,0,1,3,1,0,0,1,0
fer0026111.png,0,0,1,0,9,0,0,0,0,0
fer0026112.png,8,0,1,0,0,0,0,1,0,0
fer0026113.png,0,0,9,0,0,0,1,0,0,0
fer0026114.png,5,0,0,0,4,0,0,0,1,0
fer0026115.png,6,0,0,2,1,0,0,1,0,0
fer0026116.png,4,0,0,3,1,0,0,1,1,0
fer0026117.png,3,0,0,1,1,2,0,2,1,0
fer0026118.png,0,0,0,0,9,0,0,0,1,0
fer0026119.png,0,0,8,0,0,0,1,1,0,0
fer0026120.png,9,0,0,0,0,0,0,0,1,0
fer0026121.png,10,0,0,0,0,0,0,0,0,0
fer0026122.png,9,0,0,0,0,0,0,0,1,0
fer0026123.png,10,0,0,0,0,0,0,0,0,0
fer0026124.png,1,8,0,0,0,0,0,0,1,0
fer0026125.png,7,1,2,0,0,0,0,0,0,0
fer0026126.png,2,0,0,0,8,0,0,0,0,0
fer0026127.png,0,0,0,9,1,0,0,0,0,0
fer0026128.png,8,0,0,2,0,0,0,0,0,0
fer0026129.png,1,9,0,0,0,0,0,0,0,0
fer0026130.png,0,10,0,0,0,0,0,0,0,0
fer0026131.png,0,0,0,10,0,0,0,0,0,0
fer0026132.png,10,0,0,0,0,0,0,0,0,0
fer0026133.png,8,0,0,1,1,0,0,0,0,0
fer0026134.png,0,10,0,0,0,0,0,0,0,0
fer0026135.png,7,0,0,3,0,0,0,0,0,0
fer0026136.png,1,0,0,9,0,0,0,0,0,0
fer0026137.png,0,0,9,0,1,0,0,0,0,0
fer0026138.png,0,10,0,0,0,0,0,0,0,0
fer0026139.png,0,10,0,0,0,0,0,0,0,0
fer0026140.png,0,8,1,0,0,0,0,0,1,0
fer0026141.png,6,0,0,2,1,0,0,0,1,0
fer0026142.png,7,0,0,0,0,0,0,2,1,0
fer0026143.png,2,0,0,4,0,0,3,0,1,0
fer0026144.png,4,0,4,1,0,0,1,0,0,0
fer0026145.png,0,10,0,0,0,0,0,0,0,0
fer0026146.png,5,0,0,4,0,0,0,0,1,0
fer0026147.png,0,10,0,0,0,0,0,0,0,0
fer0026148.png,1,1,6,0,0,0,0,0,2,0
fer0026149.png,4,5,1,0,0,0,0,0,0,0
fer0026150.png,9,0,0,0,0,0,0,0,1,0
fer0026151.png,8,0,0,0,0,0,0,0,2,0
fer0026152.png,3,0,5,1,0,0,1,0,0,0
fer0026153.png,1,0,0,9,0,0,0,0,0,0
fer0026154.png,1,0,3,0,5,0,1,0,0,0
fer0026155.png,0,10,0,0,0,0,0,0,0,0
fer0026156.png,9,0,0,1,0,0,0,0,0,0
fer0026157.png,0,10,0,0,0,0,0,0,0,0
fer0026158.png,7,0,0,2,0,0,0,0,1,0
fer0026159.png,1,0,1,0,3,0,0,0,5,0
fer0026160.png,10,0,0,0,0,0,0,0,0,0
fer0026161.png,2,0,0,2,5,0,1,0,0,0
fer0026162.png,0,0,0,3,0,0,7,0,0,0
fer0026163.png,6,0,0,3,0,0,0,0,1,0
fer0026164.png,4,0,1,4,0,0,1,0,0,0
fer0026165.png,0,0,0,10,0,0,0,0,0,0
fer0026166.png,10,0,0,0,0,0,0,0,0,0
fer0026167.png,2,0,7,0,0,0,1,0,0,0
fer0026168.png,4,0,1,1,4,0,0,0,0,0
fer0026169.png,3,0,0,7,0,0,0,0,0,0
fer0026170.png,10,0,0,0,0,0,0,0,0,0
fer0026171.png,1,8,0,0,0,0,0,0,1,0
fer0026172.png,0,1,7,0,1,0,0,0,1,0
fer0026173.png,3,0,0,1,2,2,0,2,0,0
fer0026174.png,0,10,0,0,0,0,0,0,0,0
fer0026175.png,1,9,0,0,0,0,0,0,0,0
fer0026176.png,0,0,10,0,0,0,0,0,0,0
fer0026177.png,0,10,0,0,0,0,0,0,0,0
fer0026178.png,6,0,0,4,0,0,0,0,0,0
fer0026179.png,6,0,0,3,0,0,0,0,1,0
fer0026180.png,0,10,0,0,0,0,0,0,0,0
fer0026181.png,3,0,0,2,3,1,0,0,1,0
fer0026182.png,6,0,1,2,0,0,0,1,0,0
fer0026183.png,0,0,3,0,0,0,7,0,0,0
fer0026184.png,7,1,0,2,0,0,0,0,0,0
fer0026185.png,1,9,0,0,0,0,0,0,0,0
fer0026186.png,8,0,0,0,1,0,0,0,1,0
fer0026187.png,3,0,0,4,0,1,0,0,2,0
fer0026188.png,0,0,0,0,10,0,0,0,0,0
fer0026189.png,3,0,1,2,3,1,0,0,0,0
fer0026190.png,0,9,1,0,0,0,0,0,0,0
fer0026191.png,1,9,0,0,0,0,0,0,0,0
fer0026192.png,1,0,0,0,7,1,0,1,0,0
fer0026193.png,2,8,0,0,0,0,0,0,0,0
fer0026194.png,6,4,0,0,0,0,0,0,0,0
fer0026195.png,0,10,0,0,0,0,0,0,0,0
fer0026196.png,2,0,0,0,6,0,0,0,2,0
fer0026197.png,4,0,0,1,2,1,0,0,2,0
fer0026198.png,5,1,1,1,0,0,0,1,1,0
fer0026199.png,1,9,0,0,0,0,0,0,0,0
fer0026200.png,0,0,0,1,9,0,0,0,0,0
fer0026201.png,7,1,0,0,0,0,0,1,1,0
fer0026202.png,5,0,0,3,0,0,0,0,2,0
fer0026203.png,2,0,0,6,1,1,0,0,0,0
fer0026204.png,10,0,0,0,0,0,0,0,0,0
fer0026205.png,6,3,0,0,0,0,0,0,1,0
fer0026206.png,0,0,8,0,0,0,2,0,0,0
fer0026207.png,1,9,0,0,0,0,0,0,0,0
fer0026208.png,0,0,0,4,5,0,1,0,0,0
fer0026209.png,0,0,0,10,0,0,0,0,0,0
fer0026210.png,2,0,0,6,0,1,0,1,0,0
fer0026211.png,8,0,0,1,0,0,0,1,0,0
fer0026212.png,0,10,0,0,0,0,0,0,0,0
fer0026213.png,8,1,0,0,0,0,0,1,0,0
fer0026214.png,7,0,0,0,0,1,0,0,2,0
fer0026215.png,0,10,0,0,0,0,0,0,0,0
fer0026216.png,2,0,0,6,0,1,0,0,1,0
fer0026217.png,0,10,0,0,0,0,0,0,0,0
fer0026218.png,3,0,0,4,1,0,0,0,2,0
fer0026219.png,1,0,0,9,0,0,0,0,0,0
fer0026220.png,1,0,0,9,0,0,0,0,0,0
fer0026221.png,3,0,0,6,0,0,0,0,1,0
fer0026222.png,0,10,0,0,0,0,0,0,0,0
fer0026223.png,0,10,0,0,0,0,0,0,0,0
fer0026224.png,1,3,1,0,1,1,2,0,1,0
fer0026225.png,8,0,0,2,0,0,0,0,0,0
fer0026226.png,0,10,0,0,0,0,0,0,0,0
fer0026227.png,0,0,5,0,0,0,5,0,0,0
fer0026228.png,10,0,0,0,0,0,0,0,0,0
fer0026229.png,1,0,0,9,0,0,0,0,0,0
fer0026230.png,6,0,2,2,0,0,0,0,0,0
fer0026231.png,2,0,0,0,3,3,0,1,1,0
fer0026232.png,0,0,0,10,0,0,0,0,0,0
fer0026233.png,1,9,0,0,0,0,0,0,0,0
fer0026234.png,6,0,0,0,0,0,0,2,2,0
fer0026235.png,0,1,0,0,5,0,3,0,1,0
fer0026236.png,0,0,0,8,2,0,0,0,0,0
fer0026237.png,10,0,0,0,0,0,0,0,0,0
fer0026238.png,0,0,0,9,0,0,0,0,1,0
fer0026239.png,0,10,0,0,0,0,0,0,0,0
fer0026240.png,0,10,0,0,0,0,0,0,0,0
fer0026241.png,0,10,0,0,0,0,0,0,0,0
fer0026242.png,0,0,9,0,0,0,1,0,0,0
fer0026243.png,0,10,0,0,0,0,0,0,0,0
fer0026244.png,8,0,0,1,0,0,0,0,1,0
fer0026245.png,1,0,0,2,5,0,0,0,2,0
fer0026246.png,0,0,0,10,0,0,0,0,0,0
fer0026247.png,0,6,4,0,0,0,0,0,0,0
fer0026248.png,0,0,7,0,0,0,2,0,1,0
fer0026249.png,5,0,0,0,0,1,0,1,3,0
fer0026250.png,8,0,1,0,0,0,0,0,1,0
fer0026251.png,9,0,0,0,0,0,0,0,1,0
fer0026252.png,5,0,0,3,0,0,0,0,2,0
fer0026253.png,6,0,0,3,0,0,0,1,0,0
fer0026254.png,0,0,0,7,2,0,0,0,1,0
fer0026255.png,6,0,2,1,0,0,0,0,1,0
fer0026256.png,4,0,0,4,0,0,1,0,1,0
fer0026257.png,0,0,0,1,0,4,0,2,3,0
fer0026258.png,1,0,0,5,1,3,0,0,0,0
fer0026259.png,10,0,0,0,0,0,0,0,0,0
fer0026260.png,0,0,0,0,7,3,0,0,0,0
fer0026261.png,8,0,0,1,1,0,0,0,0,0
fer0026262.png,1,1,0,5,0,0,0,0,3,0
fer0026263.png,3,0,0,6,0,0,0,0,1,0
fer0026264.png,1,0,4,0,3,0,0,1,1,0
fer0026265.png,9,1,0,0,0,0,0,0,0,0
fer0026266.png,1,0,2,0,0,0,7,0,0,0
fer0026267.png,0,3,0,0,3,0,1,0,3,0
fer0026268.png,3,0,7,0,0,0,0,0,0,0
fer0026269.png,7,0,0,2,0,0,0,0,1,0
fer0026270.png,0,0,1,1,6,0,1,0,1,0
fer0026271.png,1,9,0,0,0,0,0,0,0,0
fer0026272.png,7,0,0,3,0,0,0,0,0,0
fer0026273.png,10,0,0,0,0,0,0,0,0,0
fer0026274.png,3,0,0,3,0,0,0,0,4,0
fer0026275.png,8,0,0,0,0,1,0,0,1,0
fer0026276.png,6,0,0,3,0,0,0,0,1,0
fer0026277.png,1,0,0,0,7,1,0,1,0,0
fer0026278.png,1,9,0,0,0,0,0,0,0,0
fer0026279.png,0,0,0,10,0,0,0,0,0,0
fer0026280.png,0,9,1,0,0,0,0,0,0,0
fer0026281.png,0,4,6,0,0,0,0,0,0,0
fer0026282.png,1,0,8,0,0,0,0,0,1,0
fer0026283.png,0,10,0,0,0,0,0,0,0,0
fer0026284.png,1,1,8,0,0,0,0,0,0,0
fer0026285.png,5,2,0,1,0,0,0,1,1,0
fer0026286.png,2,0,0,2,2,2,0,0,2,0
fer0026287.png,1,0,0,2,0,1,0,3,3,0
fer0026288.png,4,0,0,5,0,0,0,1,0,0
fer0026289.png,0,10,0,0,0,0,0,0,0,0
fer0026290.png,0,10,0,0,0,0,0,0,0,0
fer0026291.png,0,0,1,0,9,0,0,0,0,0
fer0026292.png,0,10,0,0,0,0,0,0,0,0
fer0026293.png,3,7,0,0,0,0,0,0,0,0
fer0026294.png,3,1,5,0,0,0,0,0,1,0
fer0026295.png,0,0,10,0,0,0,0,0,0,0
fer0026296.png,7,0,2,0,0,0,1,0,0,0
fer0026297.png,9,0,0,0,0,0,0,1,0,0
fer0026298.png,0,0,9,0,0,0,0,0,1,0
fer0026299.png,2,0,0,6,0,0,1,0,1,0
fer0026300.png,6,0,0,2,0,0,0,1,1,0
fer0026301.png,0,0,0,10,0,0,0,0,0,0
fer0026302.png,0,0,0,9,1,0,0,0,0,0
fer0026303.png,0,10,0,0,0,0,0,0,0,0
fer0026304.png,0,10,0,0,0,0,0,0,0,0
fer0026305.png,4,0,0,0,0,0,3,2,1,0
fer0026306.png,1,7,0,0,0,0,0,2,0,0
fer0026307.png,7,3,0,0,0,0,0,0,0,0
fer0026308.png,5,5,0,0,0,0,0,0,0,0
fer0026309.png,10,0,0,0,0,0,0,0,0,0
fer0026310.png,1,0,5,1,0,0,2,0,1,0
fer0026311.png,2,0,0,7,0,0,1,0,0,0
fer0026312.png,0,0,4,0,3,0,3,0,0,0
fer0026313.png,0,10,0,0,0,0,0,0,0,0
fer0026314.png,1,0,1,2,1,2,0,0,3,0
fer0026315.png,9,0,0,0,0,0,0,0,1,0
fer0026316.png,5,0,0,1,3,0,0,0,1,0
fer0026317.png,1,0,0,4,3,1,0,0,1,0
fer0026318.png,4,0,2,1,0,0,0,0,3,0
fer0026319.png,0,1,0,2,4,0,1,0,2,0
fer0026320.png,9,0,0,0,0,0,0,0,1,0
fer0026321.png,2,0,7,0,0,0,0,0,1,0
fer0026322.png,7,0,0,2,0,0,0,0,1,0
fer0026323.png,0,0,0,1,4,2,0,3,0,0
fer0026324.png,4,0,0,5,0,0,0,1,0,0
fer0026325.png,10,0,0,0,0,0,0,0,0,0
fer0026326.png,3,0,0,0,0,2,0,5,0,0
fer0026327.png,6,0,0,1,0,0,0,1,2,0
fer0026328.png,3,0,0,1,6,0,0,0,0,0
fer0026329.png,0,10,0,0,0,0,0,0,0,0
fer0026330.png,5,0,0,1,1,0,0,2,1,0
fer0026331.png,0,3,2,0,4,0,0,0,1,0
fer0026332.png,9,0,0,0,0,0,0,0,1,0
fer0026333.png,10,0,0,0,0,0,0,0,0,0
fer0026334.png,7,1,2,0,0,0,0,0,0,0
fer0026335.png,0,0,8,0,0,0,1,0,1,0
fer0026336.png,1,0,0,9,0,0,0,0,0,0
fer0026337.png,1,9,0,0,0,0,0,0,0,0
fer0026338.png,1,9,0,0,0,0,0,0,0,0
fer0026339.png,8,0,0,1,1,0,0,0,0,0
fer0026340.png,1,0,0,8,0,0,0,0,1,0
fer0026341.png,1,0,3,1,0,0,5,0,0,0
fer0026342.png,7,0,0,3,0,0,0,0,0,0
fer0026343.png,1,9,0,0,0,0,0,0,0,0
fer0026344.png,7,0,0,2,1,0,0,0,0,0
fer0026345.png,1,0,0,7,0,0,0,0,2,0
fer0026346.png,8,0,0,0,0,0,0,2,0,0
fer0026347.png,0,10,0,0,0,0,0,0,0,0
fer0026348.png,1,1,6,0,0,1,0,0,1,0
fer0026349.png,8,0,0,1,0,0,0,0,1,0
fer0026350.png,0,1,2,0,4,0,0,0,3,0
fer0026351.png,4,2,0,1,0,0,0,3,0,0
fer0026352.png,0,0,0,10,0,0,0,0,0,0
fer0026353.png,0,9,1,0,0,0,0,0,0,0
fer0026354.png,1,4,5,0,0,0,0,0,0,0
fer0026355.png,6,0,0,1,1,0,0,0,2,0
fer0026356.png,2,0,0,4,0,0,0,1,3,0
fer0026357.png,7,0,0,0,2,0,0,1,0,0
fer0026358.png,1,8,1,0,0,0,0,0,0,0
fer0026359.png,1,2,7,0,0,0,0,0,0,0
fer0026360.png,0,1,7,0,2,0,0,0,0,0
fer0026361.png,0,0,10,0,0,0,0,0,0,0
fer0026362.png,0,10,0,0,0,0,0,0,0,0
fer0026363.png,6,0,0,4,0,0,0,0,0,0
fer0026364.png,0,0,2,0,4,0,3,0,1,0
fer0026365.png,7,0,0,2,0,0,0,0,1,0
fer0026366.png,0,10,0,0,0,0,0,0,0,0
fer0026367.png,1,9,0,0,0,0,0,0,0,0
fer0026368.png,4,0,0,2,1,0,0,1,2,0
fer0026369.png,8,0,0,1,0,0,0,0,1,0
fer0026370.png,7,0,0,0,0,0,0,2,1,0
fer0026371.png,0,0,1,7,1,0,0,0,1,0
fer0026372.png,4,4,0,0,0,0,0,0,2,0
fer0026373.png,8,0,0,1,1,0,0,0,0,0
fer0026374.png,0,0,0,1,8,1,0,0,0,0
fer0026375.png,1,1,0,8,0,0,0,0,0,0
fer0026376.png,1,5,4,0,0,0,0,0,0,0
fer0026377.png,6,0,0,3,1,0,0,0,0,0
fer0026378.png,1,0,0,0,5,2,0,0,2,0
fer0026379.png,7,0,0,2,0,0,0,1,0,0
fer0026380.png,0,0,10,0,0,0,0,0,0,0
fer0026381.png,1,0,0,9,0,0,0,0,0,0
fer0026382.png,0,0,8,0,0,0,1,0,1,0
fer0026383.png,8,0,0,0,0,0,0,1,1,0
fer0026384.png,0,0,9,0,0,0,1,0,0,0
fer0026385.png,10,0,0,0,0,0,0,0,0,0
fer0026386.png,0,0,0,1,3,0,5,1,0,0
fer0026387.png,0,7,3,0,0,0,0,0,0,0
fer0026388.png,0,10,0,0,0,0,0,0,0,0
fer0026389.png,6,1,0,2,0,0,0,1,0,0
fer0026390.png,1,9,0,0,0,0,0,0,0,0
fer0026391.png,0,10,0,0,0,0,0,0,0,0
fer0026392.png,1,9,0,0,0,0,0,0,0,0
fer0026393.png,1,9,0,0,0,0,0,0,0,0
fer0026394.png,6,0,0,3,1,0,0,0,0,0
fer0026395.png,9,0,0,0,0,0,0,0,1,0
fer0026396.png,8,0,0,1,0,0,0,0,1,0
fer0026397.png,6,4,0,0,0,0,0,0,0,0
fer0026398.png,10,0,0,0,0,0,0,0,0,0
fer0026399.png,0,0,7,0,0,0,1,0,2,0
fer0026400.png,0,10,0,0,0,0,0,0,0,0
fer0026401.png,0,0,9,0,0,0,1,0,0,0
fer0026402.png,6,0,0,3,0,0,0,0,1,0
fer0026403.png,9,0,0,0,0,0,0,1,0,0
fer0026404.png,4,0,0,5,0,0,0,0,1,0
fer0026405.png,6,0,0,4,0,0,0,0,0,0
fer0026406.png,0,7,3,0,0,0,0,0,0,0
fer0026407.png,9,0,0,1,0,0,0,0,0,0
fer0026408.png,0,0,8,0,1,0,1,0,0,0
fer0026409.png,2,8,0,0,0,0,0,0,0,0
fer0026410.png,0,10,0,0,0,0,0,0,0,0
fer0026411.png,0,10,0,0,0,0,0,0,0,0
fer0026412.png,0,3,1,0,2,3,0,0,1,0
fer0026413.png,2,1,0,6,0,0,0,0,1,0
fer0026414.png,0,10,0,0,0,0,0,0,0,0
fer0026415.png,0,0,7,0,0,0,3,0,0,0
fer0026416.png,0,0,0,9,0,0,0,0,1,0
fer0026417.png,7,0,2,0,0,0,0,0,1,0
fer0026418.png,2,0,0,6,1,0,0,0,1,0
fer0026419.png,1,0,8,0,0,0,1,0,0,0
fer0026420.png,1,1,6,0,0,0,1,0,1,0
fer0026421.png,0,0,0,2,0,1,2,0,5,0
fer0026422.png,0,0,0,0,10,0,0,0,0,0
fer0026423.png,3,0,0,6,0,0,0,0,1,0
fer0026424.png,8,0,0,1,0,0,0,0,1,0
fer0026425.png,8,0,0,0,0,1,0,0,1,0
fer0026426.png,3,0,0,7,0,0,0,0,0,0
fer0026427.png,8,0,0,2,0,0,0,0,0,0
fer0026428.png,4,0,2,0,0,0,1,0,3,0
fer0026429.png,1,9,0,0,0,0,0,0,0,0
fer0026430.png,4,1,0,1,0,0,0,4,0,0
fer0026431.png,0,0,0,2,6,2,0,0,0,0
fer0026432.png,0,0,8,0,0,0,2,0,0,0
fer0026433.png,5,0,0,5,0,0,0,0,0,0
fer0026434.png,0,10,0,0,0,0,0,0,0,0
fer0026435.png,2,8,0,0,0,0,0,0,0,0
fer0026436.png,3,0,1,6,0,0,0,0,0,0
fer0026437.png,8,0,0,1,0,0,0,0,1,0
fer0026438.png,1,9,0,0,0,0,0,0,0,0
fer0026439.png,1,9,0,0,0,0,0,0,0,0
fer0026440.png,10,0,0,0,0,0,0,0,0,0
fer0026441.png,9,0,0,1,0,0,0,0,0,0
fer0026442.png,5,1,0,2,0,0,0,0,2,0
fer0026443.png,0,10,0,0,0,0,0,0,0,0
fer0026444.png,1,0,7,0,0,0,2,0,0,0
fer0026445.png,1,9,0,0,0,0,0,0,0,0
fer0026446.png,8,0,0,1,0,0,0,0,1,0
fer0026447.png,7,0,0,0,0,0,0,0,3,0
fer0026448.png,1,0,1,2,0,0,4,0,2,0
fer0026449.png,0,10,0,0,0,0,0,0,0,0
fer0026450.png,10,0,0,0,0,0,0,0,0,0
fer0026451.png,7,0,0,1,0,0,0,1,1,0
fer0026452.png,0,0,0,8,0,0,2,0,0,0
fer0026453.png,1,1,0,7,0,0,0,0,1,0
fer0026454.png,5,5,0,0,0,0,0,0,0,0
fer0026455.png,8,0,0,1,0,0,0,0,1,0
fer0026456.png,3,0,0,4,0,0,0,1,2,0
fer0026457.png,1,9,0,0,0,0,0,0,0,0
fer0026458.png,5,0,0,0,0,0,1,1,3,0
fer0026459.png,0,5,5,0,0,0,0,0,0,0
fer0026460.png,0,10,0,0,0,0,0,0,0,0
fer0026461.png,0,0,0,10,0,0,0,0,0,0
fer0026462.png,3,0,0,1,3,0,0,1,2,0
fer0026463.png,1,0,8,0,0,0,0,0,1,0
fer0026464.png,3,7,0,0,0,0,0,0,0,0
fer0026465.png,1,0,0,7,1,0,0,0,1,0
fer0026466.png,1,0,0,1,8,0,0,0,0,0
fer0026467.png,0,10,0,0,0,0,0,0,0,0
fer0026468.png,9,0,0,0,1,0,0,0,0,0
fer0026469.png,1,0,4,0,0,0,5,0,0,0
fer0026470.png,9,0,0,1,0,0,0,0,0,0
fer0026471.png,7,0,0,2,0,0,0,1,0,0
fer0026472.png,7,2,0,0,0,0,0,1,0,0
fer0026473.png,2,0,0,8,0,0,0,0,0,0
fer0026474.png,5,0,4,0,0,0,0,0,1,0
fer0026475.png,5,1,0,0,1,0,0,0,3,0
fer0026476.png,1,0,1,2,0,5,0,0,1,0
fer0026477.png,4,0,1,2,0,0,0,0,3,0
fer0026478.png,1,0,0,9,0,0,0,0,0,0
fer0026479.png,7,0,0,1,0,0,0,0,2,0
fer0026480.png,7,0,0,2,0,0,0,0,1,0
fer0026481.png,0,0,0,0,9,0,0,0,1,0
fer0026482.png,5,0,0,2,1,0,0,0,2,0
fer0026483.png,0,1,5,0,0,0,4,0,0,0
fer0026484.png,1,9,0,0,0,0,0,0,0,0
fer0026485.png,5,0,0,2,0,0,0,1,2,0
fer0026486.png,0,10,0,0,0,0,0,0,0,0
fer0026487.png,6,0,0,1,0,0,0,3,0,0
fer0026488.png,4,6,0,0,0,0,0,0,0,0
fer0026489.png,1,0,3,0,0,0,4,0,2,0
fer0026490.png,3,0,0,6,1,0,0,0,0,0
fer0026491.png,0,10,0,0,0,0,0,0,0,0
fer0026492.png,5,0,0,5,0,0,0,0,0,0
fer0026493.png,7,0,0,1,0,0,0,0,1,1
fer0026494.png,2,0,0,7,0,1,0,0,0,0
fer0026495.png,0,9,1,0,0,0,0,0,0,0
fer0026496.png,0,9,0,0,1,0,0,0,0,0
fer0026497.png,0,9,1,0,0,0,0,0,0,0
fer0026498.png,7,0,0,3,0,0,0,0,0,0
fer0026499.png,0,10,0,0,0,0,0,0,0,0
fer0026500.png,2,7,0,0,0,0,0,0,1,0
fer0026501.png,2,0,0,2,1,3,0,0,2,0
fer0026502.png,9,0,0,1,0,0,0,0,0,0
fer0026503.png,0,2,0,0,7,0,0,0,1,0
fer0026504.png,0,0,2,2,0,1,1,0,4,0
fer0026505.png,7,0,0,1,0,0,0,0,2,0
fer0026506.png,0,0,3,1,1,0,4,0,1,0
fer0026507.png,1,0,4,0,0,0,4,0,1,0
fer0026508.png,7,0,0,3,0,0,0,0,0,0
fer0026509.png,2,0,0,0,0,6,0,2,0,0
fer0026510.png,0,9,1,0,0,0,0,0,0,0
fer0026511.png,8,1,0,0,0,0,0,1,0,0
fer0026512.png,2,0,0,8,0,0,0,0,0,0
fer0026513.png,1,0,0,4,1,0,0,1,3,0
fer0026514.png,3,0,0,6,0,0,0,0,1,0
fer0026515.png,6,0,0,3,0,0,0,1,0,0
fer0026516.png,9,0,0,0,0,0,0,0,1,0
fer0026517.png,1,0,0,0,7,1,0,1,0,0
fer0026518.png,0,0,0,10,0,0,0,0,0,0
fer0026519.png,7,3,0,0,0,0,0,0,0,0
fer0026520.png,0,4,2,3,0,0,1,0,0,0
fer0026521.png,0,4,5,0,0,0,0,0,1,0
fer0026522.png,0,9,0,0,0,0,0,0,1,0
fer0026523.png,0,10,0,0,0,0,0,0,0,0
fer0026524.png,6,0,0,4,0,0,0,0,0,0
fer0026525.png,0,10,0,0,0,0,0,0,0,0
fer0026526.png,5,0,0,0,0,0,0,4,1,0
fer0026527.png,3,0,0,1,2,4,0,0,0,0
fer0026528.png,6,0,0,2,1,0,0,1,0,0
fer0026529.png,0,1,0,0,0,4,0,5,0,0
fer0026530.png,0,10,0,0,0,0,0,0,0,0
fer0026531.png,6,0,3,0,0,0,0,0,1,0
fer0026532.png,6,0,0,4,0,0,0,0,0,0
fer0026533.png,0,10,0,0,0,0,0,0,0,0
fer0026534.png,5,0,0,0,4,1,0,0,0,0
fer0026535.png,3,6,0,0,1,0,0,0,0,0
fer0026536.png,0,10,0,0,0,0,0,0,0,0
fer0026537.png,5,0,0,2,1,1,0,0,1,0
fer0026538.png,3,0,0,5,1,0,0,0,1,0
fer0026539.png,0,0,0,8,0,0,2,0,0,0
fer0026540.png,1,9,0,0,0,0,0,0,0,0
fer0026541.png,1,9,0,0,0,0,0,0,0,0
fer0026542.png,0,0,3,1,3,0,1,0,2,0
fer0026543.png,0,10,0,0,0,0,0,0,0,0
fer0026544.png,5,0,0,3,0,0,0,0,2,0
fer0026545.png,5,0,0,5,0,0,0,0,0,0
fer0026546.png,7,0,0,2,0,0,0,0,1,0
fer0026547.png,7,0,0,1,0,0,0,0,2,0
fer0026548.png,1,0,9,0,0,0,0,0,0,0
fer0026549.png,6,1,2,0,0,0,0,0,1,0
fer0026550.png,1,0,6,0,0,0,1,0,2,0
fer0026551.png,9,0,0,1,0,0,0,0,0,0
fer0026552.png,7,0,0,2,0,0,0,0,1,0
fer0026553.png,0,10,0,0,0,0,0,0,0,0
fer0026554.png,0,10,0,0,0,0,0,0,0,0
fer0026555.png,0,5,4,0,0,0,1,0,0,0
fer0026556.png,0,10,0,0,0,0,0,0,0,0
fer0026557.png,1,0,0,0,6,1,0,0,2,0
fer0026558.png,0,9,1,0,0,0,0,0,0,0
fer0026559.png,4,0,0,6,0,0,0,0,0,0
fer0026560.png,1,0,1,0,0,0,6,0,2,0
fer0026561.png,7,0,0,1,1,0,0,0,1,0
fer0026562.png,2,1,0,2,0,1,0,3,1,0
fer0026563.png,1,0,9,0,0,0,0,0,0,0
fer0026564.png,0,0,0,10,0,0,0,0,0,0
fer0026565.png,7,0,0,2,0,0,0,0,1,0
fer0026566.png,0,0,0,8,2,0,0,0,0,0
fer0026567.png,3,6,0,0,0,0,0,0,1,0
fer0026568.png,0,0,0,0,6,3,1,0,0,0
fer0026569.png,1,0,6,0,0,0,3,0,0,0
fer0026570.png,0,10,0,0,0,0,0,0,0,0
fer0026571.png,8,0,0,0,0,0,1,0,1,0
fer0026572.png,0,4,6,0,0,0,0,0,0,0
fer0026573.png,6,0,0,3,0,0,0,0,1,0
fer0026574.png,1,0,0,9,0,0,0,0,0,0
fer0026575.png,7,0,0,2,0,0,0,0,1,0
fer0026576.png,3,7,0,0,0,0,0,0,0,0
fer0026577.png,9,0,0,1,0,0,0,0,0,0
fer0026578.png,2,0,0,7,0,0,0,0,1,0
fer0026579.png,10,0,0,0,0,0,0,0,0,0
fer0026580.png,0,10,0,0,0,0,0,0,0,0
fer0026581.png,9,0,0,0,0,0,0,0,1,0
fer0026582.png,0,9,0,0,0,0,0,0,1,0
fer0026583.png,1,0,4,0,0,0,5,0,0,0
fer0026584.png,7,0,0,1,0,0,0,2,0,0
fer0026585.png,1,0,0,9,0,0,0,0,0,0
fer0026586.png,5,0,0,1,1,3,0,0,0,0
fer0026587.png,0,0,10,0,0,0,0,0,0,0
fer0026588.png,0,0,8,0,0,0,0,0,2,0
fer0026589.png,2,1,0,1,3,1,0,1,1,0
fer0026590.png,3,1,0,0,5,0,0,0,1,0
fer0026591.png,0,10,0,0,0,0,0,0,0,0
fer0026592.png,0,9,1,0,0,0,0,0,0,0
fer0026593.png,0,0,6,0,0,0,4,0,0,0
fer0026594.png,5,0,0,4,0,0,0,1,0,0
fer0026595.png,10,0,0,0,0,0,0,0,0,0
fer0026596.png,2,0,0,1,5,0,0,0,2,0
fer0026597.png,0,10,0,0,0,0,0,0,0,0
fer0026598.png,0,10,0,0,0,0,0,0,0,0
fer0026599.png,1,8,1,0,0,0,0,0,0,0
fer0026600.png,0,10,0,0,0,0,0,0,0,0
fer0026601.png,1,0,4,0,1,0,3,0,1,0
fer0026602.png,1,0,0,6,0,0,0,2,1,0
fer0026603.png,0,10,0,0,0,0,0,0,0,0
fer0026604.png,1,8,0,0,0,0,0,0,1,0
fer0026605.png,9,0,0,1,0,0,0,0,0,0
fer0026606.png,0,0,10,0,0,0,0,0,0,0
fer0026607.png,0,0,0,9,1,0,0,0,0,0
fer0026608.png,0,10,0,0,0,0,0,0,0,0
fer0026609.png,0,9,0,0,0,0,0,0,1,0
fer0026610.png,1,0,9,0,0,0,0,0,0,0
fer0026611.png,0,0,1,1,6,2,0,0,0,0
fer0026612.png,10,0,0,0,0,0,0,0,0,0
fer0026613.png,0,2,1,0,5,0,0,0,2,0
fer0026614.png,9,0,0,0,0,0,0,0,1,0
fer0026615.png,1,0,0,9,0,0,0,0,0,0
fer0026616.png,0,0,1,1,0,1,6,0,1,0
fer0026617.png,10,0,0,0,0,0,0,0,0,0
fer0026618.png,1,0,1,0,8,0,0,0,0,0
fer0026619.png,1,9,0,0,0,0,0,0,0,0
fer0026620.png,8,0,0,0,0,0,0,0,2,0
fer0026621.png,0,0,9,0,0,0,1,0,0,0
fer0026622.png,1,8,0,0,0,0,0,1,0,0
fer0026623.png,8,0,0,0,1,0,0,0,1,0
fer0026624.png,1,9,0,0,0,0,0,0,0,0
fer0026625.png,0,4,1,2,0,0,2,1,0,0
fer0026626.png,1,9,0,0,0,0,0,0,0,0
fer0026627.png,0,0,3,1,3,0,2,0,1,0
fer0026628.png,0,7,2,0,0,0,1,0,0,0
fer0026629.png,0,10,0,0,0,0,0,0,0,0
fer0026630.png,1,0,5,1,0,0,2,0,1,0
fer0026631.png,4,0,1,0,1,0,0,0,4,0
fer0026632.png,0,0,0,0,10,0,0,0,0,0
fer0026633.png,1,0,0,0,7,1,0,1,0,0
fer0026634.png,5,0,0,2,3,0,0,0,0,0
fer0026635.png,0,10,0,0,0,0,0,0,0,0
fer0026636.png,9,0,0,0,0,0,0,0,1,0
fer0026637.png,0,1,4,0,0,0,4,0,1,0
fer0026638.png,3,0,2,4,0,1,0,0,0,0
fer0026639.png,0,10,0,0,0,0,0,0,0,0
fer0026640.png,2,1,6,0,0,0,0,0,1,0
fer0026641.png,0,8,2,0,0,0,0,0,0,0
fer0026642.png,0,0,0,0,10,0,0,0,0,0
fer0026643.png,7,0,0,2,0,0,0,0,1,0
fer0026644.png,1,0,0,3,6,0,0,0,0,0
fer0026645.png,9,0,0,0,0,0,0,0,1,0
fer0026646.png,2,0,0,1,6,0,0,0,1,0
fer0026647.png,10,0,0,0,0,0,0,0,0,0
fer0026648.png,0,0,0,1,8,1,0,0,0,0
fer0026649.png,4,0,0,6,0,0,0,0,0,0
fer0026650.png,8,0,0,0,0,1,0,0,1,0
fer0026651.png,0,0,1,0,9,0,0,0,0,0
fer0026652.png,4,4,0,1,0,0,0,0,1,0
fer0026653.png,2,0,0,5,3,0,0,0,0,0
fer0026654.png,10,0,0,0,0,0,0,0,0,0
fer0026655.png,2,0,0,0,4,2,0,2,0,0
fer0026656.png,0,10,0,0,0,0,0,0,0,0
fer0026657.png,7,0,0,1,1,0,0,0,1,0
fer0026658.png,6,0,0,1,3,0,0,0,0,0
fer0026659.png,1,3,0,2,0,1,0,0,3,0
fer0026660.png,0,10,0,0,0,0,0,0,0,0
fer0026661.png,0,0,0,1,3,5,0,0,1,0
fer0026662.png,6,0,0,0,0,0,0,0,4,0
fer0026663.png,0,10,0,0,0,0,0,0,0,0
fer0026664.png,0,0,4,0,0,0,5,0,1,0
fer0026665.png,9,0,0,0,0,0,0,0,1,0
fer0026666.png,6,3,0,1,0,0,0,0,0,0
fer0026667.png,0,0,9,0,1,0,0,0,0,0
fer0026668.png,0,10,0,0,0,0,0,0,0,0
fer0026669.png,0,10,0,0,0,0,0,0,0,0
fer0026670.png,9,0,0,0,0,0,0,0,1,0
fer0026671.png,0,0,0,3,6,1,0,0,0,0
fer0026672.png,5,0,0,0,3,1,0,1,0,0
fer0026673.png,2,0,0,1,5,0,0,1,1,0
fer0026674.png,0,10,0,0,0,0,0,0,0,0
fer0026675.png,0,10,0,0,0,0,0,0,0,0
fer0026676.png,0,0,0,0,4,0,6,0,0,0
fer0026677.png,2,0,0,3,4,0,0,0,1,0
fer0026678.png,0,10,0,0,0,0,0,0,0,0
fer0026679.png,3,0,0,4,0,0,0,0,2,1
fer0026680.png,0,10,0,0,0,0,0,0,0,0
fer0026681.png,0,9,1,0,0,0,0,0,0,0
fer0026682.png,7,1,0,0,0,0,0,0,2,0
fer0026683.png,1,6,0,0,3,0,0,0,0,0
fer0026684.png,0,10,0,0,0,0,0,0,0,0
fer0026685.png,4,0,1,4,0,0,0,0,1,0
fer0026686.png,3,0,0,5,0,0,0,0,2,0
fer0026687.png,0,0,1,0,9,0,0,0,0,0
fer0026688.png,7,0,0,0,0,0,0,0,3,0
fer0026689.png,10,0,0,0,0,0,0,0,0,0
fer0026690.png,1,7,0,0,0,0,0,2,0,0
fer0026691.png,5,0,0,3,0,0,0,0,2,0
fer0026692.png,2,0,8,0,0,0,0,0,0,0
fer0026693.png,0,8,0,0,0,0,0,0,2,0
fer0026694.png,4,0,0,6,0,0,0,0,0,0
fer0026695.png,0,0,3,0,1,0,6,0,0,0
fer0026696.png,3,1,0,6,0,0,0,0,0,0
fer0026697.png,0,10,0,0,0,0,0,0,0,0
fer0026698.png,3,6,0,1,0,0,0,0,0,0
fer0026699.png,10,0,0,0,0,0,0,0,0,0
fer0026700.png,1,0,0,2,0,0,0,7,0,0
fer0026701.png,1,0,0,9,0,0,0,0,0,0
fer0026702.png,3,1,0,4,0,0,0,0,2,0
fer0026703.png,7,0,0,1,0,0,0,0,2,0
fer0026704.png,7,0,1,0,0,1,0,0,1,0
fer0026705.png,4,0,0,2,1,1,0,1,1,0
fer0026706.png,1,0,0,2,0,1,0,4,2,0
fer0026707.png,0,10,0,0,0,0,0,0,0,0
fer0026708.png,8,0,0,2,0,0,0,0,0,0
fer0026709.png,0,0,0,10,0,0,0,0,0,0
fer0026710.png,9,0,0,0,0,0,0,0,1,0
fer0026711.png,5,0,3,0,0,0,2,0,0,0
fer0026712.png,9,0,0,0,0,1,0,0,0,0
fer0026713.png,0,10,0,0,0,0,0,0,0,0
fer0026714.png,1,9,0,0,0,0,0,0,0,0
fer0026715.png,0,0,0,0,10,0,0,0,0,0
fer0026716.png,1,1,6,0,0,0,2,0,0,0
fer0026717.png,0,10,0,0,0,0,0,0,0,0
fer0026718.png,4,0,0,6,0,0,0,0,0,0
fer0026719.png,0,0,10,0,0,0,0,0,0,0
fer0026720.png,1,0,0,0,0,0,8,0,1,0
fer0026721.png,1,0,0,6,1,0,0,0,2,0
fer0026722.png,6,2,0,2,0,0,0,0,0,0
fer0026723.png,0,0,0,10,0,0,0,0,0,0
fer0026724.png,8,1,0,0,0,0,0,0,0,1
fer0026725.png,0,1,8,0,0,0,0,1,0,0
fer0026726.png,0,0,0,10,0,0,0,0,0,0
fer0026727.png,0,7,0,1,1,0,0,0,1,0
fer0026728.png,4,0,0,0,4,1,0,0,1,0
fer0026729.png,3,7,0,0,0,0,0,0,0,0
fer0026730.png,6,0,0,1,0,0,0,2,1,0
fer0026731.png,8,0,0,0,0,0,0,1,1,0
fer0026732.png,0,6,2,1,0,0,0,0,1,0
fer0026733.png,0,10,0,0,0,0,0,0,0,0
fer0026734.png,0,0,4,0,0,0,5,0,1,0
fer0026735.png,7,1,0,0,0,0,0,0,2,0
fer0026736.png,3,0,0,6,0,0,0,1,0,0
fer0026737.png,0,0,2,0,2,0,6,0,0,0
fer0026738.png,6,0,1,2,0,0,0,0,1,0
fer0026739.png,9,0,0,0,0,0,0,0,1,0
fer0026740.png,1,0,0,6,0,1,0,1,1,0
fer0026741.png,7,0,0,2,0,0,0,0,1,0
fer0026742.png,7,0,0,1,0,0,0,0,2,0
fer0026743.png,1,0,0,2,1,1,0,3,2,0
fer0026744.png,0,0,0,10,0,0,0,0,0,0
fer0026745.png,0,10,0,0,0,0,0,0,0,0
fer0026746.png,4,2,0,2,0,0,0,1,1,0
fer0026747.png,0,10,0,0,0,0,0,0,0,0
fer0026748.png,8,0,0,1,0,0,0,0,1,0
fer0026749.png,0,10,0,0,0,0,0,0,0,0
fer0026750.png,4,6,0,0,0,0,0,0,0,0
fer0026751.png,0,8,0,0,0,1,0,1,0,0
fer0026752.png,0,0,7,0,0,0,2,0,1,0
fer0026753.png,2,0,0,7,0,0,0,0,1,0
fer0026754.png,0,3,0,4,0,1,1,0,1,0
fer0026755.png,9,0,0,0,0,0,0,0,1,0
fer0026756.png,0,0,9,0,0,0,1,0,0,0
fer0026757.png,0,0,8,0,0,0,2,0,0,0
fer0026758.png,0,9,0,0,0,0,0,0,1,0
fer0026759.png,2,5,2,0,0,0,0,0,1,0
fer0026760.png,1,9,0,0,0,0,0,0,0,0
fer0026761.png,8,0,0,1,0,0,0,1,0,0
fer0026762.png,1,9,0,0,0,0,0,0,0,0
fer0026763.png,0,10,0,0,0,0,0,0,0,0
fer0026764.png,1,9,0,0,0,0,0,0,0,0
fer0026765.png,8,0,0,2,0,0,0,0,0,0
fer0026766.png,10,0,0,0,0,0,0,0,0,0
fer0026767.png,0,0,0,7,0,0,0,0,3,0
fer0026768.png,0,10,0,0,0,0,0,0,0,0
fer0026769.png,5,0,0,5,0,0,0,0,0,0
fer0026770.png,0,5,5,0,0,0,0,0,0,0
fer0026771.png,6,0,0,3,0,0,0,0,1,0
fer0026772.png,0,10,0,0,0,0,0,0,0,0
fer0026773.png,0,1,4,0,4,0,0,0,1,0
fer0026774.png,3,1,0,0,1,1,3,0,1,0
fer0026775.png,0,0,9,0,0,0,0,0,1,0
fer0026776.png,0,1,6,0,1,2,0,0,0,0
fer0026777.png,1,9,0,0,0,0,0,0,0,0
fer0026778.png,2,0,0,0,1,0,0,2,5,0
fer0026779.png,0,10,0,0,0,0,0,0,0,0
fer0026780.png,0,7,2,0,1,0,0,0,0,0
fer0026781.png,0,10,0,0,0,0,0,0,0,0
fer0026782.png,0,10,0,0,0,0,0,0,0,0
fer0026783.png,6,0,0,4,0,0,0,0,0,0
fer0026784.png,0,0,6,0,1,0,3,0,0,0
fer0026785.png,1,8,0,0,0,0,0,0,1,0
fer0026786.png,7,0,0,1,1,0,0,0,1,0
fer0026787.png,0,9,0,0,1,0,0,0,0,0
fer0026788.png,0,10,0,0,0,0,0,0,0,0
fer0026789.png,4,0,0,0,5,0,0,1,0,0
fer0026790.png,0,0,2,1,5,1,1,0,0,0
fer0026791.png,1,2,0,0,4,1,1,1,0,0
fer0026792.png,0,0,0,0,10,0,0,0,0,0
fer0026793.png,10,0,0,0,0,0,0,0,0,0
fer0026794.png,0,2,6,1,0,0,1,0,0,0
fer0026795.png,1,0,0,2,0,6,0,0,1,0
fer0026796.png,0,10,0,0,0,0,0,0,0,0
fer0026797.png,0,0,1,0,8,0,1,0,0,0
fer0026798.png,0,10,0,0,0,0,0,0,0,0
fer0026799.png,0,1,0,0,9,0,0,0,0,0
fer0026800.png,5,0,0,4,0,0,0,1,0,0
fer0026801.png,1,9,0,0,0,0,0,0,0,0
fer0026802.png,0,9,0,0,0,0,0,0,1,0
fer0026803.png,0,10,0,0,0,0,0,0,0,0
fer0026804.png,0,10,0,0,0,0,0,0,0,0
fer0026805.png,0,0,10,0,0,0,0,0,0,0
fer0026806.png,0,0,10,0,0,0,0,0,0,0
fer0026807.png,9,0,0,1,0,0,0,0,0,0
fer0026808.png,1,7,1,1,0,0,0,0,0,0
fer0026809.png,0,9,1,0,0,0,0,0,0,0
fer0026810.png,2,0,1,1,3,0,1,0,2,0
fer0026811.png,0,0,7,0,0,0,3,0,0,0
fer0026812.png,3,1,0,0,5,0,0,0,1,0
fer0026813.png,8,1,0,1,0,0,0,0,0,0
fer0026814.png,9,0,0,1,0,0,0,0,0,0
fer0026815.png,7,0,1,2,0,0,0,0,0,0
fer0026816.png,8,0,1,0,0,0,0,0,1,0
fer0026817.png,4,0,2,1,1,0,0,0,2,0
fer0026818.png,9,1,0,0,0,0,0,0,0,0
fer0026819.png,1,9,0,0,0,0,0,0,0,0
fer0026820.png,1,0,0,0,0,1,0,7,1,0
fer0026821.png,9,0,0,1,0,0,0,0,0,0
fer0026822.png,0,10,0,0,0,0,0,0,0,0
fer0026823.png,0,10,0,0,0,0,0,0,0,0
fer0026824.png,7,3,0,0,0,0,0,0,0,0
fer0026825.png,0,0,1,8,1,0,0,0,0,0
fer0026826.png,4,0,0,0,2,0,0,1,3,0
fer0026827.png,0,10,0,0,0,0,0,0,0,0
fer0026828.png,0,10,0,0,0,0,0,0,0,0
fer0026829.png,0,2,3,0,2,0,1,0,2,0
fer0026830.png,0,0,0,0,9,0,0,1,0,0
fer0026831.png,7,0,3,0,0,0,0,0,0,0
fer0026832.png,0,0,0,0,5,3,0,2,0,0
fer0026833.png,1,0,0,9,0,0,0,0,0,0
fer0026834.png,3,4,0,0,0,0,0,0,3,0
fer0026835.png,8,1,0,1,0,0,0,0,0,0
fer0026836.png,0,10,0,0,0,0,0,0,0,0
fer0026837.png,0,0,10,0,0,0,0,0,0,0
fer0026838.png,0,0,0,8,0,0,0,0,2,0
fer0026839.png,3,6,0,0,0,0,0,1,0,0
fer0026840.png,1,0,9,0,0,0,0,0,0,0
fer0026841.png,1,0,1,3,4,0,1,0,0,0
fer0026842.png,7,1,0,1,0,0,0,0,1,0
fer0026843.png,0,10,0,0,0,0,0,0,0,0
fer0026844.png,0,5,2,0,1,1,1,0,0,0
fer0026845.png,0,0,1,3,3,1,2,0,0,0
fer0026846.png,0,0,5,0,0,0,5,0,0,0
fer0026847.png,2,8,0,0,0,0,0,0,0,0
fer0026848.png,5,0,0,2,2,0,0,0,1,0
fer0026849.png,0,1,1,0,5,1,2,0,0,0
fer0026850.png,7,0,0,1,1,1,0,0,0,0
fer0026851.png,0,0,9,0,0,0,0,0,1,0
fer0026852.png,0,10,0,0,0,0,0,0,0,0
fer0026853.png,1,0,1,5,0,0,3,0,0,0
fer0026854.png,10,0,0,0,0,0,0,0,0,0
fer0026855.png,9,0,0,1,0,0,0,0,0,0
fer0026856.png,6,1,0,1,0,0,0,0,2,0
fer0026857.png,0,0,0,0,10,0,0,0,0,0
fer0026858.png,1,0,0,0,9,0,0,0,0,0
fer0026859.png,0,0,9,0,0,0,1,0,0,0
fer0026860.png,8,2,0,0,0,0,0,0,0,0
fer0026861.png,3,0,0,3,1,0,1,0,2,0
fer0026862.png,4,0,0,6,0,0,0,0,0,0
fer0026863.png,8,0,0,0,0,0,0,0,2,0
fer0026864.png,0,0,0,10,0,0,0,0,0,0
fer0026865.png,0,10,0,0,0,0,0,0,0,0
fer0026866.png,0,0,9,0,0,0,1,0,0,0
fer0026867.png,3,0,0,0,4,0,0,0,3,0
fer0026868.png,8,0,0,2,0,0,0,0,0,0
fer0026869.png,1,0,2,2,0,0,1,0,4,0
fer0026870.png,8,0,0,0,0,0,0,0,2,0
fer0026871.png,1,1,0,0,1,4,0,1,2,0
fer0026872.png,0,10,0,0,0,0,0,0,0,0
fer0026873.png,1,7,0,0,0,0,0,0,2,0
fer0026874.png,0,0,6,0,0,0,4,0,0,0
fer0026875.png,1,8,0,0,0,0,0,0,1,0
fer0026876.png,0,0,0,0,0,1,8,0,1,0
fer0026877.png,1,0,9,0,0,0,0,0,0,0
fer0026878.png,1,1,0,0,8,0,0,0,0,0
fer0026879.png,9,0,0,0,0,0,0,0,1,0
fer0026880.png,0,10,0,0,0,0,0,0,0,0
fer0026881.png,5,4,1,0,0,0,0,0,0,0
fer0026882.png,0,10,0,0,0,0,0,0,0,0
fer0026883.png,0,10,0,0,0,0,0,0,0,0
fer0026884.png,6,0,0,0,1,2,0,1,0,0
fer0026885.png,0,10,0,0,0,0,0,0,0,0
fer0026886.png,1,0,0,0,9,0,0,0,0,0
fer0026887.png,4,0,0,2,0,0,0,3,1,0
fer0026888.png,0,0,0,0,7,2,0,0,1,0
fer0026889.png,0,0,0,10,0,0,0,0,0,0
fer0026890.png,1,9,0,0,0,0,0,0,0,0
fer0026891.png,9,0,0,0,0,0,0,1,0,0
fer0026892.png,1,1,0,2,1,1,0,0,4,0
fer0026893.png,0,8,0,0,1,0,0,0,1,0
fer0026894.png,1,1,0,1,6,0,0,0,1,0
fer0026895.png,6,0,0,4,0,0,0,0,0,0
fer0026896.png,0,9,1,0,0,0,0,0,0,0
fer0026897.png,0,10,0,0,0,0,0,0,0,0
fer0026898.png,0,0,10,0,0,0,0,0,0,0
fer0026899.png,0,0,6,0,1,0,3,0,0,0
fer0026900.png,1,0,0,4,0,0,2,0,3,0
fer0026901.png,8,1,0,0,0,0,0,1,0,0
fer0026902.png,3,4,0,1,1,0,0,0,1,0
fer0026903.png,0,0,2,1,0,0,6,0,1,0
fer0026904.png,0,0,0,0,10,0,0,0,0,0
fer0026905.png,0,0,0,10,0,0,0,0,0,0
fer0026906.png,0,10,0,0,0,0,0,0,0,0
fer0026907.png,0,10,0,0,0,0,0,0,0,0
fer0026908.png,1,9,0,0,0,0,0,0,0,0
fer0026909.png,0,0,0,0,7,0,0,0,2,1
fer0026910.png,2,0,0,5,0,0,1,0,2,0
fer0026911.png,0,10,0,0,0,0,0,0,0,0
fer0026912.png,9,0,0,0,0,0,0,0,1,0
fer0026913.png,0,10,0,0,0,0,0,0,0,0
fer0026914.png,1,0,0,1,0,4,0,1,3,0
fer0026915.png,0,10,0,0,0,0,0,0,0,0
fer0026916.png,9,0,0,0,1,0,0,0,0,0
fer0026917.png,0,10,0,0,0,0,0,0,0,0
fer0026918.png,2,0,0,7,0,0,0,0,1,0
fer0026919.png,9,0,0,1,0,0,0,0,0,0
fer0026920.png,0,10,0,0,0,0,0,0,0,0
fer0026921.png,1,0,0,9,0,0,0,0,0,0
fer0026922.png,0,0,0,8,0,0,0,0,2,0
fer0026923.png,0,10,0,0,0,0,0,0,0,0
fer0026924.png,0,10,0,0,0,0,0,0,0,0
fer0026925.png,9,0,0,0,1,0,0,0,0,0
fer0026926.png,9,0,1,0,0,0,0,0,0,0
fer0026927.png,10,0,0,0,0,0,0,0,0,0
fer0026928.png,7,0,0,3,0,0,0,0,0,0
fer0026929.png,0,1,4,0,0,0,5,0,0,0
fer0026930.png,0,3,5,0,0,0,0,0,2,0
fer0026931.png,4,0,0,5,0,0,0,0,1,0
fer0026932.png,0,0,9,0,0,0,1,0,0,0
fer0026933.png,2,0,0,8,0,0,0,0,0,0
fer0026934.png,7,0,0,1,0,0,0,0,2,0
fer0026935.png,6,0,0,3,1,0,0,0,0,0
fer0026936.png,0,0,4,0,6,0,0,0,0,0
fer0026937.png,8,0,0,0,1,0,0,0,1,0
fer0026938.png,1,0,3,0,5,0,1,0,0,0
fer0026939.png,10,0,0,0,0,0,0,0,0,0
fer0026940.png,5,0,1,0,2,0,2,0,0,0
fer0026941.png,0,10,0,0,0,0,0,0,0,0
fer0026942.png,0,10,0,0,0,0,0,0,0,0
fer0026943.png,0,0,0,0,10,0,0,0,0,0
fer0026944.png,1,8,0,0,0,0,0,0,1,0
fer0026945.png,0,9,0,1,0,0,0,0,0,0
fer0026946.png,0,0,0,0,10,0,0,0,0,0
fer0026947.png,1,8,0,0,0,0,0,1,0,0
fer0026948.png,7,0,0,2,0,0,0,0,1,0
fer0026949.png,4,0,0,4,1,0,0,0,1,0
fer0026950.png,0,1,2,0,5,0,0,0,2,0
fer0026951.png,8,0,0,0,0,0,0,0,2,0
fer0026952.png,0,0,0,0,10,0,0,0,0,0
fer0026953.png,1,0,0,0,7,0,0,1,1,0
fer0026954.png,6,0,0,1,2,0,0,1,0,0
fer0026955.png,3,0,3,1,0,0,2,0,1,0
fer0026956.png,5,0,0,4,0,0,0,0,1,0
fer0026957.png,6,0,0,0,1,0,0,1,2,0
fer0026958.png,0,0,10,0,0,0,0,0,0,0
fer0026959.png,7,0,0,1,0,0,0,0,2,0
fer0026960.png,3,0,0,6,0,0,0,0,1,0
fer0026961.png,0,10,0,0,0,0,0,0,0,0
fer0026962.png,7,0,0,2,0,0,0,0,1,0
fer0026963.png,0,10,0,0,0,0,0,0,0,0
fer0026964.png,0,1,9,0,0,0,0,0,0,0
fer0026965.png,0,0,0,10,0,0,0,0,0,0
fer0026966.png,0,10,0,0,0,0,0,0,0,0
fer0026967.png,0,10,0,0,0,0,0,0,0,0
fer0026968.png,0,10,0,0,0,0,0,0,0,0
fer0026969.png,0,0,8,0,0,0,2,0,0,0
fer0026970.png,0,9,0,0,0,0,0,0,1,0
fer0026971.png,2,7,1,0,0,0,0,0,0,0
fer0026972.png,0,9,0,0,0,0,0,0,1,0
fer0026973.png,0,10,0,0,0,0,0,0,0,0
fer0026974.png,0,0,0,9,0,0,0,1,0,0
fer0026975.png,0,9,0,0,0,0,0,0,1,0
fer0026976.png,2,0,0,6,1,0,0,0,1,0
fer0026977.png,1,9,0,0,0,0,0,0,0,0
fer0026978.png,0,10,0,0,0,0,0,0,0,0
fer0026979.png,0,10,0,0,0,0,0,0,0,0
fer0026980.png,7,0,0,3,0,0,0,0,0,0
fer0026981.png,0,10,0,0,0,0,0,0,0,0
fer0026982.png,7,0,0,2,0,0,0,0,1,0
fer0026983.png,9,0,0,1,0,0,0,0,0,0
fer0026984.png,0,1,3,0,2,0,2,0,2,0
fer0026985.png,0,10,0,0,0,0,0,0,0,0
fer0026986.png,6,0,0,3,0,0,0,0,1,0
fer0026987.png,0,10,0,0,0,0,0,0,0,0
fer0026988.png,0,10,0,0,0,0,0,0,0,0
fer0026989.png,8,0,0,1,0,0,0,0,1,0
fer0026990.png,0,7,0,0,0,0,2,0,1,0
fer0026991.png,0,0,0,10,0,0,0,0,0,0
fer0026992.png,2,7,0,0,0,0,0,0,1,0
fer0026993.png,0,0,0,10,0,0,0,0,0,0
fer0026994.png,1,9,0,0,0,0,0,0,0,0
fer0026995.png,9,0,0,1,0,0,0,0,0,0
fer0026996.png,9,0,0,0,1,0,0,0,0,0
fer0026997.png,7,0,0,1,1,0,0,1,0,0
fer0026998.png,0,10,0,0,0,0,0,0,0,0
fer0026999.png,8,0,0,1,0,0,0,1,0,0
fer0027000.png,2,0,3,1,0,0,3,0,1,0
fer0027001.png,0,0,9,1,0,0,0,0,0,0
fer0027002.png,0,9,0,0,0,0,0,0,1,0
fer0027003.png,0,10,0,0,0,0,0,0,0,0
fer0027004.png,9,0,0,0,0,0,0,0,1,0
fer0027005.png,0,10,0,0,0,0,0,0,0,0
fer0027006.png,0,10,0,0,0,0,0,0,0,0
fer0027007.png,1,0,0,8,0,0,0,0,1,0
fer0027008.png,0,10,0,0,0,0,0,0,0,0
fer0027009.png,3,0,0,7,0,0,0,0,0,0
fer0027010.png,8,0,1,1,0,0,0,0,0,0
fer0027011.png,0,2,8,0,0,0,0,0,0,0
fer0027012.png,0,10,0,0,0,0,0,0,0,0
fer0027013.png,0,10,0,0,0,0,0,0,0,0
fer0027014.png,1,9,0,0,0,0,0,0,0,0
fer0027015.png,4,0,0,4,0,0,0,0,2,0
fer0027016.png,2,7,0,0,0,0,0,0,1,0
fer0027017.png,0,0,0,0,0,0,10,0,0,0
fer0027018.png,1,0,0,0,6,2,0,1,0,0
fer0027019.png,4,0,0,3,0,0,1,0,2,0
fer0027020.png,0,1,6,0,0,0,2,0,1,0
fer0027021.png,1,0,0,1,8,0,0,0,0,0
fer0027022.png,0,3,7,0,0,0,0,0,0,0
fer0027023.png,0,9,0,0,0,1,0,0,0,0
fer0027024.png,9,0,0,1,0,0,0,0,0,0
fer0027025.png,0,10,0,0,0,0,0,0,0,0
fer0027026.png,1,0,0,1,8,0,0,0,0,0
fer0027027.png,6,4,0,0,0,0,0,0,0,0
fer0027028.png,1,0,4,0,0,0,5,0,0,0
fer0027029.png,9,0,0,0,1,0,0,0,0,0
fer0027030.png,9,0,0,0,0,0,0,0,1,0
fer0027031.png,4,0,0,2,0,0,0,0,4,0
fer0027032.png,0,10,0,0,0,0,0,0,0,0
fer0027033.png,0,1,0,0,9,0,0,0,0,0
fer0027034.png,0,9,1,0,0,0,0,0,0,0
fer0027035.png,1,9,0,0,0,0,0,0,0,0
fer0027036.png,0,10,0,0,0,0,0,0,0,0
fer0027037.png,7,0,0,2,0,0,0,0,1,0
fer0027038.png,1,0,0,9,0,0,0,0,0,0
fer0027039.png,0,0,0,0,9,0,1,0,0,0
fer0027040.png,0,10,0,0,0,0,0,0,0,0
fer0027041.png,3,0,0,3,0,0,0,1,3,0
fer0027042.png,7,0,0,0,2,0,0,0,1,0
fer0027043.png,1,0,0,0,9,0,0,0,0,0
fer0027044.png,6,0,0,1,2,0,0,0,1,0
fer0027045.png,6,0,0,0,0,0,0,2,2,0
fer0027046.png,0,10,0,0,0,0,0,0,0,0
fer0027047.png,6,0,0,4,0,0,0,0,0,0
fer0027048.png,3,0,0,7,0,0,0,0,0,0
fer0027049.png,0,0,2,0,0,0,8,0,0,0
fer0027050.png,8,0,0,1,0,0,0,0,1,0
fer0027051.png,2,0,0,5,0,0,0,1,2,0
fer0027052.png,1,0,6,1,1,0,0,0,1,0
fer0027053.png,0,0,9,0,0,0,1,0,0,0
fer0027054.png,7,0,0,2,0,0,0,0,1,0
fer0027055.png,0,0,9,0,0,0,1,0,0,0
fer0027056.png,7,0,0,2,0,0,0,0,1,0
fer0027057.png,9,0,0,0,0,0,0,0,1,0
fer0027058.png,1,9,0,0,0,0,0,0,0,0
fer0027059.png,0,0,0,3,3,3,0,1,0,0
fer0027060.png,1,0,0,5,3,0,0,1,0,0
fer0027061.png,1,1,7,0,0,0,0,0,1,0
fer0027062.png,4,0,0,3,1,0,0,0,2,0
fer0027063.png,0,10,0,0,0,0,0,0,0,0
fer0027064.png,3,0,0,7,0,0,0,0,0,0
fer0027065.png,4,0,0,0,5,0,0,1,0,0
fer0027066.png,0,10,0,0,0,0,0,0,0,0
fer0027067.png,1,0,0,0,8,0,1,0,0,0
fer0027068.png,1,9,0,0,0,0,0,0,0,0
fer0027069.png,3,0,0,0,6,1,0,0,0,0
fer0027070.png,0,10,0,0,0,0,0,0,0,0
fer0027071.png,0,9,0,0,0,0,0,0,1,0
fer0027072.png,0,10,0,0,0,0,0,0,0,0
fer0027073.png,0,9,0,0,0,0,0,0,1,0
fer0027074.png,2,0,2,0,4,1,0,0,1,0
fer0027075.png,0,1,0,0,8,0,1,0,0,0
fer0027076.png,0,10,0,0,0,0,0,0,0,0
fer0027077.png,2,0,7,0,0,0,0,0,1,0
fer0027078.png,0,10,0,0,0,0,0,0,0,0
fer0027079.png,1,0,0,0,8,1,0,0,0,0
fer0027080.png,0,0,2,0,8,0,0,0,0,0
fer0027081.png,0,0,0,1,9,0,0,0,0,0
fer0027082.png,0,10,0,0,0,0,0,0,0,0
fer0027083.png,5,0,2,0,0,0,0,0,3,0
fer0027084.png,0,0,4,0,0,0,6,0,0,0
fer0027085.png,1,9,0,0,0,0,0,0,0,0
fer0027086.png,6,0,0,2,0,0,0,0,2,0
fer0027087.png,5,0,0,5,0,0,0,0,0,0
fer0027088.png,7,0,0,0,0,0,0,0,2,1
fer0027089.png,10,0,0,0,0,0,0,0,0,0
fer0027090.png,0,10,0,0,0,0,0,0,0,0
fer0027091.png,0,10,0,0,0,0,0,0,0,0
fer0027092.png,0,6,4,0,0,0,0,0,0,0
fer0027093.png,9,0,0,1,0,0,0,0,0,0
fer0027094.png,1,0,9,0,0,0,0,0,0,0
fer0027095.png,4,0,5,0,0,0,0,0,1,0
fer0027096.png,0,10,0,0,0,0,0,0,0,0
fer0027097.png,1,8,0,0,0,0,0,0,1,0
fer0027098.png,10,0,0,0,0,0,0,0,0,0
fer0027099.png,9,0,0,0,0,0,0,0,1,0
fer0027100.png,5,4,0,1,0,0,0,0,0,0
fer0027101.png,0,10,0,0,0,0,0,0,0,0
fer0027102.png,0,10,0,0,0,0,0,0,0,0
fer0027103.png,1,2,0,0,2,0,3,0,2,0
fer0027104.png,0,0,10,0,0,0,0,0,0,0
fer0027105.png,0,10,0,0,0,0,0,0,0,0
fer0027106.png,2,0,0,8,0,0,0,0,0,0
fer0027107.png,0,1,1,0,6,0,1,1,0,0
fer0027108.png,0,9,0,0,0,0,0,0,1,0
fer0027109.png,0,10,0,0,0,0,0,0,0,0
fer0027110.png,0,10,0,0,0,0,0,0,0,0
fer0027111.png,0,0,0,1,9,0,0,0,0,0
fer0027112.png,0,10,0,0,0,0,0,0,0,0
fer0027113.png,2,0,5,0,0,0,0,0,3,0
fer0027114.png,1,9,0,0,0,0,0,0,0,0
fer0027115.png,8,0,0,0,0,1,0,1,0,0
fer0027116.png,1,9,0,0,0,0,0,0,0,0
fer0027117.png,0,10,0,0,0,0,0,0,0,0
fer0027118.png,0,0,10,0,0,0,0,0,0,0
fer0027119.png,5,0,0,4,0,0,0,0,1,0
fer0027120.png,0,10,0,0,0,0,0,0,0,0
fer0027121.png,1,0,7,0,0,0,2,0,0,0
fer0027122.png,4,0,3,0,1,0,0,1,1,0
fer0027123.png,1,2,6,0,0,0,0,1,0,0
fer0027124.png,0,0,0,0,7,2,1,0,0,0
fer0027125.png,0,0,1,0,0,0,9,0,0,0
fer0027126.png,0,8,1,0,0,0,0,0,1,0
fer0027127.png,1,9,0,0,0,0,0,0,0,0
fer0027128.png,1,0,0,7,0,1,0,0,1,0
fer0027129.png,0,10,0,0,0,0,0,0,0,0
fer0027130.png,0,0,3,0,1,0,6,0,0,0
fer0027131.png,1,0,0,3,0,3,0,3,0,0
fer0027132.png,1,8,0,0,0,0,0,0,1,0
fer0027133.png,0,10,0,0,0,0,0,0,0,0
fer0027134.png,8,2,0,0,0,0,0,0,0,0
fer0027135.png,0,0,0,0,0,0,10,0,0,0
fer0027136.png,1,0,6,0,0,0,3,0,0,0
fer0027137.png,2,0,0,6,0,0,0,1,1,0
fer0027138.png,9,0,0,0,0,0,0,0,1,0
fer0027139.png,7,0,0,0,1,1,0,0,1,0
fer0027140.png,1,0,0,5,3,0,0,0,1,0
fer0027141.png,0,0,8,0,0,0,1,0,1,0
fer0027142.png,0,10,0,0,0,0,0,0,0,0
fer0027143.png,4,0,0,6,0,0,0,0,0,0
fer0027144.png,5,0,0,3,0,0,0,0,2,0
fer0027145.png,5,0,0,4,0,0,0,0,1,0
fer0027146.png,0,0,0,0,1,1,8,0,0,0
fer0027147.png,0,10,0,0,0,0,0,0,0,0
fer0027148.png,6,0,1,0,1,0,0,1,1,0
fer0027149.png,8,0,0,2,0,0,0,0,0,0
fer0027150.png,1,3,1,2,0,0,2,0,1,0
fer0027151.png,10,0,0,0,0,0,0,0,0,0
fer0027152.png,4,4,0,1,0,0,0,0,1,0
fer0027153.png,10,0,0,0,0,0,0,0,0,0
fer0027154.png,6,0,0,3,0,0,0,0,1,0
fer0027155.png,2,0,1,6,0,0,1,0,0,0
fer0027156.png,7,3,0,0,0,0,0,0,0,0
fer0027157.png,0,10,0,0,0,0,0,0,0,0
fer0027158.png,0,9,0,0,0,0,0,0,1,0
fer0027159.png,0,10,0,0,0,0,0,0,0,0
fer0027160.png,0,10,0,0,0,0,0,0,0,0
fer0027161.png,6,0,0,3,0,0,0,0,1,0
fer0027162.png,7,0,0,1,0,0,0,0,2,0
fer0027163.png,9,0,0,0,0,0,0,0,1,0
fer0027164.png,0,0,2,0,4,0,1,0,3,0
fer0027165.png,7,1,1,0,0,0,0,0,1,0
fer0027166.png,5,2,0,2,0,0,0,0,1,0
fer0027167.png,3,0,0,5,0,0,0,1,1,0
fer0027168.png,2,0,0,1,6,0,0,0,1,0
fer0027169.png,6,4,0,0,0,0,0,0,0,0
fer0027170.png,0,0,9,0,0,0,1,0,0,0
fer0027171.png,8,1,0,0,0,0,0,1,0,0
fer0027172.png,1,9,0,0,0,0,0,0,0,0
fer0027173.png,4,0,3,0,0,1,0,0,2,0
fer0027174.png,1,0,0,1,0,8,0,0,0,0
fer0027175.png,1,0,0,0,4,3,1,0,1,0
fer0027176.png,0,10,0,0,0,0,0,0,0,0
fer0027177.png,0,10,0,0,0,0,0,0,0,0
fer0027178.png,6,0,0,3,0,0,0,0,1,0
fer0027179.png,1,0,4,0,3,0,1,0,1,0
fer0027180.png,9,0,0,0,0,0,0,0,1,0
fer0027181.png,0,0,6,0,1,0,3,0,0,0
fer0027182.png,0,0,0,0,9,0,0,0,1,0
fer0027183.png,1,1,1,5,0,0,0,2,0,0
fer0027184.png,5,5,0,0,0,0,0,0,0,0
fer0027185.png,7,0,0,1,0,0,0,1,1,0
fer0027186.png,2,8,0,0,0,0,0,0,0,0
fer0027187.png,0,0,4,0,0,0,6,0,0,0
fer0027188.png,4,0,0,4,1,0,0,0,1,0
fer0027189.png,0,9,1,0,0,0,0,0,0,0
fer0027190.png,6,0,0,0,3,0,0,0,1,0
fer0027191.png,0,3,1,6,0,0,0,0,0,0
fer0027192.png,7,0,0,3,0,0,0,0,0,0
fer0027193.png,1,0,0,0,0,0,0,7,2,0
fer0027194.png,1,0,7,0,0,0,1,0,1,0
fer0027195.png,0,3,6,0,0,0,0,0,1,0
fer0027196.png,4,0,6,0,0,0,0,0,0,0
fer0027197.png,3,1,0,2,0,0,2,0,2,0
fer0027198.png,7,1,0,0,0,0,0,0,2,0
fer0027199.png,8,0,0,0,0,0,0,1,1,0
fer0027200.png,0,0,6,1,0,0,2,0,1,0
fer0027201.png,0,10,0,0,0,0,0,0,0,0
fer0027202.png,4,0,0,3,2,0,0,0,1,0
fer0027203.png,0,0,8,0,0,0,2,0,0,0
fer0027204.png,2,0,4,0,0,0,0,2,2,0
fer0027205.png,3,0,0,6,0,0,0,0,1,0
fer0027206.png,2,7,0,0,0,0,0,0,1,0
fer0027207.png,0,10,0,0,0,0,0,0,0,0
fer0027208.png,2,0,1,6,0,0,0,0,1,0
fer0027209.png,0,0,2,0,5,0,1,0,2,0
fer0027210.png,1,1,0,5,2,0,0,0,1,0
fer0027211.png,4,0,0,2,2,0,0,2,0,0
fer0027212.png,8,0,0,0,0,0,0,0,2,0
fer0027213.png,1,9,0,0,0,0,0,0,0,0
fer0027214.png,3,0,0,0,3,3,0,0,1,0
fer0027215.png,9,0,0,0,0,0,0,0,1,0
fer0027216.png,3,0,5,0,0,0,0,0,2,0
fer0027217.png,1,1,5,0,0,0,0,0,3,0
fer0027218.png,1,3,4,0,0,0,1,0,1,0
fer0027219.png,0,0,8,0,0,0,2,0,0,0
fer0027220.png,0,0,8,0,0,0,2,0,0,0
fer0027221.png,10,0,0,0,0,0,0,0,0,0
fer0027222.png,3,0,0,0,3,0,0,0,4,0
fer0027223.png,3,0,0,1,5,0,0,0,1,0
fer0027224.png,4,6,0,0,0,0,0,0,0,0
fer0027225.png,2,0,0,4,0,2,0,1,1,0
fer0027226.png,0,0,0,0,8,0,0,0,2,0
fer0027227.png,0,0,0,4,4,1,0,1,0,0
fer0027228.png,9,0,0,0,0,0,0,0,1,0
fer0027229.png,4,0,4,0,0,0,0,0,2,0
fer0027230.png,7,0,1,0,0,0,1,0,1,0
fer0027231.png,1,9,0,0,0,0,0,0,0,0
fer0027232.png,0,0,0,0,9,0,1,0,0,0
fer0027233.png,3,0,0,7,0,0,0,0,0,0
fer0027234.png,0,1,2,1,0,0,6,0,0,0
fer0027235.png,0,0,0,9,0,0,1,0,0,0
fer0027236.png,5,5,0,0,0,0,0,0,0,0
fer0027237.png,6,0,0,4,0,0,0,0,0,0
fer0027238.png,6,0,0,1,0,0,0,1,2,0
fer0027239.png,0,0,0,0,10,0,0,0,0,0
fer0027240.png,4,0,0,5,1,0,0,0,0,0
fer0027241.png,0,10,0,0,0,0,0,0,0,0
fer0027242.png,0,0,9,0,0,0,0,0,1,0
fer0027243.png,1,9,0,0,0,0,0,0,0,0
fer0027244.png,4,0,0,5,0,0,0,0,1,0
fer0027245.png,4,0,3,0,0,0,0,0,3,0
fer0027246.png,0,0,0,8,2,0,0,0,0,0
fer0027247.png,2,0,0,8,0,0,0,0,0,0
fer0027248.png,0,2,8,0,0,0,0,0,0,0
fer0027249.png,5,0,0,5,0,0,0,0,0,0
fer0027250.png,0,10,0,0,0,0,0,0,0,0
fer0027251.png,0,0,8,0,1,0,1,0,0,0
fer0027252.png,0,10,0,0,0,0,0,0,0,0
fer0027253.png,1,0,1,0,4,2,0,0,2,0
fer0027254.png,0,1,0,9,0,0,0,0,0,0
fer0027255.png,0,0,10,0,0,0,0,0,0,0
fer0027256.png,0,10,0,0,0,0,0,0,0,0
fer0027257.png,0,2,1,1,2,0,1,0,3,0
fer0027258.png,0,0,9,0,0,0,0,0,1,0
fer0027259.png,10,0,0,0,0,0,0,0,0,0
fer0027260.png,9,0,0,1,0,0,0,0,0,0
fer0027261.png,4,0,0,4,1,0,0,0,1,0
fer0027262.png,8,2,0,0,0,0,0,0,0,0
fer0027263.png,0,10,0,0,0,0,0,0,0,0
fer0027264.png,0,10,0,0,0,0,0,0,0,0
fer0027265.png,0,0,3,0,0,0,7,0,0,0
fer0027266.png,7,1,0,0,0,0,0,0,2,0
fer0027267.png,1,0,0,7,0,0,0,0,2,0
fer0027268.png,6,0,0,1,0,0,0,1,2,0
fer0027269.png,1,0,1,0,4,4,0,0,0,0
fer0027270.png,0,0,0,0,10,0,0,0,0,0
fer0027271.png,9,0,0,0,0,0,0,0,1,0
fer0027272.png,1,9,0,0,0,0,0,0,0,0
fer0027273.png,8,0,0,0,1,0,0,0,1,0
fer0027274.png,2,0,3,4,0,0,0,0,1,0
fer0027275.png,5,0,0,4,0,0,0,0,1,0
fer0027276.png,0,0,0,0,9,0,1,0,0,0
fer0027277.png,0,3,5,0,0,0,0,0,2,0
fer0027278.png,3,0,5,0,0,0,0,0,2,0
fer0027279.png,3,7,0,0,0,0,0,0,0,0
fer0027280.png,2,0,0,6,0,0,2,0,0,0
fer0027281.png,0,0,1,0,6,0,3,0,0,0
fer0027282.png,4,0,1,2,0,0,0,0,3,0
fer0027283.png,9,0,0,0,0,0,0,0,1,0
fer0027284.png,1,6,0,0,0,0,0,3,0,0
fer0027285.png,0,10,0,0,0,0,0,0,0,0
fer0027286.png,1,0,8,0,0,0,1,0,0,0
fer0027287.png,4,0,0,1,2,0,0,1,2,0
fer0027288.png,1,0,0,8,0,0,0,0,1,0
fer0027289.png,0,0,4,0,3,0,3,0,0,0
fer0027290.png,2,0,0,5,0,0,0,0,3,0
fer0027291.png,6,0,0,2,1,0,0,0,1,0
fer0027292.png,4,0,0,3,1,0,0,0,2,0
fer0027293.png,4,0,0,3,0,0,2,0,1,0
fer0027294.png,3,0,0,4,0,0,0,1,2,0
fer0027295.png,0,10,0,0,0,0,0,0,0,0
fer0027296.png,0,10,0,0,0,0,0,0,0,0
fer0027297.png,0,10,0,0,0,0,0,0,0,0
fer0027298.png,0,10,0,0,0,0,0,0,0,0
fer0027299.png,2,0,0,6,0,0,0,1,1,0
fer0027300.png,4,0,3,3,0,0,0,0,0,0
fer0027301.png,1,9,0,0,0,0,0,0,0,0
fer0027302.png,6,0,0,0,0,0,0,3,0,1
fer0027303.png,4,0,0,6,0,0,0,0,0,0
fer0027304.png,4,0,0,4,0,0,1,0,1,0
fer0027305.png,0,10,0,0,0,0,0,0,0,0
fer0027306.png,0,3,0,0,3,3,0,0,1,0
fer0027307.png,7,0,0,3,0,0,0,0,0,0
fer0027308.png,0,10,0,0,0,0,0,0,0,0
fer0027309.png,0,10,0,0,0,0,0,0,0,0
fer0027310.png,0,9,1,0,0,0,0,0,0,0
fer0027311.png,10,0,0,0,0,0,0,0,0,0
fer0027312.png,8,0,2,0,0,0,0,0,0,0
fer0027313.png,4,0,4,1,0,0,1,0,0,0
fer0027314.png,1,9,0,0,0,0,0,0,0,0
fer0027315.png,0,0,0,0,9,0,0,0,1,0
fer0027316.png,6,0,0,3,0,0,0,0,1,0
fer0027317.png,0,0,1,0,8,0,0,0,1,0
fer0027318.png,0,10,0,0,0,0,0,0,0,0
fer0027319.png,5,2,1,2,0,0,0,0,0,0
fer0027320.png,0,0,0,0,10,0,0,0,0,0
fer0027321.png,3,0,1,0,2,0,0,2,2,0
fer0027322.png,3,0,0,5,1,0,0,0,1,0
fer0027323.png,8,0,0,0,0,0,0,0,2,0
fer0027324.png,0,9,1,0,0,0,0,0,0,0
fer0027325.png,5,3,0,0,0,0,0,2,0,0
fer0027326.png,1,0,9,0,0,0,0,0,0,0
fer0027327.png,1,0,0,0,9,0,0,0,0,0
fer0027328.png,6,0,0,3,0,0,0,0,1,0
fer0027329.png,8,0,0,1,0,0,0,1,0,0
fer0027330.png,6,0,0,2,0,0,0,0,1,1
fer0027331.png,4,0,0,5,0,0,0,0,1,0
fer0027332.png,0,10,0,0,0,0,0,0,0,0
fer0027333.png,0,1,0,9,0,0,0,0,0,0
fer0027334.png,0,10,0,0,0,0,0,0,0,0
fer0027335.png,8,0,0,1,1,0,0,0,0,0
fer0027336.png,0,10,0,0,0,0,0,0,0,0
fer0027337.png,0,9,0,1,0,0,0,0,0,0
fer0027338.png,4,0,0,3,0,0,0,0,3,0
fer0027339.png,0,0,0,0,10,0,0,0,0,0
fer0027340.png,6,0,0,3,0,0,0,0,1,0
fer0027341.png,0,0,0,10,0,0,0,0,0,0
fer0027342.png,1,0,2,1,0,0,0,0,6,0
fer0027343.png,6,0,0,0,2,0,0,0,2,0
fer0027344.png,9,0,0,0,0,0,0,0,1,0
fer0027345.png,0,0,7,0,0,0,3,0,0,0
fer0027346.png,1,0,0,7,0,0,2,0,0,0
fer0027347.png,0,10,0,0,0,0,0,0,0,0
fer0027348.png,6,0,1,1,0,0,0,0,2,0
fer0027349.png,1,0,0,1,0,0,0,4,4,0
fer0027350.png,4,0,0,4,1,0,0,1,0,0
fer0027351.png,0,0,2,4,0,0,3,0,1,0
fer0027352.png,0,7,3,0,0,0,0,0,0,0
fer0027353.png,0,0,5,0,0,0,5,0,0,0
fer0027354.png,2,0,0,1,2,0,0,5,0,0
fer0027355.png,9,1,0,0,0,0,0,0,0,0
fer0027356.png,1,9,0,0,0,0,0,0,0,0
fer0027357.png,0,10,0,0,0,0,0,0,0,0
fer0027358.png,9,0,0,0,0,0,0,0,1,0
fer0027359.png,0,0,0,9,0,0,0,0,1,0
fer0027360.png,0,0,1,0,6,0,1,0,2,0
fer0027361.png,0,10,0,0,0,0,0,0,0,0
fer0027362.png,6,0,0,0,3,0,0,0,1,0
fer0027363.png,0,0,0,10,0,0,0,0,0,0
fer0027364.png,0,0,8,0,0,0,0,0,2,0
fer0027365.png,6,0,0,4,0,0,0,0,0,0
fer0027366.png,5,5,0,0,0,0,0,0,0,0
fer0027367.png,2,1,0,1,1,1,0,2,2,0
fer0027368.png,7,0,0,2,0,0,0,0,1,0
fer0027369.png,5,0,0,0,0,0,0,4,1,0
fer0027370.png,3,0,0,5,0,0,0,1,1,0
fer0027371.png,7,0,1,1,0,0,0,0,1,0
fer0027372.png,7,3,0,0,0,0,0,0,0,0
fer0027373.png,0,5,4,0,0,0,0,0,1,0
fer0027374.png,1,0,0,0,9,0,0,0,0,0
fer0027375.png,0,10,0,0,0,0,0,0,0,0
fer0027376.png,0,10,0,0,0,0,0,0,0,0
fer0027377.png,3,0,2,2,0,0,3,0,0,0
fer0027378.png,0,0,3,0,4,1,1,0,1,0
fer0027379.png,1,0,0,8,0,0,0,1,0,0
fer0027380.png,7,0,0,1,0,0,0,2,0,0
fer0027381.png,10,0,0,0,0,0,0,0,0,0
fer0027382.png,0,10,0,0,0,0,0,0,0,0
fer0027383.png,9,0,0,0,0,0,0,0,1,0
fer0027384.png,0,10,0,0,0,0,0,0,0,0
fer0027385.png,6,0,0,3,0,0,0,0,1,0
fer0027386.png,7,3,0,0,0,0,0,0,0,0
fer0027387.png,7,0,0,1,0,1,0,0,1,0
fer0027388.png,4,0,0,4,2,0,0,0,0,0
fer0027389.png,1,0,0,7,0,0,0,0,2,0
fer0027390.png,1,9,0,0,0,0,0,0,0,0
fer0027391.png,6,0,0,2,0,0,0,0,2,0
fer0027392.png,8,0,0,1,1,0,0,0,0,0
fer0027393.png,0,10,0,0,0,0,0,0,0,0
fer0027394.png,2,0,0,0,7,1,0,0,0,0
fer0027395.png,10,0,0,0,0,0,0,0,0,0
fer0027396.png,0,0,1,0,7,0,2,0,0,0
fer0027397.png,0,0,0,0,7,2,0,1,0,0
fer0027398.png,8,0,0,2,0,0,0,0,0,0
fer0027399.png,10,0,0,0,0,0,0,0,0,0
fer0027400.png,4,0,0,0,3,2,0,0,1,0
fer0027401.png,8,0,0,2,0,0,0,0,0,0
fer0027402.png,10,0,0,0,0,0,0,0,0,0
fer0027403.png,1,0,0,9,0,0,0,0,0,0
fer0027404.png,0,10,0,0,0,0,0,0,0,0
fer0027405.png,6,0,0,3,0,0,0,0,1,0
fer0027406.png,3,0,0,4,0,2,0,0,1,0
fer0027407.png,4,0,0,4,0,0,0,0,2,0
fer0027408.png,6,4,0,0,0,0,0,0,0,0
fer0027409.png,10,0,0,0,0,0,0,0,0,0
fer0027410.png,0,5,3,0,0,0,2,0,0,0
fer0027411.png,8,0,0,1,0,0,0,0,1,0
fer0027412.png,6,0,0,2,1,0,0,0,1,0
fer0027413.png,0,0,0,0,6,3,0,0,1,0
fer0027414.png,4,0,0,5,0,0,0,0,1,0
fer0027415.png,5,0,0,0,0,0,0,5,0,0
fer0027416.png,1,2,0,0,4,0,0,0,3,0
fer0027417.png,1,9,0,0,0,0,0,0,0,0
fer0027418.png,2,2,1,2,0,0,0,0,3,0
fer0027419.png,0,0,8,0,0,0,2,0,0,0
fer0027420.png,1,0,7,0,0,0,1,0,1,0
fer0027421.png,1,0,1,0,6,0,0,1,1,0
fer0027422.png,0,0,10,0,0,0,0,0,0,0
fer0027423.png,9,0,0,1,0,0,0,0,0,0
fer0027424.png,0,10,0,0,0,0,0,0,0,0
fer0027425.png,9,0,0,1,0,0,0,0,0,0
fer0027426.png,2,7,0,0,0,0,0,0,1,0
fer0027427.png,0,0,1,0,5,0,0,0,4,0
fer0027428.png,0,10,0,0,0,0,0,0,0,0
fer0027429.png,0,9,0,0,0,0,0,0,1,0
fer0027430.png,0,10,0,0,0,0,0,0,0,0
fer0027431.png,1,9,0,0,0,0,0,0,0,0
fer0027432.png,1,4,3,0,0,0,0,0,2,0
fer0027433.png,1,0,1,1,6,0,0,0,1,0
fer0027434.png,0,6,3,1,0,0,0,0,0,0
fer0027435.png,7,0,0,1,0,0,0,0,2,0
fer0027436.png,5,0,0,4,0,0,0,0,1,0
fer0027437.png,8,0,0,1,0,0,0,0,1,0
fer0027438.png,0,6,0,0,0,2,0,2,0,0
fer0027439.png,0,0,0,2,5,0,0,0,3,0
fer0027440.png,1,0,0,0,8,0,1,0,0,0
fer0027441.png,3,1,0,0,1,0,0,0,5,0
fer0027442.png,1,1,2,1,2,0,0,2,1,0
fer0027443.png,4,1,0,2,0,0,0,0,3,0
fer0027444.png,1,0,0,8,1,0,0,0,0,0
fer0027445.png,3,0,0,0,0,0,2,2,3,0
fer0027446.png,3,3,0,0,0,2,0,0,2,0
fer0027447.png,0,1,9,0,0,0,0,0,0,0
fer0027448.png,3,0,0,5,2,0,0,0,0,0
fer0027449.png,0,10,0,0,0,0,0,0,0,0
fer0027450.png,0,0,0,0,6,2,0,0,2,0
fer0027451.png,0,7,2,0,0,0,0,0,1,0
fer0027452.png,4,0,0,5,0,0,0,0,1,0
fer0027453.png,0,0,0,8,0,0,0,0,2,0
fer0027454.png,2,0,0,6,0,0,0,0,2,0
fer0027455.png,2,8,0,0,0,0,0,0,0,0
fer0027456.png,0,10,0,0,0,0,0,0,0,0
fer0027457.png,0,10,0,0,0,0,0,0,0,0
fer0027458.png,0,10,0,0,0,0,0,0,0,0
fer0027459.png,5,3,0,0,0,1,0,0,1,0
fer0027460.png,3,0,0,4,2,0,0,1,0,0
fer0027461.png,0,0,8,0,0,0,1,0,1,0
fer0027462.png,10,0,0,0,0,0,0,0,0,0
fer0027463.png,3,6,0,0,0,0,0,0,1,0
fer0027464.png,6,0,0,4,0,0,0,0,0,0
fer0027465.png,0,0,8,0,0,0,1,0,1,0
fer0027466.png,8,0,0,1,0,0,0,0,1,0
fer0027467.png,0,0,1,0,7,0,2,0,0,0
fer0027468.png,6,0,2,0,0,1,0,0,1,0
fer0027469.png,1,9,0,0,0,0,0,0,0,0
fer0027470.png,0,0,0,9,0,0,0,0,1,0
fer0027471.png,6,0,0,4,0,0,0,0,0,0
fer0027472.png,9,0,0,0,0,0,0,0,1,0
fer0027473.png,0,10,0,0,0,0,0,0,0,0
fer0027474.png,0,0,0,0,6,1,1,0,2,0
fer0027475.png,0,0,0,0,6,3,1,0,0,0
fer0027476.png,10,0,0,0,0,0,0,0,0,0
fer0027477.png,4,0,4,1,0,0,0,0,1,0
fer0027478.png,0,10,0,0,0,0,0,0,0,0
fer0027479.png,4,0,3,1,0,0,1,0,1,0
fer0027480.png,0,9,0,0,0,0,0,0,1,0
fer0027481.png,9,0,0,1,0,0,0,0,0,0
fer0027482.png,0,10,0,0,0,0,0,0,0,0
fer0027483.png,0,0,9,0,0,0,0,0,1,0
fer0027484.png,7,0,0,0,0,0,0,1,2,0
fer0027485.png,1,0,0,1,0,1,6,1,0,0
fer0027486.png,1,7,0,0,0,0,0,1,1,0
fer0027487.png,0,0,0,0,0,0,10,0,0,0
fer0027488.png,6,0,1,1,0,0,1,0,1,0
fer0027489.png,2,0,5,1,0,0,2,0,0,0
fer0027490.png,9,0,0,1,0,0,0,0,0,0
fer0027491.png,8,0,0,1,0,0,0,0,1,0
fer0027492.png,4,0,0,0,4,0,0,0,2,0
fer0027493.png,0,8,2,0,0,0,0,0,0,0
fer0027494.png,0,10,0,0,0,0,0,0,0,0
fer0027495.png,1,0,1,0,8,0,0,0,0,0
fer0027496.png,1,1,7,0,0,0,0,0,1,0
fer0027497.png,5,1,0,2,1,0,0,1,0,0
fer0027498.png,5,1,0,0,1,0,0,1,2,0
fer0027499.png,1,1,2,1,3,0,2,0,0,0
fer0027500.png,0,0,0,2,1,0,6,0,1,0
fer0027501.png,2,1,0,0,4,0,0,0,3,0
fer0027502.png,0,2,1,0,5,0,0,0,2,0
fer0027503.png,2,0,0,7,0,0,0,1,0,0
fer0027504.png,1,1,0,8,0,0,0,0,0,0
fer0027505.png,0,10,0,0,0,0,0,0,0,0
fer0027506.png,3,0,0,6,1,0,0,0,0,0
fer0027507.png,0,0,9,0,0,0,1,0,0,0
fer0027508.png,0,9,0,1,0,0,0,0,0,0
fer0027509.png,0,10,0,0,0,0,0,0,0,0
fer0027510.png,5,0,0,5,0,0,0,0,0,0
fer0027511.png,0,1,6,0,0,0,2,0,1,0
fer0027512.png,0,0,8,0,0,0,2,0,0,0
fer0027513.png,1,0,0,2,4,0,0,0,3,0
fer0027514.png,0,10,0,0,0,0,0,0,0,0
fer0027515.png,1,0,0,7,0,0,0,0,2,0
fer0027516.png,0,10,0,0,0,0,0,0,0,0
fer0027517.png,6,3,0,0,0,0,0,0,1,0
fer0027518.png,5,0,0,5,0,0,0,0,0,0
fer0027519.png,0,9,0,0,0,0,0,0,1,0
fer0027520.png,1,0,0,4,4,0,0,0,1,0
fer0027521.png,3,0,0,7,0,0,0,0,0,0
fer0027522.png,0,0,6,0,0,0,4,0,0,0
fer0027523.png,0,0,9,0,0,0,0,0,1,0
fer0027524.png,10,0,0,0,0,0,0,0,0,0
fer0027525.png,9,0,0,1,0,0,0,0,0,0
fer0027526.png,1,0,2,2,0,0,3,0,2,0
fer0027527.png,10,0,0,0,0,0,0,0,0,0
fer0027528.png,0,3,6,0,0,0,0,0,1,0
fer0027529.png,0,10,0,0,0,0,0,0,0,0
fer0027530.png,6,0,0,0,0,0,0,4,0,0
fer0027531.png,0,10,0,0,0,0,0,0,0,0
fer0027532.png,3,0,7,0,0,0,0,0,0,0
fer0027533.png,0,10,0,0,0,0,0,0,0,0
fer0027534.png,4,0,0,1,1,0,0,3,1,0
fer0027535.png,5,3,2,0,0,0,0,0,0,0
fer0027536.png,0,10,0,0,0,0,0,0,0,0
fer0027537.png,3,0,0,5,0,0,0,0,2,0
fer0027538.png,10,0,0,0,0,0,0,0,0,0
fer0027539.png,0,0,0,0,10,0,0,0,0,0
fer0027540.png,1,9,0,0,0,0,0,0,0,0
fer0027541.png,0,10,0,0,0,0,0,0,0,0
fer0027542.png,2,0,1,3,4,0,0,0,0,0
fer0027543.png,3,0,6,0,0,0,1,0,0,0
fer0027544.png,8,0,0,2,0,0,0,0,0,0
fer0027545.png,0,10,0,0,0,0,0,0,0,0
fer0027546.png,1,8,0,0,0,0,0,0,1,0
fer0027547.png,0,1,0,0,7,1,1,0,0,0
fer0027548.png,0,10,0,0,0,0,0,0,0,0
fer0027549.png,1,9,0,0,0,0,0,0,0,0
fer0027550.png,2,0,4,0,1,0,0,0,3,0
fer0027551.png,3,0,0,7,0,0,0,0,0,0
fer0027552.png,5,0,0,1,1,0,0,1,2,0
fer0027553.png,1,0,0,2,7,0,0,0,0,0
fer0027554.png,6,1,0,0,0,1,0,1,1,0
fer0027555.png,0,10,0,0,0,0,0,0,0,0
fer0027556.png,0,0,8,0,0,0,0,0,2,0
fer0027557.png,2,0,0,6,0,0,0,0,2,0
fer0027558.png,5,0,0,4,1,0,0,0,0,0
fer0027559.png,0,0,1,0,0,1,0,5,3,0
fer0027560.png,4,0,0,3,0,0,0,1,2,0
fer0027561.png,2,8,0,0,0,0,0,0,0,0
fer0027562.png,8,0,1,0,0,0,0,0,1,0
fer0027563.png,8,0,0,1,0,0,0,0,1,0
fer0027564.png,8,2,0,0,0,0,0,0,0,0
fer0027565.png,5,0,0,4,0,0,1,0,0,0
fer0027566.png,1,9,0,0,0,0,0,0,0,0
fer0027567.png,1,9,0,0,0,0,0,0,0,0
fer0027568.png,0,10,0,0,0,0,0,0,0,0
fer0027569.png,0,0,7,0,0,1,2,0,0,0
fer0027570.png,0,9,0,0,0,0,0,0,1,0
fer0027571.png,8,0,0,1,0,0,0,0,1,0
fer0027572.png,3,3,0,3,0,0,0,1,0,0
fer0027573.png,0,10,0,0,0,0,0,0,0,0
fer0027574.png,1,0,0,0,5,2,1,0,1,0
fer0027575.png,0,8,1,0,0,0,0,0,1,0
fer0027576.png,7,2,0,0,0,0,0,0,1,0
fer0027577.png,2,8,0,0,0,0,0,0,0,0
fer0027578.png,0,7,0,0,0,0,0,3,0,0
fer0027579.png,1,9,0,0,0,0,0,0,0,0
fer0027580.png,4,4,0,1,0,0,0,0,1,0
fer0027581.png,0,0,9,0,0,0,0,0,1,0
fer0027582.png,0,0,2,0,7,0,1,0,0,0
fer0027583.png,4,0,0,4,0,0,0,1,1,0
fer0027584.png,3,0,0,6,0,0,0,0,1,0
fer0027585.png,0,0,1,1,1,0,7,0,0,0
fer0027586.png,1,0,7,0,0,0,1,0,1,0
fer0027587.png,3,0,0,1,1,0,2,2,1,0
fer0027588.png,3,0,0,4,0,0,0,1,2,0
fer0027589.png,0,0,8,0,0,0,2,0,0,0
fer0027590.png,1,0,0,3,0,0,5,0,1,0
fer0027591.png,0,10,0,0,0,0,0,0,0,0
fer0027592.png,1,8,1,0,0,0,0,0,0,0
fer0027593.png,0,10,0,0,0,0,0,0,0,0
fer0027594.png,0,0,8,1,0,0,1,0,0,0
fer0027595.png,0,0,0,10,0,0,0,0,0,0
fer0027596.png,0,0,8,2,0,0,0,0,0,0
fer0027597.png,6,0,0,0,1,0,0,1,2,0
fer0027598.png,5,0,1,0,2,0,0,0,2,0
fer0027599.png,5,4,0,0,0,0,0,1,0,0
fer0027600.png,0,0,0,7,0,1,0,0,2,0
fer0027601.png,0,10,0,0,0,0,0,0,0,0
fer0027602.png,0,8,1,0,0,0,0,0,1,0
fer0027603.png,4,0,0,2,2,0,0,0,2,0
fer0027604.png,2,0,0,0,5,1,0,0,2,0
fer0027605.png,0,10,0,0,0,0,0,0,0,0
fer0027606.png,4,6,0,0,0,0,0,0,0,0
fer0027607.png,4,3,2,0,0,0,0,0,1,0
fer0027608.png,8,0,0,1,0,0,0,0,1,0
fer0027609.png,1,0,0,0,0,0,9,0,0,0
fer0027610.png,0,10,0,0,0,0,0,0,0,0
fer0027611.png,6,0,0,2,0,0,0,1,1,0
fer0027612.png,9,0,0,1,0,0,0,0,0,0
fer0027613.png,8,0,1,0,0,0,0,0,1,0
fer0027614.png,1,0,0,7,1,0,0,0,1,0
fer0027615.png,0,0,2,1,0,0,6,0,1,0
fer0027616.png,10,0,0,0,0,0,0,0,0,0
fer0027617.png,2,0,0,1,1,2,0,3,1,0
fer0027618.png,5,0,0,4,0,0,0,0,1,0
fer0027619.png,5,0,0,4,0,0,0,0,1,0
fer0027620.png,5,0,0,5,0,0,0,0,0,0
fer0027621.png,0,0,0,10,0,0,0,0,0,0
fer0027622.png,10,0,0,0,0,0,0,0,0,0
fer0027623.png,10,0,0,0,0,0,0,0,0,0
fer0027624.png,6,0,2,0,0,0,0,1,1,0
fer0027625.png,1,9,0,0,0,0,0,0,0,0
fer0027626.png,0,4,6,0,0,0,0,0,0,0
fer0027627.png,6,0,1,1,0,0,0,0,2,0
fer0027628.png,0,0,1,0,9,0,0,0,0,0
fer0027629.png,3,1,0,2,0,1,0,1,2,0
fer0027630.png,0,0,0,10,0,0,0,0,0,0
fer0027631.png,0,10,0,0,0,0,0,0,0,0
fer0027632.png,0,2,5,0,1,0,2,0,0,0
fer0027633.png,6,0,3,0,0,0,0,0,1,0
fer0027634.png,0,0,0,0,9,0,1,0,0,0
fer0027635.png,0,9,1,0,0,0,0,0,0,0
fer0027636.png,6,0,2,0,0,1,0,0,1,0
fer0027637.png,7,1,0,1,0,0,0,0,1,0
fer0027638.png,0,10,0,0,0,0,0,0,0,0
fer0027639.png,2,0,0,8,0,0,0,0,0,0
fer0027640.png,2,5,0,0,0,0,0,0,3,0
fer0027641.png,4,0,0,5,0,0,0,0,1,0
fer0027642.png,2,0,1,4,0,1,1,1,0,0
fer0027643.png,7,0,0,0,0,0,0,1,2,0
fer0027644.png,5,0,0,5,0,0,0,0,0,0
fer0027645.png,0,0,3,0,0,0,6,0,1,0
fer0027646.png,1,0,1,8,0,0,0,0,0,0
fer0027647.png,4,0,0,5,0,0,0,0,1,0
fer0027648.png,2,5,0,0,0,0,0,3,0,0
fer0027649.png,7,0,0,2,0,0,0,1,0,0
fer0027650.png,7,0,1,0,0,0,0,0,2,0
fer0027651.png,0,0,2,0,6,0,1,0,1,0
fer0027652.png,0,10,0,0,0,0,0,0,0,0
fer0027653.png,8,0,0,0,0,0,1,0,1,0
fer0027654.png,0,0,4,1,0,0,3,0,2,0
fer0027655.png,0,0,0,9,0,0,0,0,1,0
fer0027656.png,7,0,0,0,0,0,0,2,1,0
fer0027657.png,4,0,0,6,0,0,0,0,0,0
fer0027658.png,1,0,1,0,6,0,0,0,2,0
fer0027659.png,1,0,2,2,0,0,5,0,0,0
fer0027660.png,2,1,1,3,2,0,0,0,1,0
fer0027661.png,4,6,0,0,0,0,0,0,0,0
fer0027662.png,1,0,0,0,3,4,0,0,2,0
fer0027663.png,5,0,0,4,0,0,0,0,1,0
fer0027664.png,3,0,0,1,5,0,0,0,1,0
fer0027665.png,5,0,2,0,0,0,0,0,3,0
fer0027666.png,9,0,0,0,0,0,0,1,0,0
fer0027667.png,5,0,5,0,0,0,0,0,0,0
fer0027668.png,2,0,0,4,0,0,0,0,4,0
fer0027669.png,0,10,0,0,0,0,0,0,0,0
fer0027670.png,0,0,4,0,4,0,0,0,2,0
fer0027671.png,1,9,0,0,0,0,0,0,0,0
fer0027672.png,6,0,4,0,0,0,0,0,0,0
fer0027673.png,0,10,0,0,0,0,0,0,0,0
fer0027674.png,4,0,0,0,6,0,0,0,0,0
fer0027675.png,7,0,1,1,0,0,0,0,1,0
fer0027676.png,1,0,4,1,0,0,4,0,0,0
fer0027677.png,5,0,0,2,0,0,0,0,3,0
fer0027678.png,10,0,0,0,0,0,0,0,0,0
fer0027679.png,6,0,1,3,0,0,0,0,0,0
fer0027680.png,0,0,4,0,0,0,5,0,1,0
fer0027681.png,0,10,0,0,0,0,0,0,0,0
fer0027682.png,6,0,1,1,0,0,0,0,2,0
fer0027683.png,0,10,0,0,0,0,0,0,0,0
fer0027684.png,0,0,0,3,0,0,6,0,1,0
fer0027685.png,0,10,0,0,0,0,0,0,0,0
fer0027686.png,0,0,8,0,0,0,2,0,0,0
fer0027687.png,1,9,0,0,0,0,0,0,0,0
fer0027688.png,1,0,0,7,0,1,0,1,0,0
fer0027689.png,10,0,0,0,0,0,0,0,0,0
fer0027690.png,0,10,0,0,0,0,0,0,0,0
fer0027691.png,0,10,0,0,0,0,0,0,0,0
fer0027692.png,8,0,0,1,0,0,0,0,1,0
fer0027693.png,0,5,5,0,0,0,0,0,0,0
fer0027694.png,2,0,0,7,0,0,0,0,1,0
fer0027695.png,0,1,0,0,1,4,0,0,4,0
fer0027696.png,0,10,0,0,0,0,0,0,0,0
fer0027697.png,4,0,1,0,1,1,0,2,1,0
fer0027698.png,6,0,0,1,2,0,0,0,1,0
fer0027699.png,5,1,1,1,2,0,0,0,0,0
fer0027700.png,6,0,0,1,2,0,0,0,1,0
fer0027701.png,0,0,0,6,0,3,0,0,1,0
fer0027702.png,2,0,0,6,0,0,0,0,2,0
fer0027703.png,1,0,0,5,2,0,0,0,2,0
fer0027704.png,1,0,7,0,0,0,2,0,0,0
fer0027705.png,2,0,0,2,6,0,0,0,0,0
fer0027706.png,3,0,0,6,0,0,0,0,1,0
fer0027707.png,0,10,0,0,0,0,0,0,0,0
fer0027708.png,6,0,0,3,0,0,0,0,1,0
fer0027709.png,0,10,0,0,0,0,0,0,0,0
fer0027710.png,0,0,9,0,0,0,0,0,1,0
fer0027711.png,0,9,0,1,0,0,0,0,0,0
fer0027712.png,1,0,7,0,0,0,2,0,0,0
fer0027713.png,0,10,0,0,0,0,0,0,0,0
fer0027714.png,8,0,1,0,1,0,0,0,0,0
fer0027715.png,0,0,0,5,0,0,4,0,1,0
fer0027716.png,4,0,0,6,0,0,0,0,0,0
fer0027717.png,8,0,0,2,0,0,0,0,0,0
fer0027718.png,7,0,0,3,0,0,0,0,0,0
fer0027719.png,0,10,0,0,0,0,0,0,0,0
fer0027720.png,1,0,0,6,1,0,0,1,1,0
fer0027721.png,0,0,8,0,0,0,1,0,1,0
fer0027722.png,0,10,0,0,0,0,0,0,0,0
fer0027723.png,4,1,0,4,0,0,0,0,1,0
fer0027724.png,0,0,0,0,9,1,0,0,0,0
fer0027725.png,4,0,1,4,0,1,0,0,0,0
fer0027726.png,0,0,5,0,0,0,4,0,1,0
fer0027727.png,0,10,0,0,0,0,0,0,0,0
fer0027728.png,0,0,0,0,9,0,1,0,0,0
fer0027729.png,0,0,9,0,0,0,1,0,0,0
fer0027730.png,7,0,0,1,0,1,0,0,1,0
fer0027731.png,2,7,0,0,0,0,0,0,1,0
fer0027732.png,3,0,0,6,0,0,0,0,1,0
fer0027733.png,0,0,9,0,0,0,0,0,1,0
fer0027734.png,1,0,0,0,9,0,0,0,0,0
fer0027735.png,0,10,0,0,0,0,0,0,0,0
fer0027736.png,2,0,0,5,1,1,0,0,1,0
fer0027737.png,0,9,0,0,0,0,0,0,1,0
fer0027738.png,0,7,3,0,0,0,0,0,0,0
fer0027739.png,0,0,0,0,9,0,0,0,1,0
fer0027740.png,9,0,0,0,0,0,0,0,1,0
fer0027741.png,0,1,8,0,0,0,1,0,0,0
fer0027742.png,0,0,8,0,0,0,2,0,0,0
fer0027743.png,1,6,0,0,1,0,0,1,1,0
fer0027744.png,10,0,0,0,0,0,0,0,0,0
fer0027745.png,3,0,0,4,1,1,0,0,1,0
fer0027746.png,7,0,0,0,1,0,0,0,2,0
fer0027747.png,3,0,0,5,0,1,0,0,1,0
fer0027748.png,1,0,9,0,0,0,0,0,0,0
fer0027749.png,0,0,0,5,0,0,4,0,1,0
fer0027750.png,2,0,4,0,0,0,1,0,3,0
fer0027751.png,0,10,0,0,0,0,0,0,0,0
fer0027752.png,9,0,0,0,0,0,0,1,0,0
fer0027753.png,0,10,0,0,0,0,0,0,0,0
fer0027754.png,0,5,5,0,0,0,0,0,0,0
fer0027755.png,0,10,0,0,0,0,0,0,0,0
fer0027756.png,6,0,0,2,0,0,0,0,2,0
fer0027757.png,10,0,0,0,0,0,0,0,0,0
fer0027758.png,0,0,0,0,7,2,1,0,0,0
fer0027759.png,0,10,0,0,0,0,0,0,0,0
fer0027760.png,2,0,6,0,0,0,1,0,1,0
fer0027761.png,0,9,0,0,0,0,0,1,0,0
fer0027762.png,6,2,1,1,0,0,0,0,0,0
fer0027763.png,8,0,0,1,0,0,0,0,1,0
fer0027764.png,9,1,0,0,0,0,0,0,0,0
fer0027765.png,0,0,1,0,3,0,0,0,6,0
fer0027766.png,1,0,0,9,0,0,0,0,0,0
fer0027767.png,6,0,0,3,0,0,0,0,1,0
fer0027768.png,0,0,0,1,9,0,0,0,0,0
fer0027769.png,0,5,4,0,0,0,0,0,1,0
fer0027770.png,0,0,4,1,0,0,5,0,0,0
fer0027771.png,4,0,0,4,0,0,0,0,2,0
fer0027772.png,1,0,0,7,2,0,0,0,0,0
fer0027773.png,0,0,9,0,0,0,1,0,0,0
fer0027774.png,1,7,1,0,0,0,0,0,1,0
fer0027775.png,0,10,0,0,0,0,0,0,0,0
fer0027776.png,1,0,1,3,1,0,2,1,1,0
fer0027777.png,1,0,0,0,5,3,0,1,0,0
fer0027778.png,7,0,0,2,0,0,0,0,1,0
fer0027779.png,1,0,0,8,0,0,0,0,1,0
fer0027780.png,2,0,0,2,5,0,0,0,1,0
fer0027781.png,1,9,0,0,0,0,0,0,0,0
fer0027782.png,1,0,9,0,0,0,0,0,0,0
fer0027783.png,0,0,9,0,0,0,1,0,0,0
fer0027784.png,0,10,0,0,0,0,0,0,0,0
fer0027785.png,7,0,1,0,0,0,0,0,2,0
fer0027786.png,0,10,0,0,0,0,0,0,0,0
fer0027787.png,5,0,0,5,0,0,0,0,0,0
fer0027788.png,0,9,0,0,0,1,0,0,0,0
fer0027789.png,0,5,5,0,0,0,0,0,0,0
fer0027790.png,6,1,0,0,1,0,0,2,0,0
fer0027791.png,1,9,0,0,0,0,0,0,0,0
fer0027792.png,5,0,1,1,1,0,0,0,2,0
fer0027793.png,1,0,1,1,0,0,0,6,1,0
fer0027794.png,9,0,0,0,0,0,0,0,1,0
fer0027795.png,0,10,0,0,0,0,0,0,0,0
fer0027796.png,7,0,0,2,1,0,0,0,0,0
fer0027797.png,5,1,0,2,0,0,0,2,0,0
fer0027798.png,3,0,1,6,0,0,0,0,0,0
fer0027799.png,0,10,0,0,0,0,0,0,0,0
fer0027800.png,2,0,0,2,5,1,0,0,0,0
fer0027801.png,1,0,0,0,1,0,7,0,1,0
fer0027802.png,0,0,1,0,9,0,0,0,0,0
fer0027803.png,2,0,0,6,0,0,0,0,2,0
fer0027804.png,3,0,5,1,0,0,1,0,0,0
fer0027805.png,2,0,0,0,5,2,0,0,1,0
fer0027806.png,0,10,0,0,0,0,0,0,0,0
fer0027807.png,1,0,1,1,0,0,7,0,0,0
fer0027808.png,0,10,0,0,0,0,0,0,0,0
fer0027809.png,4,0,5,0,0,0,1,0,0,0
fer0027810.png,0,3,1,0,4,0,0,0,2,0
fer0027811.png,1,3,0,1,1,3,0,0,1,0
fer0027812.png,9,0,0,0,0,0,0,0,1,0
fer0027813.png,0,1,0,0,8,0,1,0,0,0
fer0027814.png,1,0,9,0,0,0,0,0,0,0
fer0027815.png,6,3,0,0,0,0,0,1,0,0
fer0027816.png,6,0,2,1,0,0,0,0,1,0
fer0027817.png,7,0,0,1,0,0,0,0,2,0
fer0027818.png,0,0,8,0,0,0,2,0,0,0
fer0027819.png,0,0,3,1,0,0,6,0,0,0
fer0027820.png,1,0,9,0,0,0,0,0,0,0
fer0027821.png,4,2,0,2,0,0,0,0,2,0
fer0027822.png,0,10,0,0,0,0,0,0,0,0
fer0027823.png,5,4,0,0,0,0,0,1,0,0
fer0027824.png,0,0,0,2,5,2,0,0,1,0
fer0027825.png,1,0,0,9,0,0,0,0,0,0
fer0027826.png,1,1,0,2,0,4,2,0,0,0
fer0027827.png,6,0,0,2,0,0,0,2,0,0
fer0027828.png,2,0,6,0,0,0,0,0,2,0
fer0027829.png,1,4,0,0,0,1,0,1,3,0
fer0027830.png,1,0,0,0,6,0,2,0,1,0
fer0027831.png,0,0,8,0,0,0,2,0,0,0
fer0027832.png,0,0,3,0,0,0,6,0,1,0
fer0027833.png,0,9,0,0,0,0,0,0,1,0
fer0027834.png,0,0,0,0,10,0,0,0,0,0
fer0027835.png,5,0,1,4,0,0,0,0,0,0
fer0027836.png,0,2,7,0,0,0,0,0,1,0
fer0027837.png,0,0,7,0,0,0,2,0,1,0
fer0027838.png,1,0,5,0,0,0,3,0,1,0
fer0027839.png,2,5,0,0,2,0,1,0,0,0
fer0027840.png,5,0,1,1,0,0,0,2,1,0
fer0027841.png,9,0,0,0,0,0,0,0,1,0
fer0027842.png,0,0,0,10,0,0,0,0,0,0
fer0027843.png,5,0,0,5,0,0,0,0,0,0
fer0027844.png,1,0,0,9,0,0,0,0,0,0
fer0027845.png,0,10,0,0,0,0,0,0,0,0
fer0027846.png,1,0,6,0,0,0,3,0,0,0
fer0027847.png,0,0,0,0,0,1,7,0,2,0
fer0027848.png,2,0,5,1,0,0,0,1,1,0
fer0027849.png,4,0,0,2,0,0,0,3,1,0
fer0027850.png,1,9,0,0,0,0,0,0,0,0
fer0027851.png,8,0,0,2,0,0,0,0,0,0
fer0027852.png,6,0,0,3,0,0,0,0,1,0
fer0027853.png,0,0,6,0,0,0,4,0,0,0
fer0027854.png,1,0,0,1,8,0,0,0,0,0
fer0027855.png,0,1,0,2,3,3,0,0,1,0
fer0027856.png,0,0,8,0,0,0,1,0,1,0
fer0027857.png,2,0,7,0,1,0,0,0,0,0
fer0027858.png,1,8,0,0,0,0,0,0,1,0
fer0027859.png,0,10,0,0,0,0,0,0,0,0
fer0027860.png,5,0,0,1,4,0,0,0,0,0
fer0027861.png,0,9,1,0,0,0,0,0,0,0
fer0027862.png,0,10,0,0,0,0,0,0,0,0
fer0027863.png,0,0,10,0,0,0,0,0,0,0
fer0027864.png,0,0,0,10,0,0,0,0,0,0
fer0027865.png,0,0,0,9,0,0,1,0,0,0
fer0027866.png,2,0,8,0,0,0,0,0,0,0
fer0027867.png,5,0,2,0,1,0,1,0,1,0
fer0027868.png,0,10,0,0,0,0,0,0,0,0
fer0027869.png,0,1,9,0,0,0,0,0,0,0
fer0027870.png,0,9,0,0,0,0,0,0,1,0
fer0027871.png,3,0,0,7,0,0,0,0,0,0
fer0027872.png,8,1,0,1,0,0,0,0,0,0
fer0027873.png,1,0,0,9,0,0,0,0,0,0
fer0027874.png,2,8,0,0,0,0,0,0,0,0
fer0027875.png,0,10,0,0,0,0,0,0,0,0
fer0027876.png,6,4,0,0,0,0,0,0,0,0
fer0027877.png,4,0,0,2,0,0,0,2,2,0
fer0027878.png,5,0,0,1,0,2,0,0,2,0
fer0027879.png,0,10,0,0,0,0,0,0,0,0
fer0027880.png,7,0,0,3,0,0,0,0,0,0
fer0027881.png,1,0,5,3,0,0,1,0,0,0
fer0027882.png,0,9,0,1,0,0,0,0,0,0
fer0027883.png,0,10,0,0,0,0,0,0,0,0
fer0027884.png,0,0,9,0,0,0,0,0,1,0
fer0027885.png,0,10,0,0,0,0,0,0,0,0
fer0027886.png,1,0,0,8,0,0,0,0,1,0
fer0027887.png,7,1,0,1,0,0,0,0,1,0
fer0027888.png,5,0,0,4,0,1,0,0,0,0
fer0027889.png,0,10,0,0,0,0,0,0,0,0
fer0027890.png,2,0,0,3,2,0,0,0,3,0
fer0027891.png,0,0,2,0,8,0,0,0,0,0
fer0027892.png,4,0,0,1,2,0,0,1,2,0
fer0027893.png,10,0,0,0,0,0,0,0,0,0
fer0027894.png,8,0,1,1,0,0,0,0,0,0
fer0027895.png,0,0,9,0,0,0,1,0,0,0
fer0027896.png,2,8,0,0,0,0,0,0,0,0
fer0027897.png,2,0,0,1,7,0,0,0,0,0
fer0027898.png,0,0,5,0,0,0,4,0,1,0
fer0027899.png,1,8,1,0,0,0,0,0,0,0
fer0027900.png,1,0,8,1,0,0,0,0,0,0
fer0027901.png,5,0,0,1,1,3,0,0,0,0
fer0027902.png,1,0,0,4,1,0,0,2,2,0
fer0027903.png,9,0,1,0,0,0,0,0,0,0
fer0027904.png,8,0,0,2,0,0,0,0,0,0
fer0027905.png,6,1,0,3,0,0,0,0,0,0
fer0027906.png,7,0,0,1,1,0,0,0,1,0
fer0027907.png,0,10,0,0,0,0,0,0,0,0
fer0027908.png,2,8,0,0,0,0,0,0,0,0
fer0027909.png,0,0,10,0,0,0,0,0,0,0
fer0027910.png,7,0,0,2,0,0,0,0,1,0
fer0027911.png,1,0,7,0,0,0,2,0,0,0
fer0027912.png,0,0,1,0,8,0,0,0,1,0
fer0027913.png,9,0,0,0,0,0,0,0,1,0
fer0027914.png,5,0,2,1,0,0,1,0,1,0
fer0027915.png,10,0,0,0,0,0,0,0,0,0
fer0027916.png,5,0,0,4,0,0,0,0,1,0
fer0027917.png,0,0,3,0,6,0,0,0,1,0
fer0027918.png,0,10,0,0,0,0,0,0,0,0
fer0027919.png,0,0,7,0,0,0,3,0,0,0
fer0027920.png,0,10,0,0,0,0,0,0,0,0
fer0027921.png,0,0,1,0,9,0,0,0,0,0
fer0027922.png,1,9,0,0,0,0,0,0,0,0
fer0027923.png,3,0,0,5,0,0,0,1,1,0
fer0027924.png,8,1,0,0,0,0,0,0,1,0
fer0027925.png,3,7,0,0,0,0,0,0,0,0
fer0027926.png,3,0,7,0,0,0,0,0,0,0
fer0027927.png,0,10,0,0,0,0,0,0,0,0
fer0027928.png,5,0,0,4,0,0,0,0,1,0
fer0027929.png,2,0,0,0,6,1,0,0,1,0
fer0027930.png,10,0,0,0,0,0,0,0,0,0
fer0027931.png,5,0,0,4,0,0,0,0,1,0
fer0027932.png,10,0,0,0,0,0,0,0,0,0
fer0027933.png,3,0,0,0,0,1,0,6,0,0
fer0027934.png,0,0,0,9,0,1,0,0,0,0
fer0027935.png,6,1,0,3,0,0,0,0,0,0
fer0027936.png,9,0,0,0,0,0,0,0,1,0
fer0027937.png,0,10,0,0,0,0,0,0,0,0
fer0027938.png,0,10,0,0,0,0,0,0,0,0
fer0027939.png,0,9,0,0,0,0,0,0,1,0
fer0027940.png,1,0,8,0,0,0,1,0,0,0
fer0027941.png,7,0,0,0,0,0,0,1,2,0
fer0027942.png,5,0,0,2,0,0,1,0,2,0
fer0027943.png,7,0,0,1,1,0,0,0,1,0
fer0027944.png,2,1,0,2,0,0,0,1,4,0
fer0027945.png,6,0,0,4,0,0,0,0,0,0
fer0027946.png,0,0,10,0,0,0,0,0,0,0
fer0027947.png,0,9,0,0,0,0,0,0,1,0
fer0027948.png,7,0,0,2,0,0,0,0,1,0
fer0027949.png,7,0,0,2,0,0,0,0,1,0
fer0027950.png,0,9,0,0,0,0,0,0,1,0
fer0027951.png,3,0,0,6,0,0,0,0,1,0
fer0027952.png,3,0,0,5,0,0,0,0,2,0
fer0027953.png,0,0,9,0,0,0,0,0,1,0
fer0027954.png,0,0,4,0,2,0,4,0,0,0
fer0027955.png,8,2,0,0,0,0,0,0,0,0
fer0027956.png,4,0,0,0,0,0,0,6,0,0
fer0027957.png,9,1,0,0,0,0,0,0,0,0
fer0027958.png,4,0,0,3,0,0,0,0,3,0
fer0027959.png,0,0,0,8,1,1,0,0,0,0
fer0027960.png,0,0,0,0,9,0,0,0,1,0
fer0027961.png,8,0,0,1,0,0,1,0,0,0
fer0027962.png,1,0,6,0,1,0,1,1,0,0
fer0027963.png,8,0,0,0,0,0,1,0,1,0
fer0027964.png,2,0,0,5,1,0,0,1,1,0
fer0027965.png,4,0,2,0,0,0,0,0,4,0
fer0027966.png,0,0,2,1,0,0,6,0,1,0
fer0027967.png,5,0,0,2,0,0,0,0,3,0
fer0027968.png,0,0,10,0,0,0,0,0,0,0
fer0027969.png,0,10,0,0,0,0,0,0,0,0
fer0027970.png,0,9,1,0,0,0,0,0,0,0
fer0027971.png,0,8,0,0,0,0,0,0,2,0
fer0027972.png,0,0,9,0,0,0,0,0,1,0
fer0027973.png,4,0,0,4,0,0,0,1,1,0
fer0027974.png,0,10,0,0,0,0,0,0,0,0
fer0027975.png,4,5,0,0,0,0,0,0,1,0
fer0027976.png,7,2,0,0,0,0,0,0,1,0
fer0027977.png,1,0,6,0,0,0,2,0,1,0
fer0027978.png,0,10,0,0,0,0,0,0,0,0
fer0027979.png,0,0,0,0,10,0,0,0,0,0
fer0027980.png,0,0,0,0,10,0,0,0,0,0
fer0027981.png,0,0,9,0,0,0,1,0,0,0
fer0027982.png,0,0,9,0,0,0,1,0,0,0
fer0027983.png,1,0,0,8,0,1,0,0,0,0
fer0027984.png,1,9,0,0,0,0,0,0,0,0
fer0027985.png,10,0,0,0,0,0,0,0,0,0
fer0027986.png,0,0,0,0,1,0,0,8,1,0
fer0027987.png,0,0,8,0,0,0,2,0,0,0
fer0027988.png,0,0,0,0,9,0,0,0,1,0
fer0027989.png,4,0,0,3,0,0,0,1,2,0
fer0027990.png,4,0,0,0,0,1,1,1,3,0
fer0027991.png,0,9,0,0,0,0,0,0,1,0
fer0027992.png,7,0,1,0,1,0,0,1,0,0
fer0027993.png,0,0,4,0,0,0,6,0,0,0
fer0027994.png,0,0,7,0,0,0,3,0,0,0
fer0027995.png,0,0,9,0,0,0,1,0,0,0
fer0027996.png,4,0,0,4,0,0,0,0,2,0
fer0027997.png,9,0,0,1,0,0,0,0,0,0
fer0027998.png,0,0,9,0,0,0,0,0,1,0
fer0027999.png,0,3,7,0,0,0,0,0,0,0
fer0028000.png,0,0,0,6,0,0,3,0,1,0
fer0028001.png,0,10,0,0,0,0,0,0,0,0
fer0028002.png,9,0,0,0,0,0,0,0,1,0
fer0028003.png,4,0,0,4,0,0,0,1,1,0
fer0028004.png,7,0,0,3,0,0,0,0,0,0
fer0028005.png,9,0,0,0,0,0,0,0,1,0
fer0028006.png,0,0,7,0,0,0,2,0,1,0
fer0028007.png,6,0,0,2,0,0,0,0,2,0
fer0028008.png,0,10,0,0,0,0,0,0,0,0
fer0028009.png,0,0,9,0,0,0,0,0,1,0
fer0028010.png,9,0,0,0,0,0,0,0,1,0
fer0028011.png,8,0,0,0,0,0,0,0,2,0
fer0028012.png,0,0,9,0,0,0,0,0,1,0
fer0028013.png,1,0,0,1,3,3,0,1,1,0
fer0028014.png,5,0,0,5,0,0,0,0,0,0
fer0028015.png,4,5,0,0,0,0,0,0,1,0
fer0028016.png,1,0,0,9,0,0,0,0,0,0
fer0028017.png,2,7,0,0,0,0,0,0,1,0
fer0028018.png,1,0,0,7,2,0,0,0,0,0
fer0028019.png,1,0,5,1,1,0,1,0,1,0
fer0028020.png,0,10,0,0,0,0,0,0,0,0
fer0028021.png,7,0,0,3,0,0,0,0,0,0
fer0028022.png,3,0,0,5,0,0,0,0,2,0
fer0028023.png,9,0,0,0,0,0,0,0,1,0
fer0028024.png,9,0,0,1,0,0,0,0,0,0
fer0028025.png,1,0,7,0,0,0,1,0,1,0
fer0028026.png,0,8,2,0,0,0,0,0,0,0
fer0028027.png,0,0,0,0,8,0,2,0,0,0
fer0028028.png,2,0,0,5,0,0,0,1,2,0
fer0028029.png,6,0,0,2,1,0,0,1,0,0
fer0028030.png,0,0,0,8,2,0,0,0,0,0
fer0028031.png,8,0,0,0,2,0,0,0,0,0
fer0028032.png,0,10,0,0,0,0,0,0,0,0
fer0028033.png,0,10,0,0,0,0,0,0,0,0
fer0028034.png,6,0,0,2,0,0,0,0,2,0
fer0028035.png,0,10,0,0,0,0,0,0,0,0
fer0028036.png,5,0,0,3,0,0,0,0,2,0
fer0028037.png,7,0,0,1,1,0,0,1,0,0
fer0028038.png,0,9,0,0,0,0,0,0,1,0
fer0028039.png,10,0,0,0,0,0,0,0,0,0
fer0028040.png,3,0,0,2,3,0,0,0,2,0
fer0028041.png,0,0,0,0,8,1,0,1,0,0
fer0028042.png,2,0,0,5,0,0,0,1,2,0
fer0028043.png,6,0,0,0,4,0,0,0,0,0
fer0028044.png,0,10,0,0,0,0,0,0,0,0
fer0028045.png,0,10,0,0,0,0,0,0,0,0
fer0028046.png,5,0,0,1,0,0,0,0,4,0
fer0028047.png,0,10,0,0,0,0,0,0,0,0
fer0028048.png,5,0,0,3,1,0,0,0,1,0
fer0028049.png,4,0,0,5,0,0,0,0,1,0
fer0028050.png,0,0,0,0,6,0,0,0,4,0
fer0028051.png,1,0,0,8,0,1,0,0,0,0
fer0028052.png,10,0,0,0,0,0,0,0,0,0
fer0028053.png,0,0,0,0,8,0,0,0,2,0
fer0028054.png,7,0,2,0,0,0,0,0,1,0
fer0028055.png,0,9,0,1,0,0,0,0,0,0
fer0028056.png,0,0,0,9,1,0,0,0,0,0
fer0028057.png,7,0,1,1,0,0,0,1,0,0
fer0028058.png,0,0,1,2,7,0,0,0,0,0
fer0028059.png,5,0,0,4,0,0,0,0,1,0
fer0028060.png,0,0,7,0,1,0,1,0,1,0
fer0028061.png,0,10,0,0,0,0,0,0,0,0
fer0028062.png,2,8,0,0,0,0,0,0,0,0
fer0028063.png,2,0,0,0,8,0,0,0,0,0
fer0028064.png,0,0,0,0,4,5,0,0,1,0
fer0028065.png,0,10,0,0,0,0,0,0,0,0
fer0028066.png,3,0,1,0,2,1,0,0,3,0
fer0028067.png,1,0,0,7,0,0,0,0,2,0
fer0028068.png,0,10,0,0,0,0,0,0,0,0
fer0028069.png,0,8,2,0,0,0,0,0,0,0
fer0028070.png,3,7,0,0,0,0,0,0,0,0
fer0028071.png,0,0,7,0,0,0,2,0,1,0
fer0028072.png,3,0,0,6,0,0,0,0,1,0
fer0028073.png,0,0,0,9,1,0,0,0,0,0
fer0028074.png,6,0,0,2,0,1,0,0,1,0
fer0028075.png,0,0,2,0,8,0,0,0,0,0
fer0028076.png,0,0,3,0,7,0,0,0,0,0
fer0028077.png,0,0,3,0,5,1,1,0,0,0
fer0028078.png,3,0,0,1,4,0,0,0,2,0
fer0028079.png,6,0,0,0,1,1,0,0,2,0
fer0028080.png,8,0,0,0,2,0,0,0,0,0
fer0028081.png,1,0,2,1,0,0,6,0,0,0
fer0028082.png,5,0,0,2,0,0,0,3,0,0
fer0028083.png,3,0,0,2,5,0,0,0,0,0
fer0028084.png,0,4,6,0,0,0,0,0,0,0
fer0028085.png,3,0,3,0,0,0,2,0,2,0
fer0028086.png,8,0,1,0,0,0,0,0,1,0
fer0028087.png,7,0,0,0,1,0,0,0,2,0
fer0028088.png,5,0,0,3,0,0,0,0,2,0
fer0028089.png,7,0,1,1,0,0,1,0,0,0
fer0028090.png,0,9,1,0,0,0,0,0,0,0
fer0028091.png,5,0,0,1,0,0,0,1,3,0
fer0028092.png,0,0,4,0,1,2,2,0,1,0
fer0028093.png,7,0,0,3,0,0,0,0,0,0
fer0028094.png,1,9,0,0,0,0,0,0,0,0
fer0028095.png,7,0,0,1,0,0,0,0,2,0
fer0028096.png,0,0,0,6,1,0,0,0,3,0
fer0028097.png,0,1,8,0,0,0,0,0,1,0
fer0028098.png,2,0,0,4,1,1,0,0,2,0
fer0028099.png,7,0,0,3,0,0,0,0,0,0
fer0028100.png,1,5,2,0,0,0,0,0,2,0
fer0028101.png,1,0,1,6,1,0,0,0,1,0
fer0028102.png,0,1,7,0,0,0,1,0,1,0
fer0028103.png,9,0,0,0,0,0,0,0,1,0
fer0028104.png,5,5,0,0,0,0,0,0,0,0
fer0028105.png,10,0,0,0,0,0,0,0,0,0
fer0028106.png,0,9,0,0,0,0,0,0,1,0
fer0028107.png,0,0,1,2,6,0,0,0,1,0
fer0028108.png,3,0,3,0,0,0,1,0,3,0
fer0028109.png,2,0,0,1,6,0,0,0,1,0
fer0028110.png,1,0,2,0,0,1,6,0,0,0
fer0028111.png,0,0,0,1,2,4,0,0,3,0
fer0028112.png,0,0,10,0,0,0,0,0,0,0
fer0028113.png,5,0,0,4,0,0,0,0,1,0
fer0028114.png,1,2,5,0,0,0,0,0,2,0
fer0028115.png,3,0,0,6,0,0,0,0,1,0
fer0028116.png,7,1,0,2,0,0,0,0,0,0
fer0028117.png,8,0,0,1,0,0,0,0,1,0
fer0028118.png,6,0,0,3,0,0,0,0,1,0
fer0028119.png,6,0,0,2,2,0,0,0,0,0
fer0028120.png,0,0,0,2,4,2,2,0,0,0
fer0028121.png,1,8,0,0,0,0,0,0,1,0
fer0028122.png,0,0,0,10,0,0,0,0,0,0
fer0028123.png,1,0,5,1,0,0,0,1,2,0
fer0028124.png,0,10,0,0,0,0,0,0,0,0
fer0028125.png,8,0,0,2,0,0,0,0,0,0
fer0028126.png,0,9,1,0,0,0,0,0,0,0
fer0028127.png,1,5,4,0,0,0,0,0,0,0
fer0028128.png,1,0,0,0,8,1,0,0,0,0
fer0028129.png,10,0,0,0,0,0,0,0,0,0
fer0028130.png,0,10,0,0,0,0,0,0,0,0
fer0028131.png,1,0,9,0,0,0,0,0,0,0
fer0028132.png,7,0,0,2,0,0,0,0,1,0
fer0028133.png,0,0,0,1,1,2,0,5,1,0
fer0028134.png,1,0,0,9,0,0,0,0,0,0
fer0028135.png,7,0,0,2,0,0,0,0,1,0
fer0028136.png,7,0,0,3,0,0,0,0,0,0
fer0028137.png,1,0,0,0,8,1,0,0,0,0
fer0028138.png,7,0,0,2,0,0,0,0,1,0
fer0028139.png,6,0,2,0,0,0,0,1,1,0
fer0028140.png,2,0,0,5,1,1,0,0,1,0
fer0028141.png,4,6,0,0,0,0,0,0,0,0
fer0028142.png,4,0,0,5,0,0,0,0,1,0
fer0028143.png,10,0,0,0,0,0,0,0,0,0
fer0028144.png,3,5,0,0,0,1,0,1,0,0
fer0028145.png,10,0,0,0,0,0,0,0,0,0
fer0028146.png,3,0,0,5,0,0,0,0,2,0
fer0028147.png,8,0,0,0,1,0,0,0,1,0
fer0028148.png,1,7,1,0,0,0,0,0,1,0
fer0028149.png,0,1,4,0,1,0,1,0,3,0
fer0028150.png,0,9,1,0,0,0,0,0,0,0
fer0028151.png,2,0,0,1,5,1,0,1,0,0
fer0028152.png,3,7,0,0,0,0,0,0,0,0
fer0028153.png,0,0,0,9,1,0,0,0,0,0
fer0028154.png,2,8,0,0,0,0,0,0,0,0
fer0028155.png,0,0,0,0,4,4,2,0,0,0
fer0028156.png,5,0,1,0,0,0,0,4,0,0
fer0028157.png,0,0,4,0,0,0,6,0,0,0
fer0028158.png,8,0,0,1,0,0,0,0,1,0
fer0028159.png,0,0,7,0,1,0,1,0,1,0
fer0028160.png,5,0,0,5,0,0,0,0,0,0
fer0028161.png,8,0,0,0,0,0,0,1,1,0
fer0028162.png,3,0,0,1,3,3,0,0,0,0
fer0028163.png,0,0,0,9,1,0,0,0,0,0
fer0028164.png,4,0,1,0,5,0,0,0,0,0
fer0028165.png,5,0,0,4,1,0,0,0,0,0
fer0028166.png,9,0,0,1,0,0,0,0,0,0
fer0028167.png,0,0,9,0,0,0,1,0,0,0
fer0028168.png,9,0,0,0,0,0,0,0,1,0
fer0028169.png,0,10,0,0,0,0,0,0,0,0
fer0028170.png,4,0,0,2,0,1,0,0,3,0
fer0028171.png,5,0,0,2,1,1,0,0,1,0
fer0028172.png,1,8,0,0,0,0,0,0,1,0
fer0028173.png,1,0,0,4,0,0,3,0,2,0
fer0028174.png,0,0,5,0,0,0,4,0,1,0
fer0028175.png,6,0,2,0,0,0,1,0,1,0
fer0028176.png,9,0,0,1,0,0,0,0,0,0
fer0028177.png,7,0,0,2,1,0,0,0,0,0
fer0028178.png,1,0,0,7,0,1,0,1,0,0
fer0028179.png,0,7,0,1,0,0,1,0,1,0
fer0028180.png,0,0,9,0,1,0,0,0,0,0
fer0028181.png,10,0,0,0,0,0,0,0,0,0
fer0028182.png,2,0,0,8,0,0,0,0,0,0
fer0028183.png,6,0,0,4,0,0,0,0,0,0
fer0028184.png,10,0,0,0,0,0,0,0,0,0
fer0028185.png,1,9,0,0,0,0,0,0,0,0
fer0028186.png,0,10,0,0,0,0,0,0,0,0
fer0028187.png,4,6,0,0,0,0,0,0,0,0
fer0028188.png,1,8,0,0,0,0,0,0,1,0
fer0028189.png,1,0,8,0,0,0,0,0,1,0
fer0028190.png,1,0,0,6,2,1,0,0,0,0
fer0028191.png,10,0,0,0,0,0,0,0,0,0
fer0028192.png,0,10,0,0,0,0,0,0,0,0
fer0028193.png,0,0,0,0,9,0,0,0,1,0
fer0028194.png,0,9,1,0,0,0,0,0,0,0
fer0028195.png,3,3,1,1,0,0,0,1,1,0
fer0028196.png,3,0,0,7,0,0,0,0,0,0
fer0028197.png,0,0,0,2,0,0,8,0,0,0
fer0028198.png,0,0,8,0,0,0,2,0,0,0
fer0028199.png,1,9,0,0,0,0,0,0,0,0
fer0028200.png,0,9,0,0,0,0,0,0,1,0
fer0028201.png,7,2,0,0,0,0,0,1,0,0
fer0028202.png,0,0,0,10,0,0,0,0,0,0
fer0028203.png,0,10,0,0,0,0,0,0,0,0
fer0028204.png,0,10,0,0,0,0,0,0,0,0
fer0028205.png,7,1,0,0,0,0,0,0,2,0
fer0028206.png,0,10,0,0,0,0,0,0,0,0
fer0028207.png,9,0,1,0,0,0,0,0,0,0
fer0028208.png,0,10,0,0,0,0,0,0,0,0
fer0028209.png,9,0,0,0,0,0,0,1,0,0
fer0028210.png,4,0,2,4,0,0,0,0,0,0
fer0028211.png,3,0,5,1,0,0,1,0,0,0
fer0028212.png,0,10,0,0,0,0,0,0,0,0
fer0028213.png,0,0,10,0,0,0,0,0,0,0
fer0028214.png,0,1,8,0,0,0,1,0,0,0
fer0028215.png,0,2,6,0,0,0,1,0,1,0
fer0028216.png,0,9,0,0,0,0,0,0,1,0
fer0028217.png,0,0,10,0,0,0,0,0,0,0
fer0028218.png,0,5,1,0,4,0,0,0,0,0
fer0028219.png,7,1,0,0,1,0,0,0,1,0
fer0028220.png,0,9,1,0,0,0,0,0,0,0
fer0028221.png,2,0,0,8,0,0,0,0,0,0
fer0028222.png,0,0,1,0,5,2,0,0,2,0
fer0028223.png,7,0,0,2,0,0,0,1,0,0
fer0028224.png,1,0,1,7,0,0,0,0,1,0
fer0028225.png,1,0,0,9,0,0,0,0,0,0
fer0028226.png,7,0,0,2,0,1,0,0,0,0
fer0028227.png,1,0,1,4,0,0,0,0,4,0
fer0028228.png,10,0,0,0,0,0,0,0,0,0
fer0028229.png,5,0,0,4,0,0,0,0,1,0
fer0028230.png,0,0,0,0,9,0,0,0,1,0
fer0028231.png,9,1,0,0,0,0,0,0,0,0
fer0028232.png,3,0,0,7,0,0,0,0,0,0
fer0028233.png,9,0,0,0,0,0,0,0,1,0
fer0028234.png,5,1,0,3,0,0,0,0,1,0
fer0028235.png,10,0,0,0,0,0,0,0,0,0
fer0028236.png,0,0,8,0,0,0,1,0,1,0
fer0028237.png,1,9,0,0,0,0,0,0,0,0
fer0028238.png,6,0,0,2,1,0,0,0,1,0
fer0028239.png,0,10,0,0,0,0,0,0,0,0
fer0028240.png,0,9,0,0,0,0,0,0,1,0
fer0028241.png,0,0,9,0,0,0,0,0,1,0
fer0028242.png,0,10,0,0,0,0,0,0,0,0
fer0028243.png,1,8,1,0,0,0,0,0,0,0
fer0028244.png,4,0,1,3,0,0,1,0,1,0
fer0028245.png,7,2,0,1,0,0,0,0,0,0
fer0028246.png,6,0,0,2,2,0,0,0,0,0
fer0028247.png,5,0,3,0,0,0,1,0,1,0
fer0028248.png,1,6,1,0,0,0,0,0,2,0
fer0028249.png,6,0,0,4,0,0,0,0,0,0
fer0028250.png,0,10,0,0,0,0,0,0,0,0
fer0028251.png,8,1,0,0,0,0,0,0,1,0
fer0028252.png,0,0,3,1,3,0,3,0,0,0
fer0028253.png,8,1,0,0,0,0,0,0,1,0
fer0028254.png,0,7,1,0,0,0,1,0,1,0
fer0028255.png,0,0,1,1,4,0,4,0,0,0
fer0028256.png,0,0,9,0,0,0,0,0,1,0
fer0028257.png,0,0,0,5,0,0,5,0,0,0
fer0028258.png,1,1,7,0,0,0,1,0,0,0
fer0028259.png,0,0,8,0,0,0,1,0,1,0
fer0028260.png,1,0,2,3,0,1,2,0,1,0
fer0028261.png,0,0,3,1,3,0,0,0,3,0
fer0028262.png,2,0,1,0,1,1,0,5,0,0
fer0028263.png,0,10,0,0,0,0,0,0,0,0
fer0028264.png,0,2,8,0,0,0,0,0,0,0
fer0028265.png,4,0,5,0,0,0,0,0,1,0
fer0028266.png,0,10,0,0,0,0,0,0,0,0
fer0028267.png,0,10,0,0,0,0,0,0,0,0
fer0028268.png,7,0,0,0,0,0,0,1,2,0
fer0028269.png,0,0,0,0,10,0,0,0,0,0
fer0028270.png,0,10,0,0,0,0,0,0,0,0
fer0028271.png,0,0,7,0,0,0,2,0,1,0
fer0028272.png,2,0,8,0,0,0,0,0,0,0
fer0028273.png,10,0,0,0,0,0,0,0,0,0
fer0028274.png,4,0,0,1,0,1,0,3,1,0
fer0028275.png,4,0,1,0,4,0,0,0,1,0
fer0028276.png,1,0,9,0,0,0,0,0,0,0
fer0028277.png,1,0,2,0,1,0,2,0,4,0
fer0028278.png,0,10,0,0,0,0,0,0,0,0
fer0028279.png,0,0,0,0,10,0,0,0,0,0
fer0028280.png,0,10,0,0,0,0,0,0,0,0
fer0028281.png,4,1,0,2,1,0,0,1,1,0
fer0028282.png,7,0,0,3,0,0,0,0,0,0
fer0028283.png,2,0,0,5,0,0,0,0,3,0
fer0028284.png,1,1,3,0,3,1,0,0,1,0
fer0028285.png,2,0,0,2,0,1,4,0,1,0
fer0028286.png,0,0,2,0,4,0,3,0,1,0
fer0028287.png,0,10,0,0,0,0,0,0,0,0
fer0028288.png,10,0,0,0,0,0,0,0,0,0
fer0028289.png,8,0,0,1,0,0,0,1,0,0
fer0028290.png,0,0,0,6,0,0,2,1,1,0
fer0028291.png,8,0,0,0,0,0,0,1,1,0
fer0028292.png,9,0,0,0,0,0,0,0,1,0
fer0028293.png,0,4,3,0,1,0,1,0,1,0
fer0028294.png,9,0,0,1,0,0,0,0,0,0
fer0028295.png,0,0,5,1,0,0,3,0,1,0
fer0028296.png,1,0,3,0,6,0,0,0,0,0
fer0028297.png,0,4,1,2,0,0,1,0,2,0
fer0028298.png,1,9,0,0,0,0,0,0,0,0
fer0028299.png,0,10,0,0,0,0,0,0,0,0
fer0028300.png,3,0,1,1,2,1,0,0,2,0
fer0028301.png,2,0,4,0,2,1,0,0,1,0
fer0028302.png,2,8,0,0,0,0,0,0,0,0
fer0028303.png,9,0,0,0,0,0,0,0,1,0
fer0028304.png,7,0,0,0,3,0,0,0,0,0
fer0028305.png,0,10,0,0,0,0,0,0,0,0
fer0028306.png,0,10,0,0,0,0,0,0,0,0
fer0028307.png,0,10,0,0,0,0,0,0,0,0
fer0028308.png,0,0,0,0,9,0,1,0,0,0
fer0028309.png,0,10,0,0,0,0,0,0,0,0
fer0028310.png,6,0,0,0,0,0,0,1,3,0
fer0028311.png,5,3,0,0,0,0,0,0,2,0
fer0028312.png,0,0,8,0,1,0,1,0,0,0
fer0028313.png,1,9,0,0,0,0,0,0,0,0
fer0028314.png,0,0,6,0,1,0,3,0,0,0
fer0028315.png,0,0,10,0,0,0,0,0,0,0
fer0028316.png,3,0,0,3,0,0,0,3,1,0
fer0028317.png,4,0,0,0,5,0,0,1,0,0
fer0028318.png,3,0,0,5,1,0,0,0,1,0
fer0028319.png,3,0,0,1,3,2,0,0,1,0
fer0028320.png,3,0,1,1,2,3,0,0,0,0
fer0028321.png,0,0,0,0,9,0,0,0,1,0
fer0028322.png,8,1,0,1,0,0,0,0,0,0
fer0028323.png,6,1,0,0,0,0,0,1,2,0
fer0028324.png,0,0,0,8,0,0,2,0,0,0
fer0028325.png,1,0,8,0,0,0,1,0,0,0
fer0028326.png,6,0,0,2,0,0,0,0,2,0
fer0028327.png,4,0,0,5,1,0,0,0,0,0
fer0028328.png,0,0,0,2,0,1,6,0,1,0
fer0028329.png,8,0,1,1,0,0,0,0,0,0
fer0028330.png,0,10,0,0,0,0,0,0,0,0
fer0028331.png,2,1,0,0,6,1,0,0,0,0
fer0028332.png,0,0,10,0,0,0,0,0,0,0
fer0028333.png,5,0,0,3,0,0,0,0,2,0
fer0028334.png,0,2,3,0,0,0,5,0,0,0
fer0028335.png,0,3,0,0,6,0,0,0,1,0
fer0028336.png,0,0,0,0,9,0,0,0,1,0
fer0028337.png,1,1,5,1,0,1,0,0,1,0
fer0028338.png,0,0,8,0,1,0,1,0,0,0
fer0028339.png,0,0,0,10,0,0,0,0,0,0
fer0028340.png,2,8,0,0,0,0,0,0,0,0
fer0028341.png,8,0,0,2,0,0,0,0,0,0
fer0028342.png,1,5,1,0,2,0,0,0,1,0
fer0028343.png,0,10,0,0,0,0,0,0,0,0
fer0028344.png,1,1,3,0,5,0,0,0,0,0
fer0028345.png,2,8,0,0,0,0,0,0,0,0
fer0028346.png,7,1,0,1,0,0,0,0,1,0
fer0028347.png,0,0,2,1,6,0,1,0,0,0
fer0028348.png,0,1,0,0,9,0,0,0,0,0
fer0028349.png,0,0,7,0,0,0,3,0,0,0
fer0028350.png,6,0,0,3,0,0,0,0,1,0
fer0028351.png,1,0,7,1,0,0,1,0,0,0
fer0028352.png,0,0,10,0,0,0,0,0,0,0
fer0028353.png,9,0,0,1,0,0,0,0,0,0
fer0028354.png,1,0,0,5,0,0,0,0,4,0
fer0028355.png,3,0,0,4,0,0,1,0,2,0
fer0028356.png,0,0,2,0,1,0,5,0,2,0
fer0028357.png,1,6,0,1,1,0,0,0,1,0
fer0028358.png,5,0,0,2,3,0,0,0,0,0
fer0028359.png,2,7,0,0,0,0,0,1,0,0
fer0028360.png,0,0,8,0,0,0,2,0,0,0
fer0028361.png,0,10,0,0,0,0,0,0,0,0
fer0028362.png,0,10,0,0,0,0,0,0,0,0
fer0028363.png,0,0,0,10,0,0,0,0,0,0
fer0028364.png,4,0,6,0,0,0,0,0,0,0
fer0028365.png,8,0,0,1,0,0,0,1,0,0
fer0028366.png,9,0,0,1,0,0,0,0,0,0
fer0028367.png,8,0,1,0,0,0,0,0,1,0
fer0028368.png,0,1,0,5,2,1,0,0,1,0
fer0028369.png,0,9,0,1,0,0,0,0,0,0
fer0028370.png,1,0,3,1,0,0,5,0,0,0
fer0028371.png,0,0,9,0,0,0,0,0,1,0
fer0028372.png,2,0,0,8,0,0,0,0,0,0
fer0028373.png,7,3,0,0,0,0,0,0,0,0
fer0028374.png,1,1,0,8,0,0,0,0,0,0
fer0028375.png,4,0,5,0,0,0,0,0,1,0
fer0028376.png,2,5,0,0,0,0,0,0,3,0
fer0028377.png,1,0,0,4,3,0,0,0,2,0
fer0028378.png,1,0,6,0,0,0,2,0,1,0
fer0028379.png,0,10,0,0,0,0,0,0,0,0
fer0028380.png,6,0,0,4,0,0,0,0,0,0
fer0028381.png,8,0,1,0,0,0,0,0,1,0
fer0028382.png,3,7,0,0,0,0,0,0,0,0
fer0028383.png,2,0,6,0,0,0,2,0,0,0
fer0028384.png,0,10,0,0,0,0,0,0,0,0
fer0028385.png,4,0,0,3,1,0,0,0,2,0
fer0028386.png,2,0,0,6,0,0,0,0,2,0
fer0028387.png,7,2,0,0,0,0,0,0,1,0
fer0028388.png,4,1,0,1,0,0,0,1,3,0
fer0028389.png,0,0,8,0,0,0,1,0,1,0
fer0028390.png,0,10,0,0,0,0,0,0,0,0
fer0028391.png,9,0,0,0,0,0,0,0,1,0
fer0028392.png,1,0,1,0,5,1,1,0,1,0
fer0028393.png,0,0,0,1,7,1,1,0,0,0
fer0028394.png,1,0,1,1,1,3,1,0,2,0
fer0028395.png,2,0,0,6,0,0,2,0,0,0
fer0028396.png,9,0,0,0,0,0,0,0,1,0
fer0028397.png,8,1,0,0,0,0,0,0,1,0
fer0028398.png,0,0,0,0,0,0,8,0,2,0
fer0028399.png,2,0,0,6,0,0,0,1,1,0
fer0028400.png,0,10,0,0,0,0,0,0,0,0
fer0028401.png,8,0,0,2,0,0,0,0,0,0
fer0028402.png,7,0,0,2,0,0,0,1,0,0
fer0028403.png,0,0,5,0,0,0,5,0,0,0
fer0028404.png,0,10,0,0,0,0,0,0,0,0
fer0028405.png,0,0,9,0,0,0,1,0,0,0
fer0028406.png,0,0,6,1,0,0,3,0,0,0
fer0028407.png,0,10,0,0,0,0,0,0,0,0
fer0028408.png,8,0,0,1,1,0,0,0,0,0
fer0028409.png,2,0,0,4,4,0,0,0,0,0
fer0028410.png,1,4,5,0,0,0,0,0,0,0
fer0028411.png,1,0,0,7,0,0,0,1,1,0
fer0028412.png,2,2,6,0,0,0,0,0,0,0
fer0028413.png,3,0,4,0,0,0,3,0,0,0
fer0028414.png,8,0,0,1,0,0,0,0,1,0
fer0028415.png,9,0,0,0,0,0,0,0,1,0
fer0028416.png,3,1,1,1,0,2,0,0,2,0
fer0028417.png,0,0,10,0,0,0,0,0,0,0
fer0028418.png,2,0,1,3,0,0,2,0,2,0
fer0028419.png,3,0,0,0,4,0,0,1,2,0
fer0028420.png,2,0,0,5,2,0,0,0,1,0
fer0028421.png,0,10,0,0,0,0,0,0,0,0
fer0028422.png,0,10,0,0,0,0,0,0,0,0
fer0028423.png,6,0,0,2,1,0,0,0,1,0
fer0028424.png,0,6,4,0,0,0,0,0,0,0
fer0028425.png,8,0,0,1,0,0,0,0,1,0
fer0028426.png,0,10,0,0,0,0,0,0,0,0
fer0028427.png,0,0,6,0,0,0,3,0,1,0
fer0028428.png,2,0,0,6,0,0,0,1,1,0
fer0028429.png,8,0,0,0,0,0,0,1,1,0
fer0028430.png,2,8,0,0,0,0,0,0,0,0
fer0028431.png,1,1,7,0,0,0,0,0,1,0
fer0028432.png,1,9,0,0,0,0,0,0,0,0
fer0028433.png,0,0,9,0,0,0,0,0,1,0
fer0028434.png,0,0,8,0,0,0,1,0,1,0
fer0028435.png,0,0,1,1,0,0,8,0,0,0
fer0028436.png,0,0,6,0,0,0,3,0,1,0
fer0028437.png,8,1,0,0,0,0,1,0,0,0
fer0028438.png,0,9,1,0,0,0,0,0,0,0
fer0028439.png,1,0,0,0,5,3,0,1,0,0
fer0028440.png,1,0,0,8,0,1,0,0,0,0
fer0028441.png,2,0,0,2,6,0,0,0,0,0
fer0028442.png,0,9,0,0,0,0,0,0,1,0
fer0028443.png,3,0,0,6,0,0,0,0,1,0
fer0028444.png,0,8,0,0,0,0,0,1,1,0
fer0028445.png,1,0,0,1,0,0,6,0,2,0
fer0028446.png,3,0,0,6,0,0,0,0,1,0
fer0028447.png,5,5,0,0,0,0,0,0,0,0
fer0028448.png,2,0,0,2,2,0,0,2,2,0
fer0028449.png,9,1,0,0,0,0,0,0,0,0
fer0028450.png,7,0,0,3,0,0,0,0,0,0
fer0028451.png,2,0,0,0,3,2,0,3,0,0
fer0028452.png,2,5,1,1,0,0,0,0,1,0
fer0028453.png,8,0,0,0,0,0,0,1,1,0
fer0028454.png,8,0,0,1,0,0,0,0,1,0
fer0028455.png,0,6,4,0,0,0,0,0,0,0
fer0028456.png,1,0,0,0,7,0,0,0,2,0
fer0028457.png,4,0,3,1,0,0,0,0,2,0
fer0028458.png,4,0,1,0,2,0,0,1,2,0
fer0028459.png,1,9,0,0,0,0,0,0,0,0
fer0028460.png,7,2,0,0,0,1,0,0,0,0
fer0028461.png,10,0,0,0,0,0,0,0,0,0
fer0028462.png,0,0,9,0,0,0,1,0,0,0
fer0028463.png,3,0,0,2,0,0,0,3,2,0
fer0028464.png,1,1,0,0,8,0,0,0,0,0
fer0028465.png,8,0,0,2,0,0,0,0,0,0
fer0028466.png,1,9,0,0,0,0,0,0,0,0
fer0028467.png,9,0,0,1,0,0,0,0,0,0
fer0028468.png,7,0,0,2,0,0,0,0,1,0
fer0028469.png,9,0,0,1,0,0,0,0,0,0
fer0028470.png,7,0,0,1,0,0,0,0,2,0
fer0028471.png,0,0,0,0,10,0,0,0,0,0
fer0028472.png,0,0,8,0,0,0,2,0,0,0
fer0028473.png,5,0,0,2,0,1,0,0,2,0
fer0028474.png,0,1,7,0,0,0,1,0,1,0
fer0028475.png,10,0,0,0,0,0,0,0,0,0
fer0028476.png,2,0,1,3,0,3,0,0,1,0
fer0028477.png,0,0,0,0,2,2,0,2,4,0
fer0028478.png,0,0,6,0,3,0,1,0,0,0
fer0028479.png,8,0,0,0,2,0,0,0,0,0
fer0028480.png,9,0,0,1,0,0,0,0,0,0
fer0028481.png,7,0,0,1,0,0,0,1,1,0
fer0028482.png,1,0,0,9,0,0,0,0,0,0
fer0028483.png,1,0,2,0,0,0,7,0,0,0
fer0028484.png,0,10,0,0,0,0,0,0,0,0
fer0028485.png,5,0,0,4,0,0,0,0,1,0
fer0028486.png,1,0,0,0,9,0,0,0,0,0
fer0028487.png,0,0,2,0,0,0,7,0,1,0
fer0028488.png,1,0,0,8,0,0,0,0,1,0
fer0028489.png,7,0,0,2,0,0,0,0,1,0
fer0028490.png,1,1,0,1,5,1,0,0,1,0
fer0028491.png,6,0,0,3,1,0,0,0,0,0
fer0028492.png,0,10,0,0,0,0,0,0,0,0
fer0028493.png,3,0,1,2,0,0,0,2,2,0
fer0028494.png,0,10,0,0,0,0,0,0,0,0
fer0028495.png,0,0,1,0,7,0,0,0,2,0
fer0028496.png,1,0,0,3,4,0,1,0,1,0
fer0028497.png,0,10,0,0,0,0,0,0,0,0
fer0028498.png,5,0,0,4,0,0,0,0,1,0
fer0028499.png,10,0,0,0,0,0,0,0,0,0
fer0028500.png,10,0,0,0,0,0,0,0,0,0
fer0028501.png,1,0,0,1,3,2,0,0,3,0
fer0028502.png,2,0,0,8,0,0,0,0,0,0
fer0028503.png,8,0,0,0,0,0,0,1,1,0
fer0028504.png,6,0,1,1,0,0,1,0,1,0
fer0028505.png,2,8,0,0,0,0,0,0,0,0
fer0028506.png,0,0,0,0,10,0,0,0,0,0
fer0028507.png,4,0,0,2,0,0,0,0,4,0
fer0028508.png,5,0,0,0,2,0,0,3,0,0
fer0028509.png,0,0,7,0,0,0,3,0,0,0
fer0028510.png,10,0,0,0,0,0,0,0,0,0
fer0028511.png,0,10,0,0,0,0,0,0,0,0
fer0028512.png,3,2,1,0,1,0,1,0,2,0
fer0028513.png,4,0,0,4,1,0,0,0,1,0
fer0028514.png,0,10,0,0,0,0,0,0,0,0
fer0028515.png,3,0,0,0,6,1,0,0,0,0
fer0028516.png,4,1,0,3,0,0,0,1,1,0
fer0028517.png,7,2,0,1,0,0,0,0,0,0
fer0028518.png,9,0,0,0,0,0,0,1,0,0
fer0028519.png,0,2,0,8,0,0,0,0,0,0
fer0028520.png,0,10,0,0,0,0,0,0,0,0
fer0028521.png,0,10,0,0,0,0,0,0,0,0
fer0028522.png,7,0,0,3,0,0,0,0,0,0
fer0028523.png,0,1,1,2,5,0,0,0,1,0
fer0028524.png,0,10,0,0,0,0,0,0,0,0
fer0028525.png,6,0,3,1,0,0,0,0,0,0
fer0028526.png,9,0,0,1,0,0,0,0,0,0
fer0028527.png,1,9,0,0,0,0,0,0,0,0
fer0028528.png,0,0,1,3,5,0,0,0,1,0
fer0028529.png,1,9,0,0,0,0,0,0,0,0
fer0028530.png,1,9,0,0,0,0,0,0,0,0
fer0028531.png,4,5,1,0,0,0,0,0,0,0
fer0028532.png,0,0,9,0,0,0,1,0,0,0
fer0028533.png,2,0,0,0,3,0,0,4,1,0
fer0028534.png,7,0,0,0,2,0,0,1,0,0
fer0028535.png,1,0,0,5,3,0,0,1,0,0
fer0028536.png,0,0,0,0,10,0,0,0,0,0
fer0028537.png,5,0,0,1,1,1,0,0,2,0
fer0028538.png,8,0,0,0,0,0,0,1,1,0
fer0028539.png,1,0,0,2,7,0,0,0,0,0
fer0028540.png,0,10,0,0,0,0,0,0,0,0
fer0028541.png,0,10,0,0,0,0,0,0,0,0
fer0028542.png,8,1,0,0,0,0,0,0,1,0
fer0028543.png,0,0,0,0,9,0,0,1,0,0
fer0028544.png,5,0,0,0,4,0,0,0,1,0
fer0028545.png,6,2,0,1,0,0,0,0,1,0
fer0028546.png,8,2,0,0,0,0,0,0,0,0
fer0028547.png,0,0,0,1,5,3,0,1,0,0
fer0028548.png,5,0,0,2,1,0,0,0,2,0
fer0028549.png,1,0,0,2,3,0,0,2,2,0
fer0028550.png,0,10,0,0,0,0,0,0,0,0
fer0028551.png,10,0,0,0,0,0,0,0,0,0
fer0028552.png,1,0,1,4,2,0,0,1,1,0
fer0028553.png,2,0,0,7,0,0,0,0,1,0
fer0028554.png,5,0,2,0,0,0,1,0,2,0
fer0028555.png,6,3,0,0,0,0,0,0,1,0
fer0028556.png,2,0,0,6,1,0,0,0,1,0
fer0028557.png,3,0,0,7,0,0,0,0,0,0
fer0028558.png,1,0,1,2,3,1,0,1,1,0
fer0028559.png,2,0,0,3,1,0,0,1,3,0
fer0028560.png,0,0,0,0,8,0,2,0,0,0
fer0028561.png,0,10,0,0,0,0,0,0,0,0
fer0028562.png,2,0,0,4,0,1,0,2,1,0
fer0028563.png,2,1,0,1,0,1,4,0,1,0
fer0028564.png,9,0,0,1,0,0,0,0,0,0
fer0028565.png,1,0,0,5,0,2,0,0,2,0
fer0028566.png,6,0,0,3,0,0,0,0,1,0
fer0028567.png,1,0,0,7,0,0,0,0,2,0
fer0028568.png,0,0,10,0,0,0,0,0,0,0
fer0028569.png,9,0,0,0,0,0,0,0,1,0
fer0028570.png,2,1,1,1,2,0,1,0,2,0
fer0028571.png,7,3,0,0,0,0,0,0,0,0
fer0028572.png,0,7,3,0,0,0,0,0,0,0
fer0028573.png,4,0,1,4,0,0,0,0,1,0
fer0028574.png,6,0,0,3,0,0,0,0,1,0
fer0028575.png,1,9,0,0,0,0,0,0,0,0
fer0028576.png,3,0,2,0,1,0,0,1,3,0
fer0028577.png,0,1,5,0,0,0,4,0,0,0
fer0028578.png,0,10,0,0,0,0,0,0,0,0
fer0028579.png,0,0,1,1,1,3,0,4,0,0
fer0028580.png,0,0,2,0,1,6,1,0,0,0
fer0028581.png,10,0,0,0,0,0,0,0,0,0
fer0028582.png,0,0,8,0,0,0,0,0,2,0
fer0028583.png,4,0,3,0,2,0,0,0,1,0
fer0028584.png,2,4,0,1,0,0,0,3,0,0
fer0028585.png,0,10,0,0,0,0,0,0,0,0
fer0028586.png,9,0,0,1,0,0,0,0,0,0
fer0028587.png,0,10,0,0,0,0,0,0,0,0
fer0028588.png,1,0,0,0,7,0,0,0,2,0
fer0028589.png,1,0,0,0,9,0,0,0,0,0
fer0028590.png,0,10,0,0,0,0,0,0,0,0
fer0028591.png,1,0,8,0,0,0,1,0,0,0
fer0028592.png,1,0,5,0,0,0,4,0,0,0
fer0028593.png,1,0,1,2,0,0,0,0,6,0
fer0028594.png,0,0,0,9,0,0,1,0,0,0
fer0028595.png,1,0,4,0,0,0,5,0,0,0
fer0028596.png,0,0,9,0,0,0,1,0,0,0
fer0028597.png,1,0,0,0,8,1,0,0,0,0
fer0028598.png,1,8,0,0,0,0,0,0,1,0
fer0028599.png,0,9,1,0,0,0,0,0,0,0
fer0028600.png,0,0,10,0,0,0,0,0,0,0
fer0028601.png,10,0,0,0,0,0,0,0,0,0
fer0028602.png,2,0,0,4,1,0,0,0,3,0
fer0028603.png,7,0,0,2,0,0,0,0,1,0
fer0028604.png,10,0,0,0,0,0,0,0,0,0
fer0028605.png,0,10,0,0,0,0,0,0,0,0
fer0028606.png,4,0,0,0,3,0,0,1,2,0
fer0028607.png,8,0,0,2,0,0,0,0,0,0
fer0028608.png,8,0,0,2,0,0,0,0,0,0
fer0028609.png,6,0,0,4,0,0,0,0,0,0
fer0028610.png,9,0,0,0,0,0,0,0,1,0
fer0028611.png,5,0,0,5,0,0,0,0,0,0
fer0028612.png,1,0,0,8,0,0,0,0,1,0
fer0028613.png,0,10,0,0,0,0,0,0,0,0
fer0028614.png,4,0,0,5,0,0,0,0,1,0
fer0028615.png,5,0,1,0,3,0,0,0,1,0
fer0028616.png,0,10,0,0,0,0,0,0,0,0
fer0028617.png,1,9,0,0,0,0,0,0,0,0
fer0028618.png,1,9,0,0,0,0,0,0,0,0
fer0028619.png,0,2,0,8,0,0,0,0,0,0
fer0028620.png,0,1,2,6,1,0,0,0,0,0
fer0028621.png,2,8,0,0,0,0,0,0,0,0
fer0028622.png,9,0,1,0,0,0,0,0,0,0
fer0028623.png,7,1,0,0,0,0,0,1,1,0
fer0028624.png,5,0,1,0,0,0,1,1,2,0
fer0028625.png,3,0,0,5,0,0,0,2,0,0
fer0028626.png,0,10,0,0,0,0,0,0,0,0
fer0028627.png,0,9,1,0,0,0,0,0,0,0
fer0028628.png,9,1,0,0,0,0,0,0,0,0
fer0028629.png,4,0,0,4,0,0,0,0,2,0
fer0028630.png,2,0,6,0,0,0,1,0,1,0
fer0028631.png,5,0,0,2,3,0,0,0,0,0
fer0028632.png,0,0,10,0,0,0,0,0,0,0
fer0028633.png,0,0,1,0,0,0,9,0,0,0
fer0028634.png,0,0,1,0,9,0,0,0,0,0
fer0028635.png,0,0,1,9,0,0,0,0,0,0
fer0028636.png,5,0,0,1,0,1,0,0,3,0
fer0028637.png,7,0,0,1,1,0,0,0,1,0
